,0,1,2,3,4,5,6,7,8,9,10,11,12,13,14,15,16,17,18,19,20,21,22,23,24,25,26,27,28,29,30,31,32,33,34,35,36,37,38,39,40,41,42,43,44,45,46,47,48,49,50,51,52,53,54,55,56,57,58,59,60,61,62,63,64,65,66,67,68,69,70,71,72,73,74,75,76,77,78,79,80,81,82,83,84,85,86,87,88,89,90,91,92,93,94,95,96,97,98,99,100,101,102,103,104,105,106,107,108,109,110,111,112,113,114,115,116,117,118,119,120,121,122,123,124,125,126,127,128,129,130,131,132,133,134,135,136,137,138,139,140,141,142,143,144,145,146,147,148,149,150,151,152,153,154,155,156,157,158,159,160,161,162,163,164,165,166,167,168,169,170,171,172,173,174,175,176,177,178,179,180,181,182,183,184,185,186,187,188,189,190,191,192,193,194,195,196,197,198,199,200
0,1189,1189,1189,1189,1204,1137,1189,1189,1204,1204,1204,1217,1217,1174,1137,1137,1204,1174,1174,1204,1174,1157,1189,1189,1174,1204,1189,1137,1204,1189,1217,1204,1229,1174,1189,1204,1189,1115,1189,1189,1204,1204,1174,1204,1137,1189,1174,1204,1189,1217,1137,1189,1204,1189,1174,1137,1189,1174,1251,1204,1217,1189,1189,1157,1189,1189,1189,1204,1204,1174,1189,1189,1204,1204,1217,1229,1189,1217,1189,1204,1189,1174,1189,1189,1204,1174,1174,1204,1204,1229,1174,1174,1189,1189,1189,1217,1204,1174,1189,1217,1204,1115,1217,1189,1217,1217,1204,1240,1261,1240,1229,1251,1240,1251,1240,1280,1261,1288,1271,1305,1288,1288,1280,1271,1280,1271,1297,1251,1271,1229,1217,1280,1271,1251,1217,1240,1251,1271,1217,1189,1240,1204,1229,1271,1217,1229,1229,1229,1229,1229,1288,1217,1229,1229,1217,1229,1251,1217,1229,1229,1217,1217,1240,1229,1240,1229,1229,1217,1229,1240,1229,1204,1204,1217,1204,1189,1240,1174,1240,1204,1229,1204,1229,1204,1217,1217,1174,1204,1204,1189,1204,1204,1204,1189,1204,1204,1189,1204,1174,1189,1204
1,1189,1204,1204,1157,1189,1137,1204,1189,1217,1204,1217,1217,1217,1174,1204,1204,1217,1189,1204,1229,1217,1137,1189,1189,1217,1174,1204,1189,1157,1137,1240,1204,1204,1229,1204,1204,1204,1189,1204,1204,1229,1189,1137,1204,1157,1204,1189,1157,1157,1229,1189,1217,1189,1157,1204,1157,1157,1229,1217,1204,1157,1217,1157,1217,1157,1137,1157,1204,1204,1189,1189,1229,1204,1189,1204,1217,1157,1137,1189,1189,1240,1204,1137,1204,1204,1137,1204,1204,1229,1189,1137,1137,1174,1189,1217,1204,1204,1204,1189,1204,1204,1137,1204,1240,1204,1240,1204,1204,1251,1229,1288,1229,1288,1240,1271,1297,1297,1288,1280,1280,1251,1312,1297,1280,1305,1305,1288,1305,1229,1240,1229,1251,1229,1261,1240,1261,1217,1229,1217,1240,1229,1229,1204,1261,1217,1251,1251,1229,1240,1240,1251,1229,1229,1229,1189,1229,1229,1240,1229,1240,1280,1217,1229,1217,1251,1251,1271,1217,1240,1240,1240,1229,1251,1261,1229,1229,1204,1204,1229,1217,1217,1204,1229,1204,1217,1204,1217,1189,1229,1229,1217,1204,1189,1189,1217,1217,1204,1229,1174,1204,1189
2,1204,1174,1174,1189,1204,1157,1217,1189,1217,1189,1189,1174,1217,1174,1204,1217,1204,1189,1174,1204,1229,1157,1204,1217,1217,1174,1204,1174,1137,1157,1229,1189,1217,1204,1189,1204,1217,1189,1157,1174,1217,1204,1189,1204,1137,1217,1204,1157,1157,1204,1229,1204,1204,1157,1174,1157,1137,1217,1204,1217,1174,1204,1189,1217,1157,1189,1157,1204,1115,1189,1229,1217,1217,1204,1217,1217,1189,1157,1115,1217,1229,1204,1189,1204,1189,1217,1204,1204,1229,1204,1137,1137,1204,1204,1217,1229,1189,1217,1189,1204,1204,1174,1204,1204,1204,1229,1189,1240,1229,1217,1251,1229,1261,1251,1240,1288,1288,1271,1280,1305,1280,1288,1288,1288,1297,1288,1288,1271,1251,1251,1217,1251,1251,1271,1240,1261,1271,1288,1271,1261,1261,1229,1229,1240,1251,1229,1229,1229,1240,1271,1251,1204,1240,1261,1204,1229,1280,1240,1251,1240,1229,1229,1229,1240,1251,1251,1240,1229,1229,1251,1240,1251,1251,1217,1229,1217,1229,1229,1229,1217,1204,1229,1251,1204,1229,1217,1204,1217,1204,1217,1204,1229,1189,1204,1240,1204,1115,1217,1174,1189,1204
3,1189,1189,1189,1189,1204,1157,1174,1204,1174,1189,1204,1189,1189,1174,1174,1137,1189,1174,1137,1204,1189,0,1157,1157,1229,1189,1204,1189,1157,1137,1229,1189,1204,1204,1157,1251,1189,1174,1189,1204,1204,1204,1204,1204,1189,1189,1157,1229,1137,1189,1204,1189,1217,1204,1204,1189,1157,1204,1204,1157,1189,1189,1189,1189,1137,1174,1217,1189,1189,1204,1204,1189,1204,1204,1229,1204,1189,1189,1217,1204,1204,1189,1174,1204,1189,1217,1204,1217,1229,1217,1137,1115,1240,1217,1217,1137,1217,1217,1137,1217,1229,1157,1240,1204,1189,1229,1204,1240,1251,1229,1229,1229,1229,1240,1271,1251,1288,1271,1288,1305,1288,1305,1305,1251,1297,1261,1305,1288,1271,1251,1240,1261,1288,1271,1229,1251,1240,1217,1251,1251,1229,1229,1229,1251,1217,1204,1217,1229,1229,1240,1240,1229,1229,1240,1217,1229,1240,1261,1217,1251,1217,1229,1217,1261,1251,1229,1189,1261,1251,1217,1240,1229,1251,1229,1229,1217,1204,1189,1229,1189,1217,1217,1229,1204,1204,1189,1229,1204,1204,1204,1217,1189,1204,1157,1229,1204,1229,1189,1189,1229,1189
4,1204,1217,1204,1204,1204,1137,1174,1204,1204,1204,1189,1204,1217,1189,1189,1189,1217,1189,1137,1229,1204,1157,1189,1189,1157,1189,1217,1157,1204,1204,1204,1217,1217,1204,1157,1204,1204,1137,1137,1217,1204,1189,1189,1217,1157,1204,1157,1204,1157,1217,1204,1217,1204,1157,1157,1137,1217,1217,1157,1204,1204,1217,1157,1229,1157,1189,1217,1189,1157,1189,1204,1229,1217,1189,1204,1189,1157,1157,1157,1157,1189,1229,1189,1204,1204,1217,1204,1217,1240,1229,1204,1189,1204,1157,1240,1157,1204,1204,1157,1240,1229,1204,1229,1240,1217,1229,1217,1229,1229,1217,1261,1217,1280,1280,1251,1305,1288,1305,1229,1271,1280,1305,1305,1312,1305,1305,1297,1280,1297,1288,1240,1288,1288,1251,1261,1280,1288,1251,1261,1204,1229,1229,1240,1271,1217,1229,1217,1229,1229,1229,1251,1217,1229,1204,1229,1229,1261,1251,1261,1240,1229,1229,1261,1261,1229,1251,1229,1240,1229,1251,1229,1251,1204,1217,1240,1229,1229,1217,1229,1217,1229,1217,1229,1229,1217,1204,1137,1204,1229,1217,1217,1189,1189,1157,1204,1157,1229,1217,1229,1189,1288
5,1189,1204,1204,1217,1204,1157,1217,1217,1204,1229,1204,1189,1204,1189,1204,1204,1204,1204,1189,1217,1204,1137,1204,1189,1217,1204,1204,1189,1189,1204,1229,1229,1217,1204,1157,1189,1217,1204,1204,1229,1189,1204,1189,1189,1204,1217,1204,1189,1157,1204,1204,1204,1204,1189,1204,1157,1189,1204,1229,1174,1157,1204,1204,1229,1204,1204,1217,1217,1204,1217,1217,1240,1204,1204,1240,1217,1157,1204,1217,1204,1189,1204,1217,1217,1217,1229,1204,1204,1229,1204,1204,1204,1240,1217,1204,1217,1217,1204,1204,1251,1251,1204,1229,1240,1204,1229,1229,1261,1271,1229,1271,1271,1280,1271,1297,1288,1305,1305,1280,1327,1320,1312,1305,1305,1320,1288,1320,1280,1280,1261,1312,1288,1271,1251,1229,1288,1271,1251,1251,1240,1240,1217,1251,1240,1240,1251,1229,1251,1217,1280,1240,1261,1251,1229,1297,1271,1261,1251,1261,1251,1251,1240,1261,1251,1288,1280,1229,1229,1229,1271,1229,1240,1271,1251,1240,1217,1217,1217,1229,1251,1229,1204,1229,1251,1217,1217,1189,1204,1217,1229,1229,1204,1189,1204,1204,1189,1204,1217,1189,1189,1217
6,1189,1204,1137,1204,1204,1157,1204,1240,1189,1240,1204,1157,1157,1204,1189,1217,1204,1217,1189,1204,1217,1189,1204,1204,1189,1204,1189,1189,1157,1157,1217,1204,1229,1217,1204,1189,1189,1189,1204,1229,1217,1217,1157,1217,1189,1204,1137,1157,1189,1217,1189,1157,1204,1157,1157,1204,1157,1204,1204,1217,1217,1189,1229,1229,1217,1204,1217,1204,1204,1204,1204,1204,1229,1204,1229,1229,1204,1217,1137,1204,1229,1157,1157,1271,1217,1217,1189,1229,1240,1189,1157,1204,1217,1217,1251,1217,1204,1189,1217,1251,1217,1189,1240,1261,1251,1240,1240,1240,1251,1261,1280,1251,1251,1271,1271,1261,1288,1305,1288,1280,1305,1312,1312,1288,1312,1320,1297,1288,1288,1261,1288,1288,1288,1240,1280,1261,1261,1261,1240,1251,1217,1229,1240,1251,1251,1251,1240,1229,1240,1271,1251,1229,1251,1251,1240,1240,1229,1240,1261,1261,1251,1251,1240,1271,1240,1240,1251,1217,1229,1240,1240,1251,1229,1229,1204,1204,1217,1229,1204,1229,1251,1204,1240,1229,1217,1204,1229,1204,1217,1229,1217,1204,1204,1217,1217,1229,1204,1217,1157,1174,1204
7,1204,1189,1174,1174,1204,0,1137,1204,1204,1174,1189,1204,1174,1174,1174,1174,1217,1174,1189,1229,1174,0,1204,1189,1204,1204,1189,1174,1189,1174,1217,1189,1189,1174,1189,1174,1189,1174,1157,1204,1204,1204,1189,1189,1137,1189,1204,1174,1204,1217,1137,1204,1189,1189,1204,0,1174,1174,1240,1217,1204,1217,1174,1217,1204,1189,1204,1174,1174,1174,1204,1189,1189,1189,1204,1204,1204,1174,1204,1189,1204,1204,1174,1204,1157,1217,1189,1217,1204,1217,1137,1174,1204,1240,1240,1217,1217,1217,1204,1261,1229,1204,1261,1229,1217,1261,1217,1240,1271,1240,1240,1261,1251,1271,1280,1288,1280,1288,1261,1305,1305,1312,1288,1320,1305,1297,1297,1288,1305,1251,1280,1288,1288,1261,1271,1251,1288,1229,1204,1217,1229,1229,1229,1229,1204,1240,1229,1217,1229,1261,1217,1271,1229,1217,1229,1229,1229,1251,1217,1261,1189,1240,1240,1261,1251,1240,1204,1204,1204,1229,1271,1217,1217,1251,1217,1204,1204,1189,1204,1217,1217,1204,1217,1217,1240,1204,1174,1217,1204,1189,1229,1204,1189,1189,1189,1204,1174,1229,1217,1204,1204
8,1204,1189,1157,1189,1204,1157,1204,1229,1157,1157,1217,1204,1204,1204,1189,1157,1204,1157,1137,1217,1204,1137,1204,1189,1174,1189,1204,1137,1189,1189,1217,1229,1217,1204,1157,1157,1204,1189,1217,1229,1229,1204,1157,1251,1157,1217,1157,1189,1137,1189,1204,1204,1189,1204,1204,1157,1204,1157,1229,1189,1204,1189,1189,1204,1137,1204,1204,1204,1189,1189,1204,1204,1204,1189,1240,1157,1157,1217,1157,1204,1157,1157,1189,1204,1204,1189,1204,1217,1229,1251,1157,1204,1229,1240,1204,1204,1189,1229,1204,1251,1251,1229,1251,1240,1240,1251,1251,1251,1288,1261,1288,1251,1280,1229,1261,1305,1280,1288,1271,1327,1288,1312,1305,1288,1305,1305,1305,1251,1251,1288,1251,1297,1271,1251,1261,1240,1229,1229,1217,1261,1229,1229,1251,1280,1240,1217,1240,1189,1229,1261,1229,1229,1271,1240,1217,1271,1271,1240,1261,1240,1229,1229,1280,1240,1251,1229,1229,1229,1240,1251,1240,1240,1251,1229,1229,1217,1229,1174,1229,1229,1204,1217,1217,1229,1217,1229,1217,1217,1204,1217,1229,1189,1204,1204,1217,1189,1189,1229,1204,1204,1217
9,1189,1137,1204,1189,1217,0,1189,1240,1217,1229,1204,1229,1189,1189,1217,1217,1189,1204,1204,1204,1217,1157,1217,1204,1217,1204,1204,1137,1157,1157,1251,1229,1217,1217,1204,1189,1189,1204,1189,1229,1204,1204,1204,1217,1229,1229,1229,1189,1204,1217,1217,1229,1204,1204,1217,1204,1157,1217,1204,1189,1157,1204,1204,1204,1157,1189,1189,1217,1204,1204,1204,1217,1229,1217,1229,1217,1137,1204,1189,1217,1217,1189,1204,1204,1229,1229,1229,1240,1229,1229,1217,1217,1217,1240,1240,1229,1240,1229,1217,1271,1251,1217,1261,1288,1240,1251,1251,1261,1271,1271,1251,1288,1288,1305,1261,1305,1288,1312,1288,1312,1320,1312,1334,1312,1288,1288,1312,1288,1305,1288,1297,1297,1305,1271,1229,1305,1251,1261,1229,1280,1261,1229,1261,1288,1240,1271,1229,1217,1240,1271,1271,1217,1251,1240,1251,1229,1251,1240,1240,1251,1217,1229,1271,1251,1261,1280,1240,1251,1240,1261,1229,1229,1229,1229,1240,1217,1229,1217,1229,1229,1217,1204,1240,1217,1217,1217,1229,1204,1229,1204,1217,1217,1217,1204,1240,1217,1204,1229,1189,1217,1217
10,1217,1157,1137,1189,1204,1137,1174,1204,1229,1204,1204,1217,1157,1204,1157,1229,1204,1204,1189,1204,1204,1174,1189,1204,1204,1189,1204,1137,1157,1157,1229,1217,1217,1204,1157,1204,1204,1157,1204,1204,1189,1204,1157,1157,1157,1189,1157,1189,1217,1204,1189,1204,1204,1189,1189,1189,1157,1217,1204,1204,1217,1174,1157,1229,1204,1189,1204,1204,1137,1204,1189,1217,1217,1204,1229,1189,1157,1189,1189,1204,1217,1137,1204,1204,1189,1240,1189,1204,1217,1204,1240,1229,1240,1240,1240,1251,1229,1229,1229,1261,1261,1217,1271,1261,1261,1297,1261,1280,1261,1251,1261,1280,1271,1251,1288,1305,1312,1320,1288,1320,1297,1320,1320,1297,1305,1305,1320,1280,1305,1280,1280,1288,1261,1261,1261,1280,1271,1280,1229,1240,1251,1217,1229,1271,1240,1240,1229,1217,1240,1261,1240,1229,1229,1217,1261,1251,1288,1229,1271,1261,1204,1240,1229,1240,1261,1271,1217,1251,1251,1251,1261,1229,1271,1229,1204,1229,1240,1217,1229,1229,1240,1240,1217,1217,1240,1204,1189,1204,1204,1229,1204,1204,1189,1229,1217,1189,1204,1229,1204,1189,1217
11,1204,1189,1137,1189,1204,1137,1174,1189,1217,1204,1217,1189,1204,1189,1189,1189,1229,1204,1137,1204,1204,1157,1157,1204,1217,1204,1189,1204,1137,1157,1251,1204,1204,1189,1157,1204,1217,1217,1204,1217,1189,1157,1157,1217,1157,1189,1204,1157,1189,1217,1189,1204,1204,1189,1204,1157,1189,1204,1204,1189,1157,1204,1189,1240,1189,1189,1204,1204,1189,1189,1189,1229,1189,1204,1204,1204,1204,1189,1189,1204,1204,1229,1204,1204,1217,1229,1217,1204,1240,1229,1217,1217,1240,1217,1251,1251,1217,1240,1240,1261,1261,1261,1240,1261,1280,1280,1297,1271,1297,1280,1261,1288,1297,1288,1280,1305,1297,1320,1288,1312,1320,1327,1320,1305,1288,1305,1305,1280,1280,1280,1271,1297,1297,1271,1240,1288,1251,1229,1229,1280,1251,1229,1229,1261,1240,1280,1229,1229,1204,1240,1240,1229,1280,1251,1229,1240,1280,1271,1261,1240,1229,1271,1229,1251,1271,1251,1204,1240,1251,1251,1261,1217,1240,1204,1217,1240,1240,1204,1240,1229,1217,1204,1251,1217,1217,1189,1229,1229,1204,1217,1229,1204,1204,1204,1229,1229,1204,1229,1217,1204,1204
12,1217,1137,1204,1189,1189,1204,1174,1204,1204,1217,1204,1174,1189,1174,1204,1189,1217,1204,1174,1204,1229,1189,1174,1204,1204,1204,1204,1174,1174,1137,1240,1204,1204,1204,1157,1157,1137,1174,1174,1217,1189,1189,1174,1204,1189,1229,1137,1137,1157,1189,1189,1189,1204,1189,1204,1174,1204,1204,1204,1189,1137,1217,1204,1229,1137,1174,1174,1189,1137,1189,1204,1189,1217,1204,1217,1189,1204,1174,1189,1204,1229,1189,1189,1189,1204,1217,1189,1204,1229,1204,1157,1240,1261,1229,1251,1251,1251,1240,1240,1261,1280,1240,1251,1271,1271,1261,1271,1280,1305,1271,1261,1261,1305,1288,1288,1288,1312,1280,1288,1327,1305,1312,1320,1320,1305,1305,1288,1280,1288,1280,1261,1297,1261,1251,1240,1251,1240,1251,1251,1229,1229,1271,1251,1251,1261,1240,1251,1271,1229,1240,1240,1240,1240,1217,1240,1217,1240,1251,1251,1271,1189,1229,1251,1240,1271,1271,1240,1229,1261,1251,1217,1229,1217,1217,1229,1204,1204,1189,1229,1229,1217,1204,1240,1217,1217,1204,1229,1217,1217,1204,1204,1189,1204,1189,1204,1204,1189,1189,1174,1189,1204
13,1204,1189,1189,1229,1189,1189,1204,1204,1229,1204,1217,1204,1217,1204,1229,1204,1229,1204,1157,1204,1204,1115,1189,1204,1189,1204,1189,1189,1204,1189,1229,1229,1217,1189,1157,1229,1189,1157,1204,1217,1204,1217,1204,1229,1204,1204,1189,1204,1189,1229,1204,1217,1217,1204,1189,1137,1157,1229,1217,1204,1157,1189,1204,1229,1189,1204,1217,1157,1189,1189,1217,1229,1240,1204,1217,1217,1204,1157,1157,1229,1229,1204,1204,1240,1240,1251,1229,1217,1240,1204,1229,1240,1229,1251,1240,1251,1251,1280,1251,1271,1305,1280,1288,1280,1271,1271,1288,1297,1305,1305,1320,1297,1320,1312,1288,1320,1312,1327,1320,1305,1305,1320,1320,1334,1305,1305,1271,1288,1305,1261,1271,1305,1312,1251,1271,1297,1271,1251,1229,1240,1251,1229,1271,1271,1271,1240,1261,1251,1240,1297,1251,1229,1280,1240,1217,1261,1261,1251,1297,1261,1251,1288,1280,1261,1261,1288,1229,1271,1251,1271,1251,1271,1229,1217,1251,1240,1204,1204,1229,1240,1229,1217,1261,1229,1240,1204,1217,1217,1240,1157,1229,1204,1204,1217,1217,1217,1189,1217,1217,1217,1204
14,1204,1204,1174,1217,1204,1137,1189,1204,1204,1204,1204,1157,1229,1229,1174,1229,1204,1189,1189,1204,1217,1137,1204,1189,1189,1189,1157,1157,1204,1189,1217,1217,1217,1204,1137,1217,1204,1189,1204,1204,1189,1204,1204,1217,1189,1204,1204,1204,1217,1217,1137,1217,1204,1204,1204,1157,1217,1189,1204,1204,1174,1204,1157,1240,1157,1204,1204,1157,1189,1189,1189,1204,1204,1217,1204,1204,1157,1204,1157,1189,1174,1204,1157,1204,1217,1229,1204,1240,1229,1229,1229,1240,1251,1261,1271,1271,1240,1251,1297,1312,1288,1251,1288,1305,1288,1297,1305,1320,1312,1334,1312,1297,1312,1305,1320,1312,1312,1320,1320,1334,1312,1305,1320,1312,1305,1297,1305,1320,1297,1305,1288,1305,1305,1271,1280,1288,1229,1240,1280,1261,1271,1251,1297,1288,1240,1271,1240,1280,1240,1251,1271,1229,1251,1251,1217,1229,1240,1261,1251,1288,1251,1229,1229,1240,1271,1240,1251,1240,1251,1271,1251,1229,1229,1217,1189,1157,1229,1217,1204,1229,1217,1217,1229,1204,1251,1229,1229,1217,1229,1229,1204,1217,1157,1189,1204,1217,1189,1204,1217,1204,1240
15,1204,1174,1157,1157,1204,1137,1174,1204,1189,1217,1204,1189,1189,1189,1137,1204,1217,1157,1137,1204,1189,1137,1157,1189,1189,1189,1189,1157,1137,1157,1229,1204,1217,1204,1204,1157,1204,1189,1204,1204,1189,1204,1189,1229,1204,1157,1189,1217,1217,1217,1157,1204,1189,1189,1217,1204,1189,1217,1217,1204,1137,1229,1217,1204,1189,1204,1189,1157,1189,1204,1204,1217,1229,1204,1217,1204,1157,1204,1189,1217,1217,1204,1189,1217,1240,1204,1229,1251,1229,1229,1240,1251,1271,1240,1288,1271,1251,1305,1288,1261,1305,1280,1288,1288,1305,1305,1288,1288,1312,1320,1320,1312,1305,1297,1320,1320,1312,1305,1297,1320,1320,1305,1312,1320,1312,1312,1305,1271,1297,1305,1280,1312,1280,1312,1305,1280,1297,1271,1251,1297,1288,1271,1229,1288,1229,1251,1251,1251,1251,1288,1251,1240,1271,1240,1240,1229,1251,1288,1271,1240,1217,1229,1251,1271,1271,1240,1251,1217,1271,1240,1217,1251,1251,1229,1217,1204,1229,1229,1217,1204,1204,1204,1229,1204,1204,1189,1240,1204,1240,1229,1229,1204,1189,1204,1204,1217,1229,1217,1204,1217,1217
16,1204,1189,1204,1204,1157,0,1189,1204,1217,1204,1204,1217,1204,1157,1204,1217,1204,1217,1189,1217,1204,1137,1189,1204,1204,1204,1204,1157,1174,1204,1217,1229,1217,1204,1189,1204,1189,1189,1204,1189,1217,1217,1157,1204,1189,1204,1174,1137,1189,1204,1217,1217,1204,1157,1217,1204,1189,1217,1204,1204,1189,1157,1189,1229,1240,1157,1251,1204,1204,1204,1189,1217,1229,1204,1251,1217,1204,1229,1137,1229,1229,1229,1204,1240,1240,1261,1229,1229,1271,1251,1217,1229,1271,1271,1288,1271,1261,1305,1288,1327,1305,1288,1288,1312,1297,1305,1334,1305,1320,1340,1334,1305,1288,1288,1297,1320,1297,1297,1312,1305,1320,1312,1327,1320,1297,1305,1297,1288,1288,1305,1288,1305,1312,1271,1271,1334,1288,1288,1261,1288,1288,1288,1240,1297,1288,1271,1280,1297,1288,1288,1305,1217,1251,1229,1251,1288,1288,1251,1251,1271,1251,1288,1261,1261,1271,1271,1229,1229,1261,1261,1251,1271,1261,1251,1229,1229,1204,1204,1229,1204,1229,1240,1229,1229,1240,1229,1217,1251,1229,1240,1240,1189,1204,1229,1217,1217,1229,1229,1189,1189,1229
17,1189,1189,1204,1174,1189,1189,1189,1204,1174,1204,1174,1189,1217,1174,1174,1204,1217,1204,1137,1189,1189,1137,1189,1189,1174,1204,1204,1137,1174,1204,1217,1204,1204,1204,1137,1174,1174,1174,1174,1174,1189,1189,1137,1204,1174,1217,1204,1189,1204,1189,1189,1204,1204,1204,1189,1137,1204,1189,1189,1137,1204,1174,1204,1204,1174,1174,1174,1189,1137,1189,1137,1229,1204,1204,1217,1204,1174,1189,1174,1204,1204,1174,1174,1229,1240,1229,1229,1204,1251,1240,1240,1271,1251,1251,1251,1280,1271,1297,1261,1288,1305,1271,1320,1312,1297,1288,1297,1297,1320,1297,1320,1305,1320,1280,1312,1312,1320,1297,1288,1280,1312,1305,1288,1320,1305,1320,1288,1271,1288,1288,1305,1320,1320,1297,1297,1288,1280,1261,1280,1261,1271,1288,1305,1288,1280,1305,1229,1280,1271,1280,1271,1251,1288,1240,1229,1229,1240,1271,1240,1251,1280,1280,1229,1240,1280,1280,1240,1240,1229,1217,1229,1240,1229,1229,1240,1204,1204,1204,1174,1204,1204,1174,1217,1217,1217,1189,1261,1240,1204,1217,1204,1174,1174,1204,1189,1189,1174,1204,1174,1229,1217
18,1204,1174,1174,1157,1189,1189,1137,1204,1204,1204,1157,1204,1137,1189,1137,1189,1217,1157,1157,1189,1204,1137,1137,1157,1189,1204,1189,1157,1174,1204,1229,1204,1217,1189,1189,1157,1204,1174,1204,1204,1204,1157,1137,1204,1189,1189,1217,1157,1204,1204,1189,1217,1229,1189,1229,1157,1204,1217,1229,1189,1157,1189,1204,1204,1137,1217,1189,1204,1137,1204,1189,1217,1204,1204,1240,1204,1157,1189,1204,1217,1204,1240,1204,1217,1229,1271,1251,1251,1297,1261,1229,1280,1261,1305,1297,1297,1297,1280,1280,1305,1312,1305,1320,1312,1305,1312,1312,1312,1334,1334,1334,1312,1288,1320,1305,1280,1305,1297,1288,1297,1297,1305,1320,1305,1320,1297,1297,1271,1305,1312,1297,1320,1320,1280,1312,1312,1312,1280,1280,1305,1297,1297,1271,1288,1305,1261,1288,1288,1261,1288,1288,1280,1240,1261,1240,1251,1288,1240,1271,1271,1240,1261,1240,1240,1251,1251,1229,1280,1229,1271,1280,1261,1261,1271,1240,1229,1204,1204,1204,1204,1217,1217,1229,1217,1217,1204,1240,1189,1217,1204,1229,1204,1189,1204,1229,1189,1217,1204,1204,1204,1157
19,1204,1229,1174,1204,1189,1157,1174,1189,1189,1217,1204,1157,1157,1137,1157,1204,1204,1204,1189,1204,1174,1137,1217,1240,1189,1204,1204,1157,1157,1204,1217,1204,1204,1204,1157,1189,1204,1204,1217,1204,1217,1204,1204,1217,1189,1204,1217,1217,1189,1217,1189,1204,1189,1189,1229,1137,1157,1204,1204,1204,1204,1204,1189,1217,1157,1157,1229,1217,1189,1204,1204,1204,1229,1204,1217,1189,1204,1189,1137,1229,1229,1229,1204,1229,1251,1251,1240,1229,1288,1280,1251,1271,1288,1280,1305,1288,1305,1312,1305,1312,1305,1288,1305,1297,1305,1312,1305,1320,1327,1320,1320,1320,1320,1320,1312,1312,1280,1288,1297,1288,1297,1312,1305,1320,1320,1320,1327,1312,1305,1297,1297,1320,1327,1334,1320,1288,1297,1312,1288,1280,1288,1288,1312,1288,1280,1297,1288,1297,1288,1271,1297,1261,1297,1240,1261,1251,1271,1271,1240,1251,1240,1251,1261,1271,1288,1261,1240,1251,1280,1261,1251,1217,1229,1261,1217,1204,1217,1217,1229,1204,1204,1204,1229,1204,1204,1204,1217,1204,1229,1251,1251,1229,1204,1189,1217,1217,1157,1217,1189,1189,1217
20,1204,1204,1189,1189,1204,1137,1204,1217,1204,1204,1217,1204,1189,1229,1189,1204,1189,1204,1189,1174,1204,0,1204,1189,1189,1157,1204,1137,1137,1204,1217,1217,1229,1204,1174,1157,1189,1204,1204,1189,1204,1157,1204,1204,1189,1217,1204,1217,1189,1204,1204,1229,1229,1204,1217,1137,1204,1189,1204,1157,1189,1189,1204,1217,1189,1189,1157,1204,1157,1217,1217,1204,1217,1217,1229,1217,1204,1189,1217,1229,1240,1229,1240,1261,1280,1271,1280,1288,1305,1280,1271,1280,1271,1251,1305,1312,1312,1327,1320,1297,1320,1288,1312,1320,1327,1320,1312,1334,1340,1334,1340,1320,1327,1327,1305,1312,1305,1305,1297,1297,1312,1334,1320,1312,1297,1334,1297,1305,1288,1312,1305,1312,1327,1320,1327,1320,1297,1320,1288,1288,1312,1305,1288,1312,1288,1297,1261,1297,1288,1271,1305,1305,1297,1251,1240,1271,1280,1271,1271,1251,1271,1251,1288,1251,1280,1261,1217,1217,1229,1261,1271,1217,1251,1251,1217,1217,1229,1217,1217,1189,1204,1204,1217,1229,1217,1217,1229,1229,1229,1204,1217,1204,1229,1204,1229,1204,1229,1217,1157,1189,1217
21,1157,1189,1157,1204,1157,1189,1157,1189,1204,1217,1229,1204,1229,1189,1189,1204,1204,1204,1137,1204,1217,1115,1204,1217,1204,1217,1204,1204,1204,1189,1229,1217,1217,1217,1189,1229,1229,1204,1229,1229,1189,1204,1189,1229,1157,1204,1157,1157,1189,1204,1157,1204,1189,1204,1217,1157,1189,1204,1204,1204,1204,1189,1189,1217,1204,1189,1204,1217,1204,1204,1204,1217,1204,1217,1271,1217,1204,1204,1189,1229,1229,1229,1251,1240,1261,1271,1271,1297,1288,1280,1288,1312,1320,1305,1305,1320,1288,1340,1312,1320,1334,1320,1334,1320,1334,1340,1320,1327,1347,1320,1340,1334,1334,1327,1320,1327,1320,1312,1327,1305,1271,1305,1288,1320,1288,1297,1320,1312,1327,1280,1305,1327,1305,1327,1312,1320,1297,1305,1312,1305,1320,1288,1312,1297,1288,1288,1297,1271,1305,1297,1297,1320,1288,1271,1229,1271,1280,1280,1251,1271,1229,1271,1280,1271,1271,1251,1251,1271,1251,1229,1240,1229,1229,1240,1204,1204,1229,1217,1217,1204,1217,1204,1229,1204,1217,1217,1204,1217,1229,1217,1217,1229,1229,1217,1229,1229,1217,1217,1157,1189,1229
22,1217,1174,1189,1204,1204,1189,1157,1204,1204,1204,1240,1217,1157,1204,1204,1189,1204,1189,1157,1229,1204,1137,1189,1157,1204,1204,1174,1157,1157,1137,1217,1217,1204,1217,1189,1189,1174,1189,1189,1189,1217,1204,1204,1204,1157,1204,1189,1157,1204,1204,1189,1204,1204,1157,1204,1189,1189,1217,1217,1189,1189,1229,1204,1229,1204,1157,1137,1204,1204,1189,1204,1229,1204,1204,1240,1217,1204,1229,1157,1217,1229,1229,1240,1251,1251,1251,1297,1288,1288,1288,1288,1297,1312,1305,1327,1334,1320,1334,1305,1320,1334,1327,1327,1320,1327,1320,1334,1334,1320,1327,1347,1327,1334,1320,1305,1312,1327,1312,1288,1320,1312,1320,1320,1320,1312,1320,1305,1320,1320,1320,1297,1327,1340,1320,1312,1340,1297,1297,1288,1312,1320,1305,1305,1297,1305,1312,1288,1312,1305,1305,1305,1288,1305,1271,1280,1261,1271,1261,1297,1280,1261,1271,1271,1251,1271,1261,1288,1229,1261,1280,1261,1251,1271,1229,1240,1217,1229,1204,1240,1204,1204,1204,1229,1217,1217,1189,1229,1229,1240,1204,1217,1217,1229,1204,1217,1217,1204,1240,1204,1229,1204
23,1189,1204,1174,1204,1204,1189,1229,1204,1204,1189,1217,1174,1137,1137,1229,1217,1217,1204,1189,1189,1217,1115,1189,1189,1174,1157,1204,1174,1189,1189,1217,1229,1217,1174,1137,1229,1217,1137,1204,1240,1189,1204,1189,1229,1137,1204,1189,1157,1204,1217,1189,1229,1204,1157,1204,0,1174,1189,1204,1189,1189,1204,1157,1217,1189,1189,1157,1189,1189,1217,1189,1204,1229,1217,1251,1217,1229,1217,1204,1217,1240,1204,1229,1251,1271,1288,1297,1305,1305,1312,1280,1305,1327,1305,1327,1327,1327,1340,1320,1327,1320,1312,1320,1312,1347,1334,1327,1340,1327,1327,1340,1327,1320,1327,1320,1334,1297,1334,1312,1320,1305,1320,1320,1312,1288,1312,1340,1334,1312,1312,1312,1327,1327,1312,1340,1340,1320,1312,1288,1305,1327,1320,1320,1305,1288,1312,1288,1280,1297,1297,1312,1288,1312,1312,1280,1271,1280,1280,1271,1271,1251,1261,1240,1251,1240,1288,1240,1251,1240,1280,1271,1240,1251,1271,1229,1204,1217,1204,1204,1189,1204,1189,1217,1204,1204,1204,1189,1217,1229,1217,1189,1229,1217,1204,1204,1204,1217,1217,1157,1204,1229
24,1204,1217,1189,1204,1204,1157,1174,1204,1217,1229,1217,1217,1137,1189,1204,1189,1204,1217,1157,1137,1157,1157,1204,1204,1204,1189,1189,1137,1137,1157,1204,1217,1204,1229,1137,1217,1189,1204,1217,1204,1204,1204,1174,1204,1137,1204,1204,1217,1204,1189,1189,1204,1229,1157,1189,1137,1204,1229,1204,1204,1157,1204,1157,1217,1204,1174,1174,1204,1157,1189,1204,1217,1251,1204,1217,1189,1189,1204,1217,1229,1261,1251,1229,1271,1271,1280,1297,1312,1312,1297,1312,1320,1327,1334,1320,1334,1334,1365,1327,1340,1320,1327,1334,1327,1340,1347,1347,1334,1334,1320,1334,1340,1327,1312,1320,1327,1327,1327,1305,1327,1320,1312,1305,1320,1327,1334,1312,1334,1312,1334,1312,1340,1327,1334,1340,1327,1312,1305,1312,1305,1320,1305,1305,1305,1320,1320,1297,1271,1288,1305,1320,1305,1334,1312,1305,1261,1288,1271,1261,1271,1251,1271,1217,1271,1280,1271,1271,1229,1288,1271,1251,1240,1271,1229,1229,1204,1217,1189,1217,1204,1229,1204,1204,1229,1229,1217,1174,1204,1229,1229,1204,1217,1204,1204,1229,1204,1189,1240,1174,1251,1157
25,1204,1137,1204,1204,1204,1157,1204,1174,1204,1189,1204,1204,1189,1204,1137,1189,1204,1204,1157,1204,1204,1137,1189,1204,1204,1174,1157,1137,1157,1189,1229,1189,1204,1204,1137,1189,1217,1189,1204,1204,1204,1229,1229,1189,1157,1189,1189,1204,1189,1204,1204,1217,1204,1189,1157,1189,1157,1189,1217,1204,1157,1204,1137,1204,1189,1217,1204,1204,1217,1189,1229,1204,1229,1217,1240,1204,1204,1229,1229,1240,1271,1240,1312,1240,1305,1288,1280,1305,1320,1305,1320,1327,1327,1334,1353,1347,1340,1340,1334,1340,1327,1327,1320,1327,1347,1347,1334,1305,1340,1305,1347,1320,1320,1327,1334,1334,1334,1320,1297,1320,1305,1320,1305,1312,1327,1320,1327,1320,1312,1320,1327,1340,1320,1320,1320,1347,1320,1312,1305,1312,1305,1288,1305,1312,1305,1312,1288,1305,1297,1312,1320,1305,1305,1305,1240,1288,1305,1261,1271,1288,1229,1240,1271,1251,1261,1288,1229,1271,1271,1280,1261,1261,1280,1229,1261,1204,1229,1217,1217,1204,1240,1204,1217,1204,1217,1204,1189,1217,1217,1217,1217,1204,1217,1240,1229,1204,1204,1217,1174,1229,1229
26,1204,1204,1204,1137,1204,1115,1137,1204,1204,1189,1217,1189,1189,1157,1229,1204,1217,1174,1189,1157,1217,1115,1157,1204,1189,1157,1189,1157,1137,1189,1240,1204,1229,1217,1157,1204,1204,1189,1204,1204,1217,1189,1157,1217,1189,1189,1157,1204,1189,1229,1157,1204,1217,1189,1204,1204,1189,1204,1204,1189,1137,1229,1204,1217,1174,1204,1204,1217,1261,1204,1204,1204,1240,1217,1229,1261,1229,1217,1229,1251,1271,1251,1240,1305,1288,1288,1305,1334,1334,1340,1320,1320,1320,1334,1359,1320,1347,1353,1353,1347,1359,1327,1327,1327,1334,1334,1334,1334,1320,1327,1312,1312,1334,1320,1320,1334,1340,1347,1297,1334,1320,1327,1320,1320,1305,1305,1334,1334,1334,1334,1312,1334,1340,1320,1327,1347,1327,1320,1327,1312,1312,1305,1288,1305,1305,1305,1305,1297,1312,1320,1327,1297,1320,1297,1288,1271,1280,1280,1261,1240,1251,1251,1229,1251,1271,1271,1240,1261,1251,1280,1251,1251,1229,1271,1261,1204,1204,1204,1217,1204,1204,1204,1217,1204,1229,1204,1204,1217,1217,1240,1217,1204,1189,1204,1240,1189,1204,1261,1157,1189,1240
27,1204,1137,1204,1189,1204,1137,1137,1204,1229,1157,1189,1204,1204,1157,1189,1189,1204,1189,1157,1229,1204,1137,1189,1217,1204,1189,1189,1157,1137,1137,1217,1229,1229,1189,1137,1189,1217,1157,1189,1204,1157,1204,1204,1189,1157,1217,1217,1189,1137,1204,1189,1204,1189,1204,1204,1137,1189,1204,1217,1229,1204,1204,1204,1217,1157,1189,1204,1204,1204,1217,1217,1204,1251,1217,1240,1240,1204,1251,1229,1305,1271,1288,1240,1280,1288,1320,1320,1327,1312,1340,1334,1320,1340,1347,1347,1334,1334,1347,1340,1347,1353,1334,1347,1327,1320,1340,1327,1327,1320,1312,1340,1312,1327,1334,1334,1347,1320,1334,1320,1327,1312,1327,1320,1327,1312,1320,1334,1320,1320,1320,1327,1320,1327,1327,1320,1327,1305,1327,1280,1312,1288,1305,1280,1297,1297,1297,1297,1312,1288,1312,1327,1297,1320,1312,1271,1280,1305,1261,1261,1251,1229,1251,1251,1261,1261,1297,1229,1261,1280,1271,1251,1271,1251,1271,1251,1229,1229,1217,1217,1204,1204,1137,1204,1204,1229,1229,1217,1229,1240,1204,1229,1217,1217,1217,1240,1240,1204,1240,1204,1204,1229
28,1174,1174,1174,1174,1174,1189,1189,1189,1189,1204,1189,1189,1204,1174,1174,1204,1204,1189,1189,1189,1204,1137,1189,1204,1174,1174,1204,1174,1174,1174,1204,1189,1204,1217,1204,1204,1189,1189,1174,1204,1189,1174,1174,1189,1157,1189,1189,1204,1137,1204,1189,1189,1204,1189,1204,1189,1137,1204,1204,1115,1189,1204,1189,1217,1204,1204,1229,1204,1217,1189,1251,1229,1261,1261,1261,1229,1229,1217,1251,1240,1271,1288,1261,1288,1297,1305,1334,1334,1347,1334,1334,1334,1347,1327,1340,1359,1347,1340,1334,1353,1365,1334,1353,1353,1320,1347,1312,1327,1340,1312,1327,1305,1327,1347,1320,1340,1334,1334,1327,1334,1327,1327,1334,1305,1305,1320,1305,1353,1334,1334,1320,1340,1340,1320,1312,1334,1320,1297,1312,1280,1305,1280,1280,1305,1271,1305,1288,1297,1288,1297,1312,1288,1320,1297,1280,1297,1288,1271,1261,1229,1240,1240,1261,1251,1251,1261,1288,1261,1271,1251,1271,1305,1271,1229,1229,1217,1217,1229,1240,1204,1240,1204,1217,1217,1189,1174,1204,1217,1229,1217,1240,1204,1217,1189,1229,1217,1204,1217,1204,1204,1217
29,1204,1189,1189,1217,1189,1204,1157,1204,1217,1204,1217,1189,1204,1204,1189,1204,1229,1217,1189,1204,1204,1137,1217,1157,1204,1204,1229,1204,1137,1189,1251,1204,1189,1189,1204,1157,1204,1204,1204,1251,1217,1229,1189,1229,1189,1217,1189,1189,1229,1217,1204,1240,1204,1204,1204,1189,1217,1217,1229,1204,1204,1217,1204,1229,1229,1217,1217,1229,1229,1229,1217,1229,1261,1240,1261,1271,1271,1240,1261,1288,1288,1297,1305,1320,1334,1327,1312,1347,1340,1347,1347,1340,1347,1340,1347,1353,1347,1365,1347,1359,1334,1340,1340,1340,1340,1347,1334,1320,1327,1320,1327,1312,1334,1312,1327,1327,1340,1353,1347,1320,1334,1327,1334,1327,1320,1327,1340,1334,1334,1334,1347,1347,1327,1334,1320,1334,1320,1312,1320,1312,1320,1261,1288,1305,1288,1312,1297,1297,1288,1312,1305,1305,1320,1312,1288,1297,1305,1288,1271,1251,1251,1240,1240,1271,1280,1251,1240,1251,1288,1288,1251,1288,1271,1251,1251,1204,1229,1189,1229,1217,1229,1189,1240,1204,1229,1217,1251,1229,1229,1204,1229,1217,1240,1204,1229,1240,1217,1204,1229,1217,1229
30,1204,1204,1174,1157,1204,1137,1174,1189,1229,1204,1189,1204,1137,1189,1204,1204,1204,1189,1174,1229,1189,0,1189,1157,1189,1189,1189,1229,1174,1189,1217,1204,1189,1174,1157,1189,1157,1204,1189,1189,1204,1204,1137,1204,1204,1204,1157,1204,1189,1204,1189,1204,1157,1189,1189,1189,1157,1217,1204,1189,1174,1174,1204,1204,1157,1204,1204,1204,1174,1229,1288,1240,1240,1229,1261,1251,1271,1271,1240,1271,1288,1288,1271,1320,1312,1327,1334,1347,1340,1340,1359,1334,1353,1340,1359,1365,1347,1347,1334,1353,1347,1347,1334,1320,1312,1334,1312,1340,1327,1305,1320,1312,1327,1320,1347,1340,1340,1340,1327,1340,1334,1340,1334,1327,1320,1320,1334,1334,1334,1327,1327,1347,1334,1327,1320,1320,1320,1288,1320,1297,1288,1288,1305,1297,1288,1305,1305,1251,1305,1305,1297,1280,1312,1271,1280,1297,1288,1280,1297,1271,1229,1251,1240,1271,1261,1271,1261,1251,1288,1288,1251,1280,1288,1271,1251,1229,1229,1204,1229,1189,1240,1189,1217,1204,1174,1189,1204,1204,1217,1217,1217,1229,1204,1204,1251,1229,1189,1217,1204,1217,1217
31,1217,1189,1137,1189,1204,1115,1137,1174,1204,1229,1189,1204,1189,1189,1189,1204,1204,1204,1189,1189,1174,1137,1217,1174,1204,1174,1229,1137,1189,1174,1229,1204,1204,1189,1189,1217,1189,1204,1217,1174,1189,1189,1174,1217,1137,1204,1189,1137,1137,1204,1189,1189,1229,1174,1189,1204,1204,1217,1204,1189,1204,1189,1137,1204,1204,1217,1189,1204,1229,1204,1240,1240,1261,1271,1271,1251,1280,1251,1261,1305,1297,1305,1305,1320,1327,1347,1340,1353,1353,1327,1353,1353,1353,1353,1347,1340,1347,1365,1347,1359,1347,1340,1340,1340,1327,1340,1312,1320,1327,1320,1320,1334,1327,1305,1327,1353,1353,1347,1340,1334,1347,1359,1327,1334,1334,1347,1353,1340,1340,1327,1340,1347,1334,1327,1327,1305,1312,1305,1271,1288,1288,1271,1288,1280,1271,1297,1297,1271,1271,1305,1288,1271,1297,1288,1240,1288,1305,1288,1280,1261,1251,1229,1240,1240,1229,1251,1271,1261,1271,1280,1251,1271,1229,1261,1240,1229,1229,1229,1251,1204,1217,1217,1204,1204,1240,1217,1204,1229,1229,1217,1204,1229,1251,1204,1229,1174,1174,1251,1204,1204,1229
32,1204,1174,1204,1189,1217,1157,1229,1217,1157,1204,1204,1189,1137,1157,1204,1189,1204,1204,1157,1217,1204,1137,1157,1204,1189,1137,1204,1137,1157,1189,1229,1217,1189,1229,1137,1204,1189,1204,1204,1204,1157,1229,1204,1204,1204,1204,1204,1204,1217,1189,1157,1157,1204,1189,1189,1157,1189,1217,1229,1217,1189,1217,1204,1204,1204,1204,1189,1229,1217,1229,1271,1261,1271,1297,1305,1271,1271,1271,1288,1312,1334,1312,1327,1334,1340,1334,1353,1370,1340,1347,1353,1353,1353,1340,1370,1340,1359,1359,1353,1347,1347,1347,1347,1334,1320,1334,1347,1305,1334,1320,1327,1320,1327,1327,1340,1359,1347,1347,1327,1347,1327,1370,1359,1365,1347,1359,1334,1340,1347,1359,1334,1347,1347,1312,1327,1334,1305,1312,1288,1305,1280,1305,1271,1305,1280,1288,1288,1280,1305,1305,1297,1271,1288,1280,1271,1297,1288,1280,1251,1271,1240,1240,1240,1251,1297,1271,1251,1271,1251,1288,1280,1312,1271,1280,1261,1229,1229,1217,1229,1217,1204,1217,1217,1229,1251,1204,1217,1217,1251,1204,1217,1204,1217,1204,1261,1217,1229,1217,1229,1204,1204
33,1217,1189,1189,1189,1217,1137,1189,1204,1229,1217,1240,1240,1157,1157,1157,1229,1204,1204,1157,1189,1217,1157,1217,1204,1217,1204,1204,1157,1137,1189,1240,1189,1189,1217,1137,1204,1217,1157,1204,1271,1204,1217,1217,1229,1204,1229,1204,1189,1204,1229,1189,1189,1204,1204,1204,1204,1189,1240,1204,1204,1204,1204,1189,1240,1204,1204,1229,1240,1217,1240,1261,1271,1251,1288,1297,1305,1312,1297,1288,1305,1334,1312,1312,1347,1327,1347,1347,1347,1347,1365,1353,1347,1347,1353,1347,1347,1359,1353,1353,1359,1359,1340,1334,1334,1347,1327,1305,1327,1320,1334,1327,1320,1320,1327,1340,1347,1359,1353,1347,1353,1359,1359,1365,1353,1353,1359,1359,1340,1340,1347,1340,1327,1334,1327,1347,1305,1320,1297,1305,1251,1271,1251,1271,1305,1251,1288,1297,1305,1271,1271,1271,1271,1305,1280,1280,1271,1271,1280,1288,1288,1229,1271,1240,1251,1288,1251,1271,1288,1261,1280,1288,1288,1288,1280,1261,1240,1251,1229,1229,1251,1204,1204,1229,1217,1229,1204,1204,1217,1251,1217,1229,1229,1217,1204,1229,1261,1204,1217,1204,1217,1251
34,1189,1189,1189,1189,1189,1137,1174,1204,1189,1229,1204,1217,1157,1157,1157,1229,1217,1217,1157,1204,1204,1174,1204,1204,1204,1204,1157,1204,1189,1217,1217,1217,1217,1204,1157,1189,1137,1115,1217,1157,1204,1204,1157,1204,1189,1204,1189,1174,1157,1204,1189,1204,1229,1204,1217,1137,1157,1217,1204,1204,1189,1189,1217,1229,1204,1189,1229,1217,1240,1217,1271,1288,1288,1312,1305,1312,1312,1334,1327,1320,1320,1334,1320,1347,1334,1353,1353,1359,1359,1353,1365,1340,1334,1347,1359,1347,1327,1359,1347,1347,1365,1347,1359,1320,1347,1340,1334,1334,1320,1320,1340,1347,1334,1334,1334,1353,1365,1365,1353,1365,1365,1359,1365,1347,1347,1353,1359,1365,1334,1347,1327,1327,1340,1320,1312,1305,1297,1297,1312,1271,1297,1251,1271,1288,1280,1297,1297,1305,1305,1261,1280,1271,1288,1251,1271,1251,1305,1271,1271,1297,1280,1240,1271,1261,1271,1288,1271,1271,1271,1280,1288,1297,1305,1271,1251,1229,1229,1204,1229,1217,1229,1189,1217,1240,1240,1229,1229,1229,1251,1240,1251,1217,1240,1204,1229,1240,1204,1229,1204,1204,1251
35,1157,1157,1204,1137,1204,1157,1174,1189,1157,1204,1229,1229,1137,1204,1157,1204,1229,1204,1157,1204,1229,0,1204,1204,1204,1189,1189,1157,1189,1157,1229,1217,1204,1189,1204,1204,1204,1189,1204,1204,1204,1217,1137,1229,1204,1204,1204,1157,1157,1229,1189,1204,1204,1189,1189,1189,1229,1189,1229,1204,1137,1204,1204,1251,1217,1189,1240,1229,1240,1261,1288,1251,1305,1288,1327,1334,1320,1305,1320,1320,1327,1327,1334,1327,1347,1353,1353,1359,1334,1340,1347,1347,1340,1359,1340,1347,1334,1340,1347,1347,1347,1334,1347,1327,1334,1359,1327,1347,1340,1320,1334,1334,1334,1334,1320,1365,1370,1359,1365,1376,1370,1359,1376,1365,1347,1347,1359,1347,1347,1347,1327,1347,1334,1334,1305,1327,1297,1280,1271,1280,1280,1271,1251,1297,1240,1288,1288,1288,1288,1288,1288,1297,1288,1271,1240,1240,1280,1288,1271,1288,1271,1271,1271,1271,1288,1288,1251,1271,1261,1288,1305,1288,1288,1297,1251,1251,1229,1240,1229,1229,1240,1217,1229,1217,1240,1204,1204,1229,1204,1251,1229,1229,1251,1217,1261,1251,1204,1229,1204,1229,1217
36,1251,1204,1189,1189,1204,1115,1204,1189,1217,1217,1204,1189,1157,1189,1204,1229,1217,1217,1137,1204,1229,1189,1217,1204,1229,1217,1217,1204,1157,1189,1217,1240,1217,1204,1157,1189,1189,1189,1204,1157,1204,1217,1157,1204,1189,1204,1204,1189,1157,1217,1204,1229,1204,1137,1229,1157,1217,1204,1204,1204,1189,1217,1204,1229,1229,1229,1240,1229,1271,1261,1261,1280,1297,1320,1320,1305,1327,1327,1334,1347,1340,1340,1347,1359,1359,1353,1353,1353,1353,1347,1359,1347,1347,1353,1347,1347,1327,1347,1327,1347,1353,1359,1370,1334,1359,1347,1340,1353,1347,1334,1353,1359,1353,1353,1347,1365,1370,1359,1359,1376,1370,1370,1370,1370,1359,1376,1359,1359,1347,1359,1359,1334,1320,1327,1347,1320,1305,1297,1312,1297,1280,1280,1297,1297,1261,1288,1271,1271,1288,1297,1288,1271,1280,1251,1288,1251,1261,1297,1288,1280,1251,1251,1305,1288,1297,1288,1271,1271,1280,1305,1320,1297,1305,1288,1271,1251,1251,1240,1229,1229,1217,1204,1229,1217,1240,1229,1229,1229,1229,1229,1217,1229,1229,1240,1240,1229,1217,1217,1217,1240,1229
37,1204,1189,1137,1189,1204,0,1174,1204,1189,1217,1229,1204,1174,1157,1189,1217,1217,1157,1157,1204,1204,0,1204,1157,1157,1217,1217,1157,1157,1189,1229,1217,1217,1217,1217,1204,1204,1189,1229,1217,1204,1271,1137,1189,1204,1189,1189,1189,1204,1229,1174,1217,1204,1204,1204,1157,1204,1204,1229,1204,1204,1217,1229,1229,1204,1229,1251,1229,1271,1240,1297,1297,1305,1305,1305,1312,1334,1347,1334,1340,1327,1334,1353,1359,1359,1353,1359,1381,1340,1359,1334,1347,1347,1320,1347,1353,1353,1353,1347,1340,1353,1340,1353,1347,1347,1359,1334,1334,1359,1340,1347,1359,1340,1359,1353,1359,1365,1347,1381,1370,1365,1370,1376,1370,1381,1370,1365,1359,1376,1340,1334,1359,1320,1312,1334,1312,1297,1305,1271,1288,1305,1288,1217,1280,1251,1261,1271,1251,1280,1251,1288,1280,1305,1271,1261,1271,1261,1251,1271,1251,1271,1271,1305,1288,1297,1297,1280,1271,1297,1312,1297,1271,1305,1288,1271,1229,1229,1261,1261,1217,1240,1251,1251,1204,1251,1229,1217,1240,1229,1217,1217,1229,1217,1217,1229,1229,1240,1229,1157,1229,1251
38,1204,1189,1204,1204,1204,1137,1157,1204,1204,1204,1204,1204,1157,1189,1204,1189,1217,1189,1174,1189,1217,1157,1189,1189,1204,1157,1157,1137,1204,1189,1229,1217,1217,1204,1157,1157,1217,1204,1204,1217,1157,1217,1204,1217,1189,1229,1217,1137,1229,1189,1157,1240,1204,1204,1204,1204,1157,1204,1229,1217,1217,1217,1229,1240,1229,1251,1229,1271,1229,1261,1280,1297,1312,1320,1327,1320,1334,1320,1327,1340,1353,1359,1359,1365,1365,1353,1353,1370,1347,1340,1340,1340,1353,1334,1347,1334,1347,1334,1340,1347,1370,1353,1365,1365,1347,1365,1353,1347,1353,1340,1353,1353,1370,1353,1365,1359,1370,1370,1359,1376,1370,1381,1381,1392,1370,1381,1387,1353,1365,1347,1327,1340,1340,1320,1312,1312,1312,1288,1288,1305,1297,1251,1261,1312,1280,1280,1271,1251,1288,1280,1271,1271,1288,1251,1229,1251,1280,1280,1271,1261,1240,1305,1297,1288,1305,1312,1312,1288,1280,1288,1288,1288,1305,1261,1288,1229,1229,1261,1240,1204,1229,1229,1217,1251,1240,1204,1229,1229,1217,1217,1217,1217,1217,1204,1240,1229,1217,1229,1229,1229,1217
39,1189,1217,1204,1157,1204,1157,1174,1189,1157,1189,1189,1204,1204,1137,1217,1204,1204,1189,1157,1189,1189,0,1157,1189,1204,1229,1157,1174,1157,1157,1229,1204,1189,1189,1189,1204,1189,1189,1217,1157,1189,1204,1137,1204,1157,1229,1204,1204,1157,1189,1157,1204,1174,1157,1204,1157,1217,1189,1189,1229,1189,1217,1189,1240,1229,1229,1251,1271,1261,1312,1297,1312,1288,1312,1320,1305,1334,1320,1340,1347,1353,1353,1347,1359,1365,1376,1353,1359,1347,1340,1347,1334,1340,1340,1347,1340,1347,1359,1327,1334,1347,1353,1353,1347,1347,1359,1370,1370,1370,1347,1359,1359,1334,1353,1359,1365,1370,1376,1381,1359,1376,1392,1376,1365,1381,1370,1381,1365,1347,1347,1347,1340,1340,1334,1320,1312,1297,1297,1280,1280,1305,1288,1271,1280,1271,1251,1271,1261,1280,1288,1261,1251,1251,1229,1261,1261,1280,1261,1271,1240,1204,1288,1280,1261,1288,1297,1261,1271,1288,1288,1288,1312,1297,1251,1297,1271,1280,1204,1217,1217,1229,1240,1229,1204,1261,1204,1217,1229,1229,1217,1240,1217,1217,1217,1229,1217,1229,1229,1240,1204,1217
40,1204,1204,1189,1189,1189,1157,1204,1217,1217,1189,1189,1217,1204,1189,1157,1217,1217,1157,1137,1204,1189,1157,1204,1189,1217,1157,1229,1157,1189,1204,1251,1204,1217,1204,1157,1189,1204,1204,1189,1189,1157,1204,1157,1217,1137,1204,1204,1217,1189,1229,1157,1189,1229,1204,1189,1189,1204,1229,1240,1204,1229,1229,1229,1229,1217,1229,1280,1271,1288,1320,1288,1305,1320,1327,1334,1334,1334,1340,1353,1347,1347,1365,1359,1376,1347,1365,1340,1359,1353,1340,1334,1347,1347,1320,1353,1340,1347,1340,1340,1370,1365,1353,1340,1347,1359,1353,1370,1353,1370,1365,1381,1376,1381,1370,1370,1387,1376,1370,1381,1397,1376,1392,1387,1381,1365,1387,1370,1370,1347,1353,1334,1347,1320,1334,1340,1305,1312,1280,1280,1288,1297,1288,1251,1288,1251,1261,1271,1271,1271,1288,1305,1251,1271,1251,1240,1251,1251,1288,1261,1288,1229,1251,1305,1288,1312,1305,1297,1297,1288,1288,1251,1288,1288,1288,1297,1240,1217,1240,1251,1217,1217,1217,1229,1251,1229,1217,1217,1251,1229,1204,1204,1229,1204,1204,1240,1229,1189,1229,1240,1204,1229
41,1189,1189,1189,1204,1229,1137,1204,1157,1204,1204,1229,1157,1189,1189,1189,1204,1204,1189,1115,1204,1189,1137,1189,1157,1189,1189,1217,1157,1204,1137,1229,1189,1217,1204,1189,1189,1204,1189,1217,1204,1157,1204,1157,1217,1204,1204,1204,1157,1204,1204,1204,1229,1217,1137,1157,1204,1189,1189,1229,1204,1204,1204,1229,1240,1229,1251,1280,1271,1297,1280,1297,1305,1312,1305,1320,1327,1334,1320,1334,1353,1365,1359,1347,1365,1365,1353,1359,1365,1347,1340,1347,1340,1340,1327,1327,1347,1340,1347,1353,1359,1370,1353,1347,1365,1359,1381,1365,1370,1365,1381,1381,1387,1376,1370,1376,1381,1381,1381,1376,1381,1397,1376,1387,1387,1381,1402,1376,1370,1353,1359,1347,1359,1334,1327,1327,1305,1320,1297,1271,1288,1271,1288,1251,1288,1280,1261,1271,1229,1271,1288,1271,1271,1271,1251,1240,1240,1271,1251,1229,1240,1251,1251,1288,1297,1280,1280,1271,1280,1288,1297,1305,1271,1305,1271,1288,1229,1251,1229,1217,1229,1229,1229,1240,1229,1240,1229,1240,1229,1229,1240,1204,1189,1204,1204,1240,1251,1217,1251,1204,1204,1217
42,1189,1189,1189,1189,1204,1137,1204,1217,1204,1217,1189,1189,1174,1174,1189,1189,1217,1204,1174,1204,1189,1137,1174,1189,1204,1204,1217,1137,1189,1189,1217,1229,1204,1189,1137,1189,1204,1174,1157,1189,1189,1204,1137,1217,1157,1204,1189,1189,1137,1217,1229,1174,1204,1189,1189,1189,1189,1217,1229,1204,1204,1217,1204,1229,1251,1271,1271,1280,1280,1297,1320,1305,1312,1334,1347,1340,1305,1334,1334,1347,1353,1359,1359,1359,1370,1370,1359,1359,1334,1340,1334,1347,1353,1327,1334,1334,1320,1359,1347,1359,1376,1359,1376,1359,1365,1392,1376,1381,1392,1370,1381,1392,1376,1397,1370,1397,1392,1392,1387,1392,1381,1387,1392,1392,1387,1381,1376,1365,1381,1359,1340,1340,1327,1334,1327,1305,1312,1288,1261,1261,1261,1288,1312,1271,1288,1297,1261,1251,1271,1288,1288,1280,1251,1251,1251,1271,1217,1240,1251,1251,1251,1280,1261,1280,1305,1297,1288,1297,1280,1305,1271,1280,1305,1280,1240,1240,1261,1217,1217,1251,1240,1229,1240,1261,1240,1229,1217,1204,1229,1204,1217,1204,1204,1204,1189,1229,1217,1261,1217,1204,1204
43,1204,1189,1174,1189,1204,1137,1204,1204,1189,1204,1204,1204,1204,1189,1174,1204,1189,1204,1157,1204,1204,1137,1189,1137,1189,1204,1189,1189,1217,1189,1229,1229,1204,1174,1157,1189,1204,1217,1204,1204,1204,1189,1189,1217,1137,1217,1157,1157,1204,1204,1174,1204,1217,1204,1217,1189,1157,1204,1204,1157,1204,1229,1217,1229,1271,1240,1240,1280,1271,1297,1305,1305,1340,1305,1334,1340,1334,1334,1340,1340,1359,1359,1365,1365,1381,1370,1370,1365,1359,1359,1347,1347,1340,1340,1334,1340,1347,1365,1334,1370,1376,1370,1370,1376,1376,1381,1381,1376,1387,1381,1387,1387,1397,1376,1365,1387,1402,1387,1387,1392,1397,1402,1392,1387,1387,1397,1392,1392,1365,1370,1334,1347,1334,1320,1320,1312,1297,1312,1297,1305,1288,1297,1320,1305,1305,1305,1288,1271,1288,1271,1305,1297,1261,1271,1261,1251,1271,1240,1271,1251,1251,1271,1297,1251,1320,1312,1288,1288,1271,1280,1305,1297,1288,1288,1271,1251,1271,1251,1229,1229,1229,1240,1251,1251,1217,1217,1240,1217,1251,1229,1204,1217,1229,1189,1229,1229,1217,1217,1217,1189,1229
44,1204,1204,1157,1157,1189,1137,1204,1204,1217,1157,1204,1204,1217,1174,1157,1189,1217,1189,1137,1204,1189,1137,1137,1204,1189,1189,1189,1157,1157,1174,1251,1204,1229,1217,1189,1217,1204,1189,1217,1204,1204,1189,1157,1204,1157,1189,1157,1204,1157,1204,1137,1240,1189,1204,1157,1189,1204,1217,1204,1189,1217,1229,1189,1240,1217,1261,1240,1251,1297,1305,1297,1312,1334,1327,1353,1347,1334,1347,1340,1359,1353,1370,1359,1370,1381,1365,1365,1376,1347,1359,1347,1353,1340,1353,1359,1347,1334,1353,1365,1359,1370,1370,1370,1376,1392,1381,1376,1392,1392,1387,1402,1392,1402,1402,1402,1407,1397,1397,1397,1402,1402,1397,1387,1402,1381,1387,1411,1387,1370,1370,1347,1347,1353,1334,1334,1320,1334,1312,1320,1305,1327,1280,1340,1312,1334,1320,1271,1288,1251,1280,1280,1297,1288,1271,1251,1240,1271,1280,1251,1297,1251,1305,1288,1288,1280,1288,1288,1297,1305,1305,1280,1280,1305,1288,1271,1288,1271,1261,1229,1229,1229,1251,1240,1271,1240,1217,1217,1217,1261,1204,1217,1217,1204,1229,1240,1229,1204,1261,1204,1217,1204
45,1204,1204,1189,1189,1204,1137,1204,1204,1204,1229,1204,1204,1157,1217,1157,1229,1217,1204,1204,1204,1204,1157,1204,1217,1204,1217,1189,1157,1157,1157,1240,1217,1204,1217,1204,1157,1204,1204,1217,1204,1204,1229,1189,1217,1157,1217,1157,1137,1204,1217,1189,1189,1204,1189,1204,1204,1189,1204,1229,1229,1189,1229,1229,1280,1229,1280,1261,1320,1305,1320,1327,1320,1327,1347,1347,1334,1347,1365,1359,1347,1353,1370,1347,1370,1381,1359,1381,1370,1365,1347,1347,1359,1347,1353,1359,1340,1353,1376,1376,1370,1381,1370,1387,1376,1381,1402,1387,1392,1392,1381,1402,1402,1402,1402,1407,1407,1402,1397,1397,1407,1397,1392,1397,1392,1392,1392,1402,1387,1381,1381,1359,1381,1359,1334,1340,1334,1320,1327,1320,1327,1320,1305,1320,1320,1312,1312,1288,1288,1312,1288,1297,1305,1271,1288,1251,1271,1288,1271,1251,1288,1271,1280,1288,1271,1288,1305,1288,1297,1305,1288,1271,1305,1251,1261,1297,1240,1280,1261,1271,1271,1240,1240,1240,1240,1251,1229,1204,1229,1240,1229,1240,1217,1204,1229,1217,1240,1217,1251,1204,1240,1240
46,1217,1157,1204,1189,1217,1189,1204,1229,1204,1204,1217,1189,1204,1189,1189,1217,1204,1189,1157,1189,1204,1189,1189,1229,1204,1189,1204,1137,1189,1204,1229,1204,1204,1229,1217,1204,1217,1204,1204,1204,1217,1204,1189,1217,1189,1217,1174,1157,1157,1217,1217,1240,1204,1204,1189,1204,1204,1189,1217,1217,1229,1204,1217,1229,1229,1271,1280,1251,1297,1320,1320,1320,1327,1334,1347,1347,1365,1359,1340,1353,1359,1365,1359,1381,1387,1387,1370,1370,1370,1365,1359,1365,1359,1347,1365,1370,1359,1381,1370,1392,1392,1387,1381,1387,1407,1397,1392,1402,1411,1407,1407,1402,1402,1411,1416,1402,1407,1407,1407,1397,1392,1407,1407,1402,1392,1387,1392,1402,1387,1381,1359,1370,1376,1334,1334,1320,1312,1320,1327,1320,1312,1305,1320,1340,1320,1334,1320,1297,1261,1305,1288,1297,1297,1261,1271,1271,1251,1261,1261,1251,1240,1305,1271,1288,1305,1288,1271,1271,1288,1297,1280,1305,1271,1280,1251,1271,1280,1229,1229,1240,1240,1217,1240,1240,1240,1204,1204,1261,1240,1229,1217,1204,1217,1229,1251,1204,1229,1217,1157,1204,1240
47,1204,1204,1189,1157,1189,1137,1204,1204,1189,1204,1189,1189,1189,1189,1157,1204,1204,1189,1189,1204,1204,1137,1204,1204,1204,1157,1204,1189,1189,1189,1217,1240,1204,1204,1204,1204,1189,1204,1157,1189,1204,1229,1217,1217,1189,1204,1189,1137,1204,1204,1189,1204,1217,1204,1229,1157,1204,1261,1204,1217,1217,1157,1217,1261,1229,1261,1271,1320,1305,1305,1320,1312,1340,1334,1347,1334,1347,1359,1359,1334,1359,1370,1340,1370,1376,1397,1381,1376,1370,1370,1376,1370,1370,1353,1370,1365,1376,1370,1376,1381,1392,1381,1397,1407,1397,1392,1387,1402,1407,1416,1397,1416,1411,1411,1397,1402,1416,1411,1392,1402,1407,1397,1407,1416,1402,1392,1392,1392,1392,1392,1381,1387,1359,1347,1347,1347,1334,1334,1320,1334,1334,1327,1340,1347,1320,1334,1288,1312,1305,1305,1320,1271,1305,1305,1261,1271,1271,1280,1288,1261,1271,1261,1261,1280,1297,1305,1271,1320,1280,1297,1288,1280,1297,1280,1261,1271,1261,1229,1240,1217,1229,1229,1271,1240,1251,1204,1271,1229,1271,1229,1217,1189,1189,1189,1229,1229,1204,1229,1217,1217,1229
48,1204,1137,1189,1217,1157,1137,1189,1204,1229,1189,1189,1204,1204,1204,1189,1229,1217,1204,1204,1204,1204,1157,1204,1157,1174,1204,1217,1137,1157,1157,1217,1217,1229,1240,1204,1204,1204,1189,1204,1204,1204,1204,1157,1217,1157,1217,1189,1189,1189,1204,1204,1229,1229,1204,1189,1157,1217,1240,1229,1217,1204,1240,1217,1261,1217,1271,1271,1271,1297,1312,1297,1327,1334,1347,1340,1347,1347,1353,1340,1359,1370,1365,1365,1365,1381,1381,1376,1392,1381,1381,1376,1370,1365,1387,1370,1370,1365,1381,1381,1376,1387,1381,1392,1402,1402,1416,1407,1411,1411,1411,1407,1421,1411,1392,1402,1407,1411,1402,1411,1402,1407,1402,1411,1411,1416,1387,1402,1381,1407,1392,1365,1365,1353,1353,1347,1334,1327,1347,1340,1334,1327,1340,1347,1327,1334,1320,1334,1334,1297,1305,1312,1288,1320,1297,1288,1305,1297,1261,1271,1288,1261,1280,1288,1305,1305,1320,1288,1261,1271,1280,1280,1288,1261,1271,1288,1229,1229,1251,1251,1297,1240,1229,1240,1240,1251,1204,1240,1251,1251,1229,1229,1174,1204,1229,1229,1189,1217,1229,1204,1240,1240
49,1189,1204,1189,1137,1189,1137,1189,1189,1204,1229,1217,1204,1157,1157,1189,1204,1217,1157,1204,1229,1189,1204,1189,1204,1189,1189,1217,1137,1157,1157,1251,1204,1189,1217,1189,1204,1189,1189,1204,1189,1204,1204,1204,1204,1137,1204,1217,1204,1217,1204,1217,1229,1204,1189,1229,1189,1229,1229,1217,1204,1217,1204,1217,1229,1261,1261,1297,1271,1297,1312,1327,1312,1327,1327,1353,1359,1340,1353,1347,1365,1370,1353,1376,1376,1370,1376,1387,1387,1392,1365,1365,1376,1381,1376,1376,1381,1392,1397,1387,1397,1392,1397,1407,1402,1421,1411,1411,1411,1421,1407,1407,1429,1407,1402,1411,1411,1425,1416,1397,1407,1421,1407,1402,1411,1407,1397,1407,1381,1402,1397,1397,1387,1381,1365,1353,1347,1340,1334,1334,1359,1359,1334,1347,1353,1320,1327,1312,1305,1334,1320,1312,1297,1312,1312,1320,1288,1305,1320,1280,1261,1288,1305,1320,1271,1271,1320,1288,1288,1280,1288,1271,1297,1288,1240,1229,1251,1261,1229,1251,1251,1240,1251,1229,1229,1229,1217,1251,1217,1217,1229,1251,1229,1204,1204,1217,1229,1240,1229,1204,1240,1217
50,1204,1204,1157,1204,1217,1137,1174,1189,1189,1204,1189,1189,1204,1137,1204,1189,1217,1217,1137,1174,1189,1137,1204,1189,1204,1204,1204,1137,1137,1204,1229,1204,1204,1217,1137,1204,1229,1204,1189,1204,1189,1217,1157,1204,1189,1204,1217,1217,1189,1204,1204,1240,1217,1204,1217,1204,1240,1229,1240,1240,1204,1217,1229,1240,1251,1240,1261,1251,1288,1305,1312,1347,1353,1334,1340,1359,1340,1353,1370,1359,1359,1370,1365,1376,1387,1376,1381,1392,1387,1387,1392,1392,1370,1387,1387,1387,1370,1397,1387,1392,1402,1402,1402,1402,1411,1421,1416,1411,1425,1429,1421,1416,1425,1407,1402,1425,1421,1411,1397,1392,1407,1425,1402,1397,1416,1421,1411,1407,1397,1397,1381,1381,1381,1370,1370,1370,1359,1359,1340,1334,1347,1353,1359,1353,1347,1359,1327,1305,1334,1312,1320,1305,1312,1280,1297,1297,1288,1288,1288,1288,1251,1271,1288,1288,1280,1280,1240,1280,1280,1288,1288,1271,1240,1251,1251,1229,1251,1240,1240,1229,1229,1251,1261,1251,1240,1251,1240,1251,1251,1229,1229,1217,1204,1229,1240,1217,1204,1251,1204,1217,1217
51,1189,1204,1189,1204,1240,1137,1174,1217,1217,1204,1204,1217,1204,1157,1157,1189,1217,1217,1189,1217,1217,1137,1189,1204,1217,1189,1189,1157,1189,1189,1240,1217,1217,1204,1157,1217,1217,1157,1204,1204,1204,1204,1217,1204,1157,1217,1137,1189,1189,1217,1157,1217,1217,1189,1189,1189,1217,1217,1229,1229,1217,1229,1229,1280,1240,1229,1280,1251,1297,1305,1320,1340,1340,1340,1347,1359,1353,1359,1353,1370,1370,1376,1359,1381,1392,1392,1392,1387,1381,1381,1387,1387,1392,1381,1397,1387,1397,1397,1392,1407,1402,1402,1402,1416,1421,1416,1416,1411,1429,1416,1425,1425,1425,1425,1416,1425,1421,1402,1402,1411,1425,1407,1411,1402,1402,1421,1402,1392,1411,1397,1392,1376,1397,1365,1387,1392,1353,1340,1347,1353,1353,1370,1359,1365,1359,1334,1334,1334,1334,1305,1327,1320,1334,1320,1305,1297,1305,1288,1280,1271,1251,1271,1297,1288,1320,1305,1271,1271,1271,1297,1271,1280,1280,1251,1288,1229,1251,1251,1229,1217,1251,1229,1251,1240,1229,1240,1261,1240,1240,1229,1251,1204,1204,1251,1229,1217,1217,1251,1217,1240,1240
52,1204,1204,1137,1204,1217,1189,1204,1229,1204,1204,1204,1189,1189,1189,1204,1204,1229,1204,1189,1217,1217,1137,1204,1189,1204,1204,1204,1204,1157,1137,1229,1204,1204,1229,1204,1157,1229,1204,1189,1229,1229,1204,1217,1229,1204,1204,1137,1217,1204,1204,1204,1229,1204,1229,1229,1217,1240,1229,1229,1217,1229,1229,1229,1240,1229,1229,1280,1320,1320,1312,1327,1312,1340,1327,1359,1359,1347,1365,1370,1381,1370,1359,1370,1376,1376,1381,1392,1387,1387,1387,1387,1381,1376,1392,1392,1381,1392,1402,1397,1407,1416,1411,1411,1416,1407,1407,1411,1416,1421,1411,1434,1429,1421,1416,1416,1429,1421,1429,1425,1411,1407,1411,1421,1407,1407,1402,1402,1402,1416,1392,1387,1392,1387,1376,1381,1376,1365,1370,1353,1359,1359,1340,1359,1370,1381,1381,1347,1340,1353,1327,1353,1305,1320,1305,1320,1305,1347,1305,1312,1305,1271,1229,1288,1297,1288,1297,1271,1251,1271,1280,1240,1251,1297,1240,1251,1229,1240,1240,1240,1229,1251,1240,1240,1240,1271,1229,1229,1251,1251,1229,1229,1204,1204,1217,1251,1204,1217,1240,1229,1251,1229
53,1204,1204,1189,1137,1217,1204,1229,1204,1251,1240,1204,1189,1137,1204,1204,1204,1217,1204,1204,1217,1189,1137,1189,1204,1189,1204,1189,1137,1157,1204,1229,1204,1229,1229,1137,1229,1217,1204,1157,1229,1204,1204,1189,1204,1204,1217,1217,1204,1157,1217,1189,1229,1217,1204,1229,1157,1217,1229,1217,1229,1204,1240,1251,1271,1251,1288,1271,1280,1320,1320,1340,1334,1347,1347,1334,1353,1353,1353,1376,1376,1359,1381,1370,1381,1392,1392,1402,1397,1392,1402,1387,1392,1387,1402,1416,1397,1407,1402,1407,1392,1416,1421,1421,1416,1411,1429,1434,1429,1429,1421,1434,1429,1429,1425,1429,1438,1434,1429,1416,1429,1421,1421,1402,1416,1421,1402,1411,1416,1407,1421,1402,1387,1387,1376,1387,1397,1370,1370,1353,1387,1376,1365,1370,1381,1370,1365,1340,1347,1340,1347,1353,1340,1340,1334,1327,1305,1312,1297,1312,1288,1288,1288,1261,1288,1297,1297,1251,1271,1261,1297,1261,1261,1251,1240,1261,1229,1229,1271,1251,1229,1229,1240,1251,1240,1271,1240,1251,1229,1229,1229,1217,1240,1217,1204,1240,1217,1217,1240,1189,1189,1251
54,1157,1229,1204,1189,1204,1157,1204,1157,1217,1204,1204,1189,1204,1204,1157,1189,1204,1189,1189,1157,1229,1137,1217,1189,1189,1204,1189,1189,1137,1157,1251,1204,1204,1189,1137,1189,1204,1189,1189,1204,1204,1204,1204,1229,1189,1189,1204,1157,1189,1229,1204,1204,1217,1189,1229,1157,1204,1204,1217,1229,1189,1229,1229,1240,1271,1271,1288,1288,1280,1320,1340,1334,1359,1347,1370,1365,1370,1365,1376,1381,1376,1376,1381,1397,1381,1392,1397,1397,1397,1392,1381,1392,1387,1402,1402,1402,1397,1397,1392,1407,1411,1421,1425,1411,1421,1434,1421,1425,1434,1416,1425,1425,1434,1438,1411,1425,1411,1421,1411,1416,1421,1421,1411,1411,1416,1407,1402,1402,1402,1411,1392,1407,1407,1392,1392,1387,1392,1381,1359,1370,1370,1365,1365,1370,1376,1365,1365,1353,1347,1340,1347,1334,1340,1305,1320,1320,1320,1320,1305,1297,1297,1297,1312,1288,1271,1288,1251,1251,1280,1240,1261,1271,1229,1271,1229,1217,1251,1229,1240,1229,1288,1251,1240,1271,1229,1217,1229,1251,1217,1217,1229,1229,1204,1189,1229,1217,1229,1251,1229,1217,1229
55,1229,1217,1157,1204,1217,1189,1217,1229,1204,1189,1217,1229,1204,1174,1137,1204,1229,1204,1204,1229,1229,1137,1204,1189,1217,1217,1189,1157,1229,1217,1229,1204,1229,1240,1174,1251,1217,1189,1217,1204,1204,1229,1204,1204,1157,1217,1217,1240,1204,1204,1157,1229,1204,1189,1204,1204,1240,1217,1217,1229,1229,1240,1251,1240,1251,1251,1271,1280,1312,1327,1327,1340,1353,1365,1353,1381,1365,1365,1381,1381,1381,1381,1381,1381,1392,1411,1387,1397,1397,1402,1407,1402,1397,1407,1407,1411,1397,1411,1421,1425,1416,1429,1421,1429,1429,1434,1429,1421,1434,1442,1425,1434,1425,1434,1429,1429,1442,1429,1411,1421,1421,1416,1421,1416,1411,1407,1421,1402,1416,1411,1397,1407,1402,1397,1402,1387,1392,1392,1387,1381,1392,1370,1381,1365,1376,1365,1370,1359,1347,1353,1347,1347,1353,1334,1353,1312,1334,1312,1340,1327,1305,1305,1280,1297,1305,1288,1251,1261,1261,1261,1240,1251,1288,1229,1240,1229,1229,1204,1240,1229,1251,1240,1288,1251,1251,1229,1261,1217,1240,1229,1229,1229,1217,1204,1240,1229,1229,1229,1204,1240,1229
56,1189,1217,1204,1217,1189,1157,1157,1217,1204,1217,1204,1229,1217,1137,1157,1204,1204,1217,1204,1204,1217,1137,1157,1189,1189,1204,1229,1189,1174,1189,1229,1217,1217,1189,1204,1204,1217,1204,1204,1189,1204,1217,1137,1204,1189,1189,1204,1217,1204,1217,1157,1229,1217,1217,1229,1157,1240,1217,1229,1251,1229,1229,1229,1280,1288,1297,1297,1271,1334,1320,1320,1347,1353,1370,1370,1370,1353,1370,1365,1387,1387,1397,1381,1392,1397,1397,1397,1397,1407,1387,1402,1387,1407,1387,1402,1416,1416,1429,1411,1411,1429,1421,1421,1429,1434,1442,1429,1442,1438,1429,1438,1442,1446,1438,1446,1438,1438,1434,1429,1425,1425,1421,1402,1425,1421,1411,1411,1407,1421,1402,1411,1402,1402,1392,1392,1392,1387,1392,1392,1387,1392,1392,1392,1387,1381,1376,1370,1359,1359,1359,1347,1347,1340,1347,1334,1327,1334,1327,1327,1305,1305,1251,1297,1280,1288,1271,1280,1240,1251,1251,1280,1240,1288,1229,1251,1204,1229,1217,1240,1229,1271,1229,1251,1271,1240,1271,1229,1229,1229,1240,1240,1217,1204,1229,1251,1251,1271,1240,1204,1217,1217
57,1204,1189,1217,1204,1204,1189,1174,1204,1217,1240,1204,1189,1157,1137,1189,1157,1217,1189,1189,1204,1189,1174,1204,1204,1217,1204,1204,1157,1137,1204,1240,1204,1204,1217,1189,1189,1189,1204,1204,1204,1204,1217,1137,1204,1204,1204,1217,1204,1157,1229,1204,1240,1204,1217,1229,1229,1204,1204,1217,1229,1229,1251,1240,1261,1251,1288,1305,1297,1297,1320,1340,1347,1340,1370,1370,1381,1370,1370,1392,1387,1387,1392,1397,1411,1402,1397,1416,1416,1407,1397,1411,1402,1392,1407,1416,1416,1416,1407,1421,1421,1421,1429,1416,1434,1421,1446,1438,1446,1438,1438,1446,1446,1434,1429,1446,1438,1442,1425,1416,1429,1434,1438,1434,1411,1416,1429,1407,1411,1416,1407,1407,1411,1402,1392,1397,1402,1402,1381,1407,1392,1392,1376,1376,1402,1392,1376,1376,1365,1359,1347,1359,1334,1376,1347,1340,1320,1340,1334,1340,1305,1327,1297,1288,1288,1305,1288,1271,1251,1280,1261,1261,1261,1251,1229,1251,1251,1251,1204,1229,1271,1271,1229,1229,1240,1229,1229,1240,1251,1217,1229,1229,1204,1204,1240,1217,1229,1204,1261,1229,1217,1217
58,1217,1174,1189,1157,1189,1189,1189,1217,1189,1217,1204,1189,1204,1137,1174,1204,1204,1204,1157,1217,1189,1115,1157,1189,1189,1189,1137,1137,1189,1157,1229,1217,1204,1217,1157,1189,1204,1137,1174,1137,1204,1204,1189,1229,1217,1240,1204,1157,1204,1217,1229,1240,1217,1204,1217,0,1229,1204,1229,1251,1229,1240,1261,1305,1271,1288,1288,1297,1327,1347,1334,1359,1359,1365,1381,1381,1381,1392,1370,1402,1402,1407,1387,1402,1411,1397,1407,1411,1421,1421,1387,1407,1416,1407,1402,1421,1416,1429,1416,1411,1438,1429,1429,1434,1446,1442,1450,1438,1446,1434,1450,1446,1442,1442,1438,1446,1442,1429,1429,1438,1429,1429,1429,1416,1421,1425,1421,1411,1411,1421,1402,1411,1416,1392,1411,1411,1397,1402,1387,1392,1392,1387,1402,1381,1370,1376,1359,1359,1359,1347,1370,1340,1353,1340,1327,1320,1340,1327,1327,1312,1305,1297,1288,1288,1312,1288,1251,1251,1271,1261,1240,1229,1261,1251,1240,1229,1251,1229,1217,1251,1240,1217,1229,1251,1261,1251,1271,1251,1217,1229,1217,1204,1204,1217,1251,1204,1204,1251,1157,1204,1229
59,1204,1189,1189,1204,1204,1157,1189,1204,1157,1189,1204,1217,1189,1157,1157,1204,1217,1204,1157,1204,1204,1115,1204,1204,1229,1204,1204,1189,1157,1189,1217,1204,1229,1157,1189,1204,1217,1157,1204,1229,1204,1217,1189,1217,1204,1217,1229,1189,1157,1229,1189,1217,1217,1229,1229,1204,1217,1217,1251,1261,1240,1261,1261,1288,1297,1297,1312,1320,1327,1320,1359,1353,1370,1387,1376,1392,1392,1381,1387,1392,1397,1407,1397,1407,1416,1429,1425,1407,1411,1411,1416,1411,1402,1407,1421,1434,1411,1429,1434,1425,1442,1429,1438,1450,1434,1446,1438,1442,1450,1450,1454,1425,1446,1442,1438,1446,1446,1429,1438,1434,1434,1429,1446,1438,1421,1429,1416,1416,1416,1421,1407,1402,1411,1402,1397,1407,1392,1392,1397,1392,1381,1387,1392,1397,1387,1392,1381,1381,1381,1353,1359,1353,1359,1353,1347,1347,1334,1327,1312,1334,1297,1297,1271,1271,1280,1280,1251,1271,1251,1280,1280,1251,1271,1251,1240,1240,1229,1240,1251,1217,1261,1240,1240,1251,1229,1204,1229,1271,1240,1204,1217,1288,1240,1217,1251,1240,1217,1240,1217,1240,1261
60,1189,1204,1204,1217,1157,1137,1204,1204,1217,1189,1204,1217,1204,1137,1217,1240,1217,1204,1157,1204,1204,1137,1217,1204,1204,1189,1157,1204,1204,1157,1229,1251,1204,1217,1204,1157,1217,1204,1204,1189,1189,1217,1217,1229,1189,1217,1204,1157,1204,1229,1189,1204,1240,1217,1217,1204,1204,1204,1271,1229,1240,1280,1271,1288,1297,1320,1320,1327,1334,1347,1359,1353,1381,1381,1387,1397,1397,1397,1407,1411,1416,1416,1397,1407,1429,1416,1425,1407,1425,1421,1434,1416,1425,1429,1421,1429,1425,1434,1438,1438,1438,1446,1446,1450,1458,1446,1446,1446,1450,1454,1465,1458,1458,1438,1450,1438,1446,1469,1446,1438,1438,1434,1442,1434,1425,1429,1421,1421,1421,1421,1411,1416,1411,1402,1411,1407,1407,1402,1402,1397,1397,1397,1402,1392,1387,1392,1381,1359,1376,1359,1370,1365,1365,1320,1347,1347,1347,1347,1327,1320,1320,1297,1305,1288,1261,1280,1251,1271,1271,1271,1251,1251,1280,1217,1240,1217,1240,1217,1251,1229,1261,1251,1271,1229,1229,1217,1229,1251,1251,1251,1217,1240,1240,1204,1217,1229,1204,1240,1189,1229,1217
61,1217,1189,1157,1189,1229,1204,1189,1189,1189,1217,1204,1189,1189,1157,1137,1189,1217,1240,1204,1189,1189,1174,1189,1204,1157,1204,1157,1189,1157,1174,1229,1189,1204,1204,1189,1189,1189,1174,1229,1217,1204,1229,1137,1229,1189,1189,1204,1204,1204,1217,1204,1204,1217,1204,1229,1189,1189,1251,1240,1251,1240,1240,1271,1305,1297,1305,1312,1320,1340,1359,1365,1359,1365,1392,1392,1402,1402,1407,1411,1402,1411,1411,1421,1416,1425,1416,1429,1425,1425,1421,1434,1429,1425,1434,1442,1438,1446,1450,1434,1438,1446,1450,1450,1446,1450,1458,1442,1454,1462,1454,1462,1458,1462,1454,1454,1462,1454,1450,1442,1446,1438,1438,1446,1438,1421,1421,1429,1434,1402,1411,1416,1421,1402,1402,1411,1397,1407,1407,1402,1392,1402,1376,1397,1392,1387,1397,1376,1392,1392,1365,1359,1347,1334,1340,1320,1334,1320,1353,1334,1340,1312,1320,1288,1280,1271,1271,1251,1271,1280,1288,1251,1280,1297,1251,1251,1217,1261,1240,1251,1240,1261,1251,1240,1271,1251,1251,1261,1217,1229,1251,1240,1251,1229,1229,1229,1271,1204,1204,1204,1229,1251
62,1204,1217,1189,1189,1204,1137,1204,1204,1157,1217,1204,1217,1189,1189,1204,1189,1204,1189,1189,1189,1204,1137,1229,1189,1204,1189,1204,1137,1189,1204,1217,1229,1229,1204,1229,1204,1204,1204,1157,1189,1157,1229,1217,1217,1240,1204,1204,1229,1204,1217,1229,1229,1217,1229,1204,1204,1204,1229,1271,1261,1251,1288,1271,1320,1297,1312,1334,1340,1334,1347,1365,1376,1387,1392,1411,1402,1397,1411,1411,1434,1429,1421,1429,1429,1416,1425,1442,1446,1438,1429,1438,1429,1425,1438,1442,1442,1446,1446,1438,1454,1454,1473,1450,1458,1454,1462,1454,1469,1476,1458,1462,1454,1458,1465,1446,1458,1462,1462,1454,1446,1442,1429,1438,1429,1421,1416,1434,1421,1421,1434,1416,1421,1411,1402,1411,1416,1402,1402,1402,1397,1397,1392,1392,1392,1397,1387,1381,1370,1376,1359,1359,1347,1365,1353,1340,1340,1340,1347,1340,1327,1305,1327,1297,1288,1271,1288,1240,1261,1261,1261,1251,1251,1288,1288,1251,1229,1261,1240,1251,1229,1288,1271,1251,1271,1229,1240,1251,1261,1251,1217,1217,1240,1229,1217,1217,1217,1229,1271,1204,1189,1204
63,1204,1217,1189,1157,1217,1157,1137,1189,1217,1204,1204,1204,1204,1157,1204,1204,1229,1204,1174,1204,1174,1137,1157,1157,1157,1229,1189,1157,1204,1157,1229,1217,1204,1204,1189,1217,1189,1189,1189,1189,1204,1189,1174,1229,1189,1240,1157,1217,1174,1229,1217,1229,1217,1229,1240,1217,1240,1240,1261,1251,1288,1271,1288,1312,1327,1320,1340,1359,1359,1365,1370,1376,1397,1397,1407,1421,1429,1416,1411,1425,1434,1438,1421,1438,1434,1442,1442,1434,1434,1438,1438,1442,1438,1450,1454,1458,1454,1458,1454,1465,1465,1462,1450,1469,1473,1469,1469,1458,1462,1469,1476,1462,1458,1462,1462,1462,1454,1469,1446,1454,1446,1442,1446,1438,1425,1429,1438,1438,1434,1438,1421,1416,1411,1411,1416,1411,1402,1411,1411,1411,1411,1407,1411,1407,1402,1392,1370,1376,1365,1365,1365,1370,1365,1353,1347,1347,1359,1353,1340,1347,1305,1305,1261,1271,1288,1288,1288,1297,1251,1288,1280,1288,1297,1261,1261,1280,1261,1217,1229,1229,1261,1261,1271,1271,1271,1240,1240,1251,1240,1251,1229,1217,1229,1240,1229,1240,1229,1229,1217,1217,1229
64,1204,1189,1204,1204,1217,1137,1174,1189,1217,1204,1217,1217,1204,1204,1189,1204,1204,1157,1204,1217,1217,1157,1157,1157,1189,1157,1204,1157,1157,1157,1229,1217,1204,1204,1137,1204,1204,1189,1189,1217,1204,1189,1137,1229,1189,1217,1189,1204,1204,1204,1204,1217,1217,1229,1240,1204,1271,1229,1251,1271,1251,1288,1280,1305,1305,1334,1327,1353,1365,1359,1370,1376,1381,1392,1397,1402,1402,1421,1429,1438,1425,1434,1434,1442,1446,1446,1446,1442,1442,1446,1462,1454,1438,1450,1465,1462,1446,1462,1473,1469,1469,1469,1483,1462,1469,1469,1469,1473,1476,1476,1476,1469,1458,1458,1462,1462,1473,1469,1454,1450,1450,1462,1446,1442,1429,1434,1442,1434,1434,1434,1425,1397,1429,1407,1407,1411,1416,1411,1421,1411,1411,1381,1411,1392,1392,1392,1376,1376,1387,1392,1353,1370,1334,1334,1327,1353,1359,1353,1347,1334,1305,1305,1271,1288,1271,1271,1280,1271,1280,1288,1261,1280,1280,1280,1271,1261,1271,1271,1261,1251,1251,1240,1251,1240,1251,1251,1240,1229,1240,1229,1229,1229,1204,1229,1288,1217,1229,1229,1204,1204,1217
65,1189,1174,1217,1217,1204,1189,1204,1204,1204,1217,1217,1217,1137,1157,1204,1204,1204,1204,1137,1217,1204,1189,1189,1217,1204,1189,1229,1189,1204,1157,1217,1204,1217,1204,1204,1204,1229,1137,1217,1229,1204,1204,1204,1229,1174,1204,1204,1204,1204,1229,1204,1229,1229,1189,1229,1229,1229,1229,1271,1261,1297,1261,1288,1312,1320,1340,1353,1365,1359,1370,1376,1381,1407,1402,1442,1416,1421,1425,1438,1438,1454,1442,1446,1458,1450,1458,1462,1469,1469,1454,1454,1454,1465,1462,1458,1473,1469,1480,1469,1473,1476,1476,1473,1476,1487,1490,1480,1476,1487,1476,1473,1480,1476,1480,1476,1473,1476,1462,1473,1458,1458,1462,1458,1446,1450,1446,1438,1429,1429,1434,1438,1429,1411,1411,1416,1416,1416,1416,1407,1416,1397,1411,1416,1402,1387,1392,1387,1376,1376,1365,1370,1353,1365,1347,1347,1359,1370,1347,1370,1353,1334,1288,1288,1297,1297,1271,1251,1271,1288,1288,1288,1297,1297,1297,1271,1288,1261,1240,1280,1261,1251,1229,1251,1240,1280,1261,1251,1240,1271,1240,1229,1251,1229,1240,1240,1240,1229,1240,1204,1217,1229
66,1204,1189,1204,1189,1189,1189,1189,1204,1217,1204,1189,1189,1189,1157,1137,1157,1204,1217,1189,1204,1189,1157,1189,1204,1157,1189,1204,1157,1157,1157,1217,1189,1229,1204,1189,1217,1204,1157,1217,1204,1204,1204,1189,1204,1189,1217,1157,1204,1204,1157,1204,1217,1217,1189,1240,1204,1240,1251,1261,1280,1240,1288,1280,1327,1327,1340,1359,1340,1381,1392,1381,1402,1402,1411,1411,1425,1434,1438,1442,1425,1446,1454,1446,1458,1465,1458,1469,1473,1469,1462,1465,1476,1476,1465,1473,1480,1483,1483,1483,1493,1493,1483,1480,1483,1503,1497,1487,1483,1490,1483,1487,1480,1483,1473,1469,1483,1476,1465,1465,1454,1458,1446,1442,1454,1450,1438,1438,1442,1434,1434,1425,1425,1416,1416,1429,1421,1421,1411,1421,1407,1421,1392,1407,1407,1402,1397,1381,1392,1381,1381,1365,1365,1376,1347,1340,1347,1359,1359,1353,1340,1320,1312,1305,1271,1288,1297,1271,1297,1288,1288,1297,1271,1312,1280,1280,1251,1288,1261,1240,1251,1240,1251,1251,1229,1240,1217,1251,1280,1240,1217,1229,1229,1240,1229,1251,1229,1240,1229,1217,1217,1229
67,1189,1189,1204,1204,1204,1189,1189,1204,1189,1189,1189,1157,1204,1204,1204,1204,1204,1204,1137,1189,1204,1137,1204,1204,1204,1189,1217,1137,1189,1157,1229,1217,1229,1189,1189,1189,1204,1217,1204,1217,1229,1217,1157,1217,1189,1204,1204,1217,1204,1217,1204,1204,1229,1204,1229,1217,1271,1240,1271,1271,1240,1297,1271,1327,1327,1359,1359,1370,1376,1392,1397,1402,1411,1434,1416,1425,1434,1446,1434,1442,1454,1454,1465,1465,1462,1476,1465,1480,1469,1476,1476,1483,1476,1480,1483,1497,1490,1487,1503,1497,1490,1506,1487,1493,1497,1497,1500,1480,1493,1490,1493,1497,1487,1483,1483,1493,1483,1469,1465,1462,1469,1458,1462,1462,1454,1454,1454,1446,1438,1438,1434,1434,1434,1434,1411,1425,1425,1421,1392,1416,1421,1397,1411,1402,1402,1407,1387,1376,1381,1397,1381,1365,1359,1347,1353,1353,1347,1353,1334,1327,1305,1305,1271,1297,1297,1271,1280,1297,1320,1297,1305,1320,1297,1305,1288,1271,1271,1280,1288,1280,1240,1251,1251,1229,1288,1229,1240,1251,1240,1271,1271,1271,1261,1280,1229,1251,1271,1229,1189,1217,1229
68,1217,1217,1204,1217,1251,1189,1217,1204,1189,1189,1217,1204,1137,1189,1157,1204,1240,1217,1204,1229,1204,1189,1157,1204,1204,1189,1240,1157,1189,1204,1217,1217,1204,1229,1217,1217,1217,1189,1217,1217,1204,1189,1217,1229,1204,1251,1229,1204,1229,1204,1204,1240,1217,1204,1204,1204,1240,1240,1251,1271,1251,1280,1305,1327,1312,1340,1347,1365,1387,1397,1416,1411,1416,1421,1438,1442,1429,1446,1446,1446,1469,1469,1480,1480,1480,1487,1503,1493,1487,1490,1497,1503,1497,1493,1490,1493,1493,1503,1503,1493,1503,1503,1500,1515,1515,1509,1503,1515,1509,1497,1497,1490,1497,1483,1490,1490,1483,1476,1473,1476,1480,1473,1473,1465,1450,1454,1454,1446,1438,1450,1434,1438,1434,1416,1429,1425,1416,1416,1421,1416,1411,1407,1402,1416,1407,1407,1392,1402,1397,1392,1381,1381,1376,1340,1353,1340,1347,1347,1365,1340,1305,1305,1305,1305,1288,1305,1271,1305,1297,1305,1297,1297,1305,1320,1297,1280,1280,1271,1288,1280,1280,1271,1288,1280,1288,1261,1261,1251,1271,1251,1240,1240,1251,1229,1229,1251,1251,1251,1217,1251,1261
69,1217,1189,1204,1189,1189,1157,1217,1189,1204,1204,1217,1217,1204,1204,1204,1189,1217,1204,1157,1204,1217,1137,1189,1217,1204,1240,1204,1157,1137,1217,1229,1204,1240,1229,1204,1217,1189,1189,1204,1157,1229,1229,1189,1217,1204,1204,1217,1217,1229,1204,1229,1261,1240,1217,1229,1217,1261,1271,1280,1261,1251,1305,1261,1334,1327,1365,1359,1376,1397,1387,1407,1402,1416,1429,1438,1425,1450,1442,1458,1473,1469,1483,1473,1480,1490,1497,1497,1515,1490,1503,1503,1509,1509,1497,1515,1493,1503,1509,1515,1512,1518,1518,1518,1515,1515,1515,1512,1509,1515,1506,1509,1497,1506,1509,1490,1490,1500,1473,1483,1476,1476,1462,1473,1465,1458,1446,1454,1446,1438,1446,1442,1434,1446,1421,1429,1434,1421,1411,1416,1421,1407,1411,1416,1411,1411,1407,1397,1381,1397,1397,1387,1387,1376,1359,1353,1353,1359,1340,1340,1327,1320,1305,1305,1271,1288,1297,1288,1280,1305,1320,1327,1305,1327,1305,1327,1297,1288,1261,1305,1271,1288,1271,1251,1280,1261,1251,1240,1251,1261,1240,1251,1229,1240,1204,1251,1261,1251,1240,1204,1240,1251
70,1189,1157,1204,1157,1204,1137,1204,1204,1204,1204,1217,1204,1204,1189,1157,1189,1217,1204,1137,1157,1189,0,1204,1204,1204,1217,1217,1204,1204,1157,1217,1240,1217,1204,1189,1204,1189,1189,1217,1229,1217,1189,1217,1229,1157,1217,1204,1204,1217,1229,1229,1240,1229,1229,1229,1229,1251,1261,1251,1271,1240,1271,1288,1320,1320,1334,1365,1381,1381,1402,1421,1425,1416,1442,1429,1434,1450,1450,1465,1469,1480,1487,1497,1493,1497,1506,1515,1512,1518,1509,1512,1512,1512,1515,1512,1533,1518,1518,1512,1527,1518,1515,1527,1521,1521,1518,1503,1518,1518,1527,1524,1509,1506,1503,1490,1497,1506,1503,1487,1487,1469,1469,1465,1469,1462,1454,1462,1438,1454,1446,1442,1450,1446,1429,1429,1429,1421,1416,1411,1411,1421,1397,1402,1402,1416,1411,1392,1392,1387,1392,1397,1370,1381,1347,1359,1340,1359,1353,1334,1327,1312,1312,1271,1288,1288,1240,1261,1271,1312,1312,1320,1312,1297,1297,1288,1288,1305,1271,1288,1261,1271,1271,1251,1251,1240,1251,1240,1229,1229,1251,1261,1229,1240,1204,1261,1251,1217,1229,1251,1240,1229
71,1189,1204,1189,1217,1189,1137,1189,1204,1189,1189,1229,1217,1157,1174,1174,1189,1204,1204,1157,1217,1217,0,1189,1157,1189,1189,1189,1137,1137,1204,1217,1204,1240,1189,1157,1157,1217,1229,1189,1204,1189,1217,1189,1204,1189,1229,1217,1204,1204,1217,1217,1240,1229,1240,1271,1229,1240,1251,1261,1261,1261,1288,1297,1327,1327,1359,1376,1381,1387,1407,1411,1416,1429,1438,1450,1454,1454,1469,1469,1490,1490,1490,1480,1509,1497,1524,1521,1518,1521,1509,1527,1527,1527,1527,1521,1527,1521,1541,1524,1544,1536,1539,1524,1536,1518,1539,1527,1518,1524,1521,1518,1515,1521,1512,1506,1503,1497,1503,1483,1487,1480,1490,1480,1483,1473,1462,1465,1454,1450,1446,1450,1450,1434,1425,1416,1429,1429,1429,1416,1411,1416,1411,1411,1407,1402,1392,1392,1397,1381,1387,1381,1392,1387,1359,1353,1340,1334,1340,1340,1312,1320,1312,1312,1305,1280,1280,1280,1305,1320,1320,1297,1320,1305,1305,1312,1288,1297,1280,1271,1271,1251,1271,1261,1271,1271,1240,1240,1229,1240,1229,1229,1240,1229,1217,1240,1240,1271,1280,1217,1261,1204
72,1204,1157,1204,1157,1204,1157,1204,1189,1189,1189,1204,1204,1189,1204,1189,1217,1204,1217,1189,1204,1204,1157,1189,1204,1204,1157,1229,1137,1204,1157,1229,1217,1229,1174,1217,1204,1217,1204,1229,1217,1204,1217,1217,1229,1204,1204,1204,1229,1229,1251,1229,1261,1261,1240,1251,1229,1261,1271,1271,1280,1240,1288,1288,1320,1327,1347,1365,1370,1416,1421,1416,1429,1434,1442,1446,1458,1469,1469,1483,1497,1500,1506,1506,1512,1506,1521,1515,1527,1533,1533,1527,1530,1536,1547,1552,1541,1547,1544,1547,1547,1544,1550,1539,1544,1536,1557,1539,1530,1539,1539,1533,1527,1533,1524,1509,1518,1515,1509,1503,1487,1487,1476,1487,1487,1462,1462,1462,1469,1454,1462,1446,1450,1434,1442,1442,1434,1434,1421,1421,1421,1425,1402,1421,1411,1402,1402,1392,1392,1407,1402,1381,1376,1381,1370,1365,1359,1353,1347,1347,1340,1305,1327,1288,1288,1280,1271,1271,1327,1305,1327,1320,1305,1320,1312,1305,1288,1288,1305,1288,1271,1288,1251,1271,1240,1251,1251,1204,1251,1229,1240,1251,1217,1261,1217,1229,1271,1251,1271,1229,1217,1251
73,1204,1217,1204,1204,1204,1137,1137,1204,1189,1204,1189,1157,1204,1157,1157,1204,1204,1204,1189,1204,1229,1137,1204,1157,1204,1157,1204,1157,1204,1204,1251,1189,1204,1217,1157,1189,1204,1157,1229,1204,1157,1189,1157,1217,1204,1217,1217,1217,1229,1251,1204,1229,1271,1229,1261,1217,1261,1261,1261,1251,1240,1288,1312,1340,1340,1347,1359,1359,1392,1411,1416,1429,1429,1446,1458,1465,1462,1483,1490,1490,1500,1503,1518,1512,1518,1521,1533,1547,1550,1544,1557,1544,1550,1552,1557,1552,1555,1555,1568,1555,1560,1570,1563,1547,1552,1555,1560,1533,1547,1527,1539,1533,1530,1524,1512,1512,1515,1512,1500,1503,1503,1490,1493,1476,1462,1469,1465,1462,1469,1454,1446,1442,1446,1442,1450,1438,1425,1425,1416,1425,1429,1421,1421,1402,1402,1402,1381,1387,1397,1402,1381,1392,1370,1376,1359,1347,1370,1340,1347,1334,1340,1320,1297,1297,1305,1312,1271,1305,1305,1320,1320,1305,1312,1305,1320,1327,1312,1327,1271,1271,1280,1261,1271,1217,1251,1229,1204,1251,1217,1217,1217,1240,1229,1217,1229,1240,1204,1240,1157,1240,1251
74,1204,1189,1204,1204,1204,1157,1174,1204,1204,1189,1189,1204,1137,1157,1157,1229,1204,1189,1204,1189,1204,0,1189,1204,1189,1204,1137,1137,1157,1157,1229,1217,1204,1217,1157,1204,1204,1229,1189,1189,1204,1189,1189,1229,1204,1229,1229,1204,1229,1229,1217,1271,1288,1261,1271,1217,1261,1251,1280,1288,1288,1297,1288,1327,1334,1353,1370,1392,1407,1411,1438,1429,1429,1454,1454,1476,1480,1487,1487,1500,1509,1509,1521,1533,1530,1550,1544,1547,1547,1560,1557,1555,1563,1552,1565,1572,1565,1563,1580,1565,1572,1575,1568,1560,1563,1557,1560,1560,1555,1544,1544,1547,1539,1527,1527,1518,1503,1518,1503,1503,1503,1493,1487,1497,1490,1476,1469,1462,1458,1458,1454,1454,1442,1425,1429,1434,1438,1421,1425,1411,1416,1411,1411,1402,1397,1416,1397,1387,1387,1392,1376,1381,1376,1370,1359,1359,1359,1359,1334,1334,1320,1320,1297,1305,1297,1305,1312,1312,1320,1320,1297,1320,1327,1312,1305,1305,1288,1288,1305,1271,1288,1261,1251,1217,1240,1217,1251,1217,1229,1189,1251,1229,1240,1229,1261,1229,1229,1251,1229,1251,1204
75,1204,1204,1204,1157,1204,1157,1204,1204,1217,1204,1204,1229,1204,1189,1157,1204,1204,1137,1189,1204,1189,1189,1189,1204,1204,1204,1204,1157,1157,1189,1229,1157,1229,1204,1137,1204,1204,1204,1204,1204,1189,1229,1189,1217,1217,1251,1204,1229,1240,1261,1217,1240,1251,1229,1240,1271,1251,1280,1271,1280,1288,1297,1312,1327,1334,1381,1387,1376,1397,1421,1429,1438,1442,1462,1462,1480,1473,1493,1490,1506,1521,1515,1536,1539,1552,1550,1560,1568,1565,1565,1575,1565,1570,1580,1580,1584,1580,1580,1580,1582,1577,1575,1570,1572,1565,1568,1568,1563,1557,1555,1557,1550,1547,1547,1536,1530,1530,1524,1518,1509,1512,1506,1503,1490,1483,1487,1490,1480,1469,1454,1462,1446,1446,1434,1434,1446,1434,1438,1425,1421,1421,1402,1421,1407,1402,1407,1411,1397,1392,1392,1392,1387,1370,1381,1370,1359,1370,1353,1365,1347,1327,1297,1327,1288,1320,1320,1320,1320,1297,1340,1334,1312,1305,1312,1320,1297,1305,1288,1288,1288,1271,1271,1261,1240,1271,1229,1229,1229,1204,1229,1240,1229,1204,1229,1261,1251,1240,1204,1204,1251,1229
76,1174,1174,1189,1204,1204,1157,1204,1251,1189,1240,1204,1189,1189,1137,1157,1189,1189,1189,1204,1204,1189,1157,1204,1189,1174,1157,1204,1174,1189,1204,1229,1204,1204,1204,1217,1229,1204,1189,1204,1217,1204,1189,1174,1189,1229,1229,1229,1189,1251,1229,1229,1261,1280,1271,1251,1251,1251,1288,1280,1280,1288,1288,1312,1334,1340,1359,1370,1387,1411,1411,1438,1434,1462,1454,1473,1487,1480,1497,1518,1521,1515,1524,1536,1552,1550,1552,1563,1563,1568,1570,1587,1577,1587,1589,1580,1587,1598,1596,1587,1594,1598,1594,1582,1589,1589,1589,1580,1572,1570,1565,1565,1557,1557,1550,1539,1533,1527,1527,1524,1515,1515,1506,1497,1497,1497,1493,1480,1476,1480,1458,1476,1454,1454,1446,1446,1442,1429,1429,1421,1425,1411,1421,1429,1397,1397,1392,1392,1381,1397,1402,1387,1392,1376,1365,1376,1359,1381,1370,1334,1347,1320,1327,1288,1312,1320,1334,1320,1320,1305,1327,1347,1353,1320,1305,1288,1312,1297,1305,1288,1305,1288,1261,1251,1240,1240,1217,1204,1204,1217,1217,1240,1204,1251,1204,1240,1217,1204,1229,1157,1217,1217
77,1174,1189,1204,1157,1204,1157,1174,1229,1189,1189,1204,1217,1189,1157,1204,1204,1189,1251,1204,1204,1204,0,1189,1204,1204,1189,1189,1157,1204,1137,1261,1217,1229,1204,1204,1204,1204,1189,1217,1217,1204,1229,1189,1240,1204,1217,1217,1229,1217,1240,1251,1240,1240,1240,1261,1261,1240,1297,1305,1305,1288,1320,1320,1320,1347,1359,1397,1387,1407,1411,1438,1434,1465,1454,1487,1497,1497,1503,1512,1524,1524,1547,1550,1557,1555,1572,1575,1570,1577,1594,1584,1591,1596,1594,1598,1607,1605,1600,1603,1603,1603,1603,1605,1598,1596,1587,1584,1584,1580,1575,1584,1572,1565,1550,1555,1552,1539,1539,1521,1521,1518,1518,1506,1503,1490,1490,1483,1493,1469,1465,1462,1458,1450,1462,1446,1438,1438,1429,1429,1416,1421,1411,1411,1416,1411,1402,1407,1387,1387,1387,1387,1376,1392,1392,1381,1359,1376,1347,1359,1347,1327,1320,1320,1288,1320,1320,1327,1312,1305,1334,1305,1320,1320,1320,1305,1271,1288,1288,1288,1261,1261,1251,1251,1229,1240,1204,1204,1240,1240,1261,1251,1229,1204,1217,1251,1217,1251,1229,1229,1189,1217
78,1157,1157,1204,1204,1157,1157,1189,1229,1189,1204,1204,1217,1137,1137,1157,1189,1204,1217,1189,1240,1204,1137,1204,1189,1204,1204,1217,1157,1189,1204,1229,1217,1217,1204,1204,1217,1204,1189,1217,1229,1217,1204,1204,1217,1204,1229,1251,1229,1229,1261,1229,1280,1261,1251,1251,1271,1271,1271,1305,1297,1305,1320,1327,1334,1347,1376,1392,1397,1421,1411,1438,1446,1462,1476,1493,1490,1500,1512,1518,1533,1539,1547,1563,1565,1565,1575,1575,1580,1587,1594,1600,1596,1611,1603,1611,1613,1616,1609,1620,1613,1616,1624,1611,1605,1605,1607,1603,1598,1594,1589,1584,1570,1582,1565,1563,1565,1555,1544,1550,1521,1530,1533,1524,1515,1503,1497,1493,1483,1483,1469,1465,1465,1450,1450,1454,1454,1434,1434,1434,1438,1429,1402,1416,1411,1411,1429,1407,1411,1392,1387,1402,1397,1392,1392,1387,1370,1387,1359,1353,1334,1347,1327,1312,1312,1334,1327,1312,1320,1320,1340,1340,1320,1312,1297,1297,1312,1297,1297,1280,1280,1240,1229,1271,1229,1251,1157,1189,1204,1271,1204,1217,1217,1251,1204,1229,1217,1217,1217,1204,1174,1229
79,1189,1174,1137,1137,1204,1137,1204,1217,1204,1229,1204,1229,1189,1189,1157,1217,1204,1174,1204,1189,1204,1115,1137,1240,1189,1204,1229,1157,1189,1157,1251,1204,1217,1189,1204,1217,1157,1204,1204,1217,1251,1204,1189,1229,1204,1204,1229,1229,1251,1251,1240,1271,1271,1251,1261,1261,1271,1305,1297,1297,1305,1320,1327,1359,1347,1376,1397,1397,1421,1425,1458,1462,1462,1483,1490,1509,1503,1515,1515,1527,1544,1560,1563,1560,1565,1577,1589,1600,1598,1607,1611,1607,1616,1611,1624,1630,1626,1628,1624,1628,1628,1624,1626,1622,1622,1620,1605,1605,1609,1600,1598,1598,1580,1577,1587,1565,1560,1550,1544,1530,1533,1527,1518,1512,1515,1506,1497,1490,1476,1487,1476,1469,1462,1446,1454,1450,1454,1442,1421,1438,1434,1421,1425,1402,1402,1416,1402,1402,1411,1402,1397,1392,1392,1392,1392,1381,1381,1370,1340,1340,1334,1320,1312,1305,1327,1305,1327,1312,1312,1327,1305,1305,1305,1305,1288,1261,1288,1271,1297,1271,1271,1229,1251,1229,1217,1204,1204,1217,1204,1217,1217,1204,1217,1229,1251,1204,1157,1229,1204,1217,1229
80,1204,1217,1157,1217,1189,1137,1204,1204,1189,1204,1204,1204,1137,1204,1157,1204,1217,1217,1189,1204,1204,1137,1189,1217,1204,1217,1204,1157,1157,1204,1217,1217,1229,1217,1189,1217,1189,1204,1204,1229,1204,1204,1189,1229,1204,1240,1229,1240,1229,1251,1251,1271,1240,1261,1288,1251,1288,1305,1305,1312,1312,1320,1334,1340,1359,1381,1397,1411,1416,1442,1454,1454,1483,1487,1503,1509,1512,1527,1524,1539,1550,1555,1563,1568,1589,1589,1598,1613,1603,1622,1624,1624,1630,1642,1636,1636,1649,1634,1640,1642,1647,1644,1634,1636,1644,1628,1626,1624,1622,1611,1616,1594,1598,1587,1589,1580,1565,1560,1550,1550,1555,1527,1524,1533,1506,1512,1506,1503,1497,1483,1480,1473,1476,1458,1462,1465,1454,1438,1454,1434,1434,1429,1416,1429,1416,1416,1402,1397,1402,1402,1407,1392,1411,1392,1392,1402,1387,1365,1376,1359,1347,1312,1312,1305,1347,1327,1334,1320,1334,1334,1320,1327,1305,1320,1288,1288,1261,1271,1261,1271,1251,1229,1251,1229,1251,1217,1217,1251,1217,1204,1229,1204,1217,1217,1240,1229,1217,1229,1189,1217,1204
81,1204,1189,1204,1229,1229,1137,1137,1217,1204,1229,1229,1217,1204,1204,1189,1204,1217,1204,1157,1204,1204,1137,1204,1204,1204,1189,1204,1157,1189,1189,1251,1189,1217,1229,1189,1217,1189,1204,1217,1189,1240,1204,1229,1229,1204,1229,1240,1204,1217,1229,1229,1251,1261,1251,1271,1251,1305,1305,1312,1320,1334,1340,1334,1359,1365,1376,1397,1416,1425,1446,1465,1476,1480,1518,1506,1512,1524,1533,1539,1547,1544,1568,1570,1591,1596,1600,1609,1616,1620,1616,1636,1626,1630,1640,1651,1647,1660,1657,1651,1655,1651,1655,1653,1657,1647,1647,1632,1644,1636,1630,1628,1616,1620,1596,1600,1589,1580,1568,1565,1560,1552,1539,1533,1524,1515,1509,1509,1503,1497,1493,1476,1465,1476,1462,1465,1462,1450,1458,1446,1434,1434,1425,1438,1429,1416,1425,1411,1402,1402,1402,1407,1392,1397,1392,1397,1387,1397,1370,1370,1353,1334,1327,1320,1340,1320,1327,1312,1305,1320,1312,1297,1288,1312,1280,1297,1280,1280,1261,1280,1217,1229,1251,1240,1217,1229,1229,1240,1229,1261,1229,1229,1229,1217,1229,1229,1240,1189,1240,1229,1217,1240
82,1189,1204,1189,1217,1189,1189,1189,1204,1229,1189,1204,1217,1204,1189,1217,1189,1229,1204,1189,1204,1204,1157,1204,1189,1189,1204,1189,1157,1157,1189,1229,1229,1217,1204,1189,1204,1229,1204,1217,1204,1204,1240,1204,1229,1204,1217,1251,1229,1217,1251,1240,1297,1261,1240,1229,1251,1288,1305,1327,1334,1327,1327,1340,1365,1381,1402,1411,1407,1429,1450,1458,1473,1487,1497,1506,1503,1521,1536,1547,1544,1552,1560,1577,1589,1598,1607,1611,1613,1620,1630,1638,1646,1651,1649,1655,1666,1660,1662,1671,1668,1666,1678,1671,1659,1666,1659,1653,1649,1640,1638,1634,1632,1632,1616,1611,1603,1603,1582,1575,1575,1544,1555,1544,1533,1527,1521,1518,1515,1506,1487,1487,1480,1469,1469,1473,1469,1473,1450,1454,1462,1429,1434,1416,1425,1421,1429,1411,1416,1416,1402,1402,1402,1421,1411,1407,1376,1402,1370,1376,1347,1334,1353,1305,1297,1320,1327,1297,1312,1353,1320,1312,1261,1305,1280,1251,1261,1251,1271,1261,1229,1261,1229,1229,1251,1261,1229,1204,1229,1204,1229,1240,1229,1251,1217,1217,1229,1217,1229,1204,1204,1229
83,1204,1204,1157,1189,1189,1115,1217,1217,1204,1217,1204,1217,1189,1189,1204,1204,1217,1204,1189,1217,1204,1157,1204,1217,1204,1217,1204,1189,1204,1217,1229,1217,1217,1229,1204,1204,1217,1189,1204,1204,1217,1217,1204,1240,1217,1229,1251,1157,1271,1251,1240,1240,1271,1261,1271,1251,1271,1312,1320,1320,1327,1340,1340,1359,1387,1387,1402,1425,1438,1450,1462,1490,1493,1503,1512,1515,1515,1539,1550,1547,1555,1575,1580,1584,1605,1611,1622,1628,1632,1636,1651,1653,1666,1659,1666,1678,1683,1680,1683,1681,1681,1678,1680,1680,1676,1673,1673,1660,1664,1651,1647,1640,1640,1628,1624,1607,1605,1598,1584,1572,1565,1555,1547,1539,1530,1530,1515,1506,1497,1497,1487,1473,1483,1465,1469,1469,1462,1454,1446,1446,1446,1438,1446,1421,1421,1421,1416,1425,1411,1397,1411,1397,1402,1411,1407,1392,1392,1397,1370,1359,1340,1334,1327,1320,1320,1320,1320,1312,1305,1312,1320,1297,1305,1280,1251,1280,1271,1251,1261,1229,1271,1240,1261,1229,1229,1240,1240,1217,1217,1229,1240,1217,1240,1240,1229,1217,1217,1217,1189,1204,1204
84,1204,1115,1157,1174,1240,1137,1189,1217,1189,1157,1189,1204,1174,1189,1157,1204,1204,1189,1189,1217,1204,1137,1189,1189,1217,1204,1217,1217,1189,1137,1229,1229,1204,1204,1189,1229,1189,1189,1240,1204,1229,1229,1189,1217,1204,1229,1217,1229,1217,1251,1229,1240,1271,1297,1261,1297,1297,1305,1320,1334,1327,1347,1347,1365,1376,1381,1397,1402,1442,1454,1465,1476,1503,1490,1512,1515,1515,1539,1550,1555,1570,1572,1589,1594,1605,1618,1620,1632,1638,1653,1668,1673,1681,1671,1675,1691,1688,1703,1703,1700,1698,1696,1698,1691,1696,1688,1683,1680,1683,1683,1664,1659,1659,1642,1632,1620,1607,1603,1594,1577,1575,1565,1552,1557,1533,1521,1521,1503,1509,1500,1503,1487,1487,1465,1462,1465,1462,1458,1454,1454,1450,1446,1434,1429,1429,1429,1425,1411,1407,1402,1407,1402,1411,1402,1397,1402,1381,1370,1381,1365,1347,1305,1312,1288,1305,1305,1288,1327,1288,1327,1288,1261,1297,1271,1229,1280,1261,1229,1251,1240,1251,1271,1251,1240,1229,1229,1217,1217,1217,1217,1251,1229,1217,1229,1229,1229,1204,1229,1217,1174,1229
85,1204,1204,1189,1217,1204,1137,1189,1204,1204,1204,1217,1204,1157,1157,1189,1217,1229,1217,1189,1204,1157,1137,1204,1204,1189,1174,1204,1157,1189,1157,1217,1229,1240,1217,1204,1189,1204,1217,1204,1229,1240,1217,1217,1229,1204,1240,1217,1217,1217,1240,1251,1288,1271,1297,1271,1271,1305,1297,1334,1327,1320,1353,1365,1376,1365,1381,1421,1434,1446,1462,1480,1476,1497,1503,1512,1536,1527,1536,1555,1555,1568,1572,1594,1600,1607,1616,1626,1644,1653,1653,1659,1680,1676,1680,1693,1700,1700,1712,1714,1706,1711,1720,1707,1706,1706,1703,1700,1690,1693,1683,1681,1673,1662,1655,1636,1634,1620,1620,1605,1598,1580,1575,1565,1555,1544,1536,1536,1518,1509,1503,1503,1497,1487,1476,1469,1480,1469,1462,1450,1454,1450,1434,1434,1434,1421,1425,1421,1416,1411,1421,1421,1411,1411,1421,1411,1407,1402,1387,1381,1359,1334,1347,1320,1327,1312,1297,1280,1305,1280,1305,1261,1280,1288,1271,1240,1261,1240,1251,1251,1251,1229,1240,1251,1217,1217,1217,1217,1217,1217,1217,1229,1217,1217,1217,1261,1240,1189,1229,1217,1217,1229
86,1217,1204,1204,1157,1189,1204,1189,1204,1217,1229,1189,1204,1189,1137,1157,1204,1174,1204,1157,1204,1204,1137,1204,1157,1189,1204,1217,1189,1204,1189,1204,1204,1217,1204,1189,1251,1217,1204,1204,1229,1204,1229,1189,1240,1204,1189,1229,1251,1240,1251,1251,1271,1261,1240,1288,1288,1312,1305,1320,1320,1327,1334,1347,1353,1392,1370,1416,1421,1446,1454,1469,1490,1497,1500,1518,1524,1530,1536,1544,1560,1580,1580,1600,1613,1622,1626,1628,1655,1659,1666,1673,1680,1696,1691,1704,1718,1720,1727,1723,1727,1724,1732,1720,1732,1726,1714,1712,1709,1700,1691,1690,1690,1673,1664,1649,1644,1640,1624,1618,1603,1598,1589,1575,1570,1563,1533,1544,1515,1521,1527,1500,1497,1487,1487,1476,1483,1465,1469,1476,1454,1458,1438,1442,1438,1446,1438,1425,1416,1407,1425,1416,1402,1429,1421,1411,1402,1397,1381,1376,1353,1347,1305,1288,1305,1305,1305,1305,1297,1280,1305,1305,1271,1251,1280,1271,1251,1261,1251,1261,1251,1251,1271,1280,1240,1251,1229,1229,1204,1217,1217,1217,1204,1251,1217,1240,1217,1204,1217,1157,1229,1217
87,1189,1189,1204,1189,1217,1157,1174,1204,1204,1217,1229,1157,1204,1204,1137,1189,1229,1189,1157,1204,1189,1137,1157,1204,1229,1189,1217,1174,1189,1189,1229,1229,1229,1204,1137,1189,1204,1189,1229,1204,1217,1229,1204,1229,1204,1204,1189,1229,1217,1240,1240,1288,1280,1305,1305,1271,1305,1320,1320,1327,1320,1347,1353,1365,1365,1392,1402,1429,1446,1450,1469,1490,1493,1506,1506,1512,1536,1541,1550,1557,1580,1591,1598,1607,1626,1634,1647,1655,1664,1683,1683,1696,1698,1703,1714,1724,1733,1739,1740,1736,1740,1740,1739,1743,1739,1727,1730,1726,1720,1709,1714,1696,1678,1680,1660,1666,1647,1640,1630,1613,1605,1580,1577,1563,1565,1541,1544,1530,1518,1521,1515,1500,1493,1490,1490,1480,1483,1469,1473,1446,1458,1442,1434,1434,1434,1434,1429,1438,1421,1425,1416,1421,1411,1411,1402,1397,1407,1370,1359,1353,1327,1334,1288,1280,1297,1297,1280,1280,1297,1288,1271,1251,1288,1305,1271,1261,1271,1251,1261,1251,1240,1229,1251,1217,1240,1204,1240,1217,1204,1229,1229,1204,1217,1204,1229,1204,1217,1204,1229,1189,1217
88,1174,1229,1189,1204,1217,1189,1204,1229,1189,1229,1240,1189,1157,1174,1189,1204,1204,1189,1204,1189,1189,1137,1204,1157,1189,1204,1204,1189,1217,1189,1217,1217,1217,1204,1137,1189,1204,1204,1189,1217,1217,1204,1229,1217,1189,1229,1217,1240,1217,1240,1251,1280,1280,1251,1305,1305,1320,1271,1340,1327,1327,1320,1347,1376,1370,1392,1411,1434,1438,1458,1476,1483,1483,1506,1515,1518,1527,1539,1555,1568,1570,1589,1603,1611,1628,1638,1651,1659,1662,1680,1688,1695,1704,1718,1724,1730,1732,1736,1750,1754,1758,1758,1747,1746,1746,1742,1736,1730,1727,1721,1720,1714,1703,1690,1678,1671,1673,1647,1632,1618,1611,1605,1584,1570,1565,1560,1544,1536,1533,1521,1503,1503,1500,1497,1487,1483,1476,1469,1469,1454,1454,1434,1446,1434,1442,1450,1416,1425,1429,1411,1416,1411,1425,1421,1392,1407,1402,1376,1359,1340,1334,1312,1297,1288,1288,1297,1261,1261,1288,1297,1305,1297,1305,1280,1297,1271,1271,1251,1240,1240,1271,1251,1229,1229,1217,1217,1217,1204,1229,1240,1217,1204,1204,1217,1217,1137,1271,1229,1204,1204,1189
89,1204,1137,1217,1157,1204,1137,1174,1189,1204,1217,1229,1174,1189,1174,1189,1204,1217,1189,1157,1189,1217,1157,1217,1217,1204,1217,1189,1189,1217,1217,1240,1217,1229,1229,1157,1204,1174,1204,1157,1204,1229,1204,1204,1251,1204,1229,1229,1217,1217,1229,1229,1271,1280,1251,1305,1305,1312,1305,1334,1334,1334,1347,1347,1370,1381,1397,1407,1438,1454,1462,1462,1480,1497,1509,1515,1527,1533,1544,1544,1570,1580,1594,1603,1611,1624,1651,1649,1669,1680,1683,1696,1712,1718,1730,1739,1747,1753,1759,1758,1767,1773,1770,1763,1767,1759,1761,1758,1753,1749,1734,1734,1715,1714,1703,1686,1673,1659,1642,1646,1628,1616,1598,1591,1587,1570,1555,1547,1533,1533,1521,1527,1509,1512,1487,1487,1487,1469,1469,1469,1454,1454,1450,1454,1446,1434,1434,1421,1421,1429,1421,1425,1407,1411,1416,1407,1402,1392,1376,1359,1320,1312,1320,1305,1280,1280,1280,1251,1271,1297,1288,1288,1288,1305,1251,1261,1251,1288,1271,1271,1240,1271,1229,1261,1229,1229,1217,1229,1240,1240,1217,1229,1204,1240,1217,1229,1217,1217,1240,1189,1174,1204
90,1189,1189,1157,1204,1204,1157,1157,1229,1137,1217,1204,1217,1157,1189,1137,1204,1217,1189,1137,1204,1204,1157,1189,1217,1204,1204,1217,1189,1204,1204,1240,1240,1229,1217,1189,1217,1217,1217,1217,1217,1217,1217,1189,1217,1229,1229,1217,1229,1229,1261,1251,1271,1271,1271,1305,1305,1312,1312,1320,1320,1320,1334,1365,1365,1370,1402,1411,1438,1438,1462,1469,1476,1503,1515,1509,1533,1539,1541,1560,1577,1587,1589,1607,1613,1630,1630,1655,1676,1678,1696,1696,1714,1717,1729,1742,1749,1761,1758,1771,1778,1779,1786,1769,1784,1774,1774,1769,1754,1757,1751,1751,1730,1723,1711,1698,1683,1676,1664,1646,1646,1628,1611,1600,1582,1582,1565,1552,1547,1544,1530,1518,1497,1500,1493,1497,1480,1476,1469,1458,1458,1454,1454,1446,1434,1438,1446,1425,1425,1425,1416,1425,1421,1421,1416,1407,1387,1381,1359,1359,1347,1327,1312,1280,1271,1288,1271,1271,1271,1280,1305,1271,1280,1305,1288,1280,1280,1251,1271,1280,1229,1288,1240,1240,1251,1240,1229,1251,1251,1271,1217,1240,1217,1229,1229,1271,1204,1240,1204,1217,1217,1229
91,1204,1189,1217,1204,1189,1137,1204,1204,1204,1157,1217,1189,1189,1189,1157,1204,1204,1217,1137,1204,1204,1137,1204,1189,1157,1137,1204,1157,1204,1157,1229,1189,1189,1189,1174,1229,1204,1189,1189,1174,1217,1240,1229,1204,1189,1261,1229,1217,1217,1271,1261,1271,1297,1261,1305,1297,1305,1312,1340,1327,1340,1347,1334,1370,1359,1381,1421,1416,1438,1454,1465,1462,1500,1500,1512,1515,1533,1550,1565,1568,1587,1591,1603,1613,1626,1651,1664,1673,1683,1698,1711,1717,1727,1742,1751,1753,1769,1786,1784,1776,1786,1789,1789,1791,1784,1776,1783,1775,1775,1769,1747,1744,1734,1724,1712,1700,1676,1673,1655,1640,1638,1613,1600,1589,1580,1563,1570,1552,1547,1530,1518,1497,1493,1509,1476,1483,1480,1476,1465,1458,1458,1438,1458,1454,1442,1425,1425,1421,1429,1425,1421,1421,1411,1421,1397,1397,1397,1359,1340,1347,1312,1327,1280,1305,1297,1261,1288,1288,1280,1288,1305,1261,1305,1288,1271,1271,1280,1229,1280,1229,1217,1217,1229,1240,1229,1217,1229,1240,1229,1229,1229,1229,1204,1217,1229,1204,1204,1217,1189,1204,1229
92,1204,1204,1157,1217,1204,1204,1157,1229,1189,1204,1217,1157,1217,1157,1157,1204,1217,1189,1189,1204,1157,1157,1189,1157,1217,1204,1204,1157,1189,1189,1204,1204,1204,1217,1157,1204,1217,1217,1217,1229,1229,1217,1189,1229,1204,1204,1217,1217,1229,1229,1280,1280,1288,1280,1280,1305,1320,1312,1327,1340,1347,1334,1347,1370,1381,1392,1411,1429,1458,1458,1473,1462,1497,1512,1518,1521,1533,1550,1560,1575,1575,1587,1605,1616,1620,1651,1659,1673,1685,1693,1714,1721,1733,1743,1750,1766,1779,1779,1790,1796,1799,1799,1805,1807,1797,1799,1795,1781,1780,1767,1770,1761,1743,1732,1712,1714,1696,1681,1662,1655,1640,1628,1611,1607,1589,1580,1570,1544,1539,1536,1518,1509,1509,1500,1493,1487,1480,1465,1462,1469,1450,1446,1442,1446,1446,1446,1429,1421,1425,1429,1421,1416,1416,1416,1411,1402,1387,1353,1359,1353,1320,1305,1305,1271,1280,1288,1288,1297,1251,1288,1305,1288,1305,1280,1261,1261,1261,1288,1271,1229,1251,1240,1261,1229,1251,1217,1240,1217,1312,1251,1229,1229,1204,1204,1251,1229,1217,1240,1204,1157,1217
93,1157,1189,1189,1189,1204,1137,1189,1157,1189,1204,1204,1189,1157,1189,1189,1189,1217,1157,1137,1204,1204,1137,1204,1157,1157,1189,1204,1137,1137,1137,1251,1204,1204,1217,1204,1189,1157,1217,1217,1189,1217,1229,1204,1217,1189,1229,1204,1217,1229,1271,1251,1271,1271,1280,1297,1288,1297,1320,1334,1334,1334,1347,1370,1365,1387,1402,1411,1416,1429,1450,1462,1487,1490,1509,1515,1521,1527,1552,1555,1557,1577,1584,1605,1624,1640,1649,1655,1673,1685,1698,1707,1727,1732,1754,1755,1770,1778,1784,1799,1795,1812,1809,1809,1809,1812,1799,1809,1796,1790,1774,1778,1770,1751,1746,1733,1720,1703,1688,1676,1659,1640,1628,1613,1594,1580,1575,1560,1547,1539,1527,1515,1521,1490,1490,1487,1483,1458,1462,1454,1450,1450,1442,1446,1438,1446,1425,1421,1421,1425,1411,1416,1397,1411,1387,1397,1392,1376,1370,1340,1347,1327,1305,1320,1280,1251,1271,1229,1271,1261,1280,1271,1271,1288,1271,1288,1261,1261,1251,1271,1240,1229,1217,1251,1229,1217,1204,1240,1229,1271,1251,1229,1229,1217,1217,1229,1217,1217,1229,1189,1174,1229
94,1204,1217,1137,1204,1204,1204,1174,1217,1189,1157,1217,1204,1189,1174,1189,1189,1229,1189,1157,1204,1189,1157,1204,1189,1217,1157,1189,1189,1137,1204,1229,1204,1217,1229,1157,1229,1204,1189,1217,1204,1189,1217,1229,1217,1217,1240,1229,1240,1204,1229,1240,1305,1271,1261,1305,1305,1305,1305,1340,1334,1334,1353,1359,1376,1381,1397,1429,1425,1429,1446,1473,1483,1476,1503,1512,1521,1533,1539,1550,1565,1580,1591,1598,1613,1626,1647,1659,1669,1696,1698,1717,1729,1733,1750,1758,1776,1779,1794,1795,1810,1810,1823,1820,1816,1820,1810,1801,1797,1803,1785,1781,1774,1755,1751,1737,1724,1712,1698,1685,1666,1659,1632,1620,1611,1603,1591,1570,1563,1539,1541,1515,1515,1506,1493,1487,1476,1462,1462,1462,1458,1458,1425,1446,1446,1429,1429,1421,1421,1416,1421,1411,1407,1411,1397,1407,1387,1370,1365,1365,1340,1320,1288,1305,1288,1288,1280,1261,1297,1288,1305,1271,1288,1280,1305,1280,1217,1251,1204,1240,1229,1229,1217,1240,1229,1229,1204,1240,1251,1271,1229,1297,1229,1229,1217,1229,1217,1217,1204,1157,1229,1217
95,1204,1204,1157,1204,1189,1157,1229,1157,1204,1204,1189,1204,1189,1204,1137,1204,1217,1189,1174,1189,1217,1137,1204,1189,1229,1204,1217,1189,1189,1189,1240,1204,1217,1217,1189,1217,1217,1189,1189,1217,1217,1217,1189,1229,1217,1217,1204,1251,1217,1271,1229,1280,1280,1288,1297,1320,1312,1320,1340,1334,1347,1365,1347,1370,1397,1392,1397,1421,1434,1446,1469,1476,1480,1497,1506,1518,1527,1539,1550,1565,1580,1589,1589,1609,1630,1647,1655,1673,1680,1703,1715,1723,1742,1751,1761,1775,1781,1796,1816,1810,1817,1813,1821,1813,1823,1816,1814,1808,1808,1800,1788,1785,1769,1758,1740,1726,1715,1701,1683,1662,1666,1647,1624,1613,1584,1580,1570,1557,1544,1539,1521,1509,1500,1490,1483,1480,1476,1465,1469,1450,1462,1429,1446,1438,1429,1425,1425,1416,1421,1411,1411,1402,1421,1407,1407,1392,1376,1370,1359,1327,1340,1312,1288,1297,1297,1288,1271,1261,1288,1305,1288,1271,1271,1261,1261,1229,1271,1297,1271,1229,1229,1251,1251,1240,1229,1204,1229,1229,1261,1229,1251,1217,1204,1217,1240,1240,1217,1229,1204,1204,1217
96,1189,1229,1204,1157,1189,1204,1174,1157,1204,1189,1229,1204,1204,1157,1189,1204,1204,1217,1157,1204,1204,1137,1189,1217,1189,1189,1189,1189,1204,1137,1229,1240,1217,1204,1217,1189,1189,1217,1157,1204,1204,1240,1271,1217,1217,1271,1204,1240,1217,1251,1240,1271,1280,1320,1280,1297,1305,1297,1320,1320,1347,1340,1359,1376,1370,1387,1407,1411,1429,1438,1454,1473,1483,1497,1506,1521,1518,1533,1547,1557,1565,1587,1596,1605,1620,1634,1651,1666,1683,1696,1707,1723,1732,1750,1766,1778,1786,1797,1810,1815,1821,1817,1826,1826,1823,1824,1816,1820,1812,1802,1800,1784,1770,1758,1739,1730,1715,1703,1688,1683,1666,1646,1628,1609,1596,1577,1572,1555,1550,1530,1515,1509,1500,1493,1476,1473,1469,1465,1462,1458,1450,1442,1442,1438,1429,1425,1411,1421,1421,1411,1411,1407,1402,1392,1381,1376,1359,1359,1353,1334,1327,1320,1280,1288,1271,1288,1297,1288,1271,1271,1288,1271,1288,1261,1261,1229,1240,1229,1271,1251,1251,1261,1240,1204,1251,1204,1217,1240,1240,1229,1217,1217,1217,1157,1204,1217,1189,1204,1157,1204,1204
97,1204,1174,1157,1189,1217,1189,1174,1217,1189,1217,1157,1204,1189,1204,1189,1204,1217,1189,1157,1217,1217,1157,1189,1189,1189,1189,1137,1174,1204,1217,1229,1204,1217,1189,1189,1189,1189,1204,1204,1229,1217,1204,1217,1240,1204,1251,1229,1217,1229,1251,1271,1261,1280,1280,1271,1305,1288,1305,1334,1353,1334,1340,1365,1370,1359,1392,1402,1421,1429,1454,1465,1469,1469,1490,1500,1515,1521,1527,1550,1563,1565,1572,1587,1594,1613,1638,1644,1664,1683,1690,1704,1721,1732,1755,1769,1781,1790,1796,1802,1810,1824,1825,1821,1829,1825,1826,1823,1823,1816,1807,1812,1786,1775,1761,1754,1743,1723,1711,1696,1685,1668,1640,1632,1626,1600,1591,1575,1557,1547,1530,1515,1509,1500,1490,1476,1473,1462,1462,1458,1446,1442,1442,1442,1438,1421,1425,1411,1402,1397,1411,1397,1392,1397,1392,1370,1359,1392,1370,1347,1327,1334,1312,1288,1251,1271,1251,1280,1271,1240,1261,1288,1271,1280,1240,1251,1217,1251,1251,1261,1229,1229,1229,1240,1229,1251,1251,1204,1251,1251,1240,1217,1204,1229,1204,1217,1204,1157,1217,1204,1204,1204
98,1204,1204,1189,1157,1189,1137,1174,1204,1189,1229,1204,1204,1157,1204,1189,1204,1204,1204,1157,1204,1229,1157,1157,1157,1217,1204,1189,1204,1189,1217,1240,1204,1217,1204,1157,1204,1189,1157,1157,1189,1204,1229,1204,1204,1204,1229,1217,1229,1204,1271,1217,1288,1271,1271,1280,1305,1288,1288,1327,1320,1327,1347,1347,1365,1370,1397,1392,1416,1442,1438,1458,1458,1465,1483,1490,1515,1521,1527,1536,1547,1555,1568,1582,1596,1609,1622,1644,1659,1668,1683,1701,1709,1740,1746,1761,1779,1783,1794,1803,1814,1817,1822,1826,1825,1829,1827,1826,1821,1816,1807,1802,1794,1785,1770,1749,1743,1724,1709,1688,1675,1659,1655,1628,1620,1594,1584,1560,1560,1547,1527,1518,1500,1500,1476,1476,1476,1465,1458,1450,1454,1434,1442,1429,1421,1429,1421,1425,1421,1411,1402,1397,1392,1402,1370,1376,1353,1353,1340,1340,1334,1320,1297,1297,1261,1280,1288,1288,1271,1280,1280,1251,1229,1288,1229,1251,1240,1240,1229,1288,1261,1240,1240,1229,1240,1229,1229,1229,1229,1217,1217,1229,1189,1229,1204,1229,1189,1204,1217,1137,1217,1217
99,1157,1217,1189,1189,1189,1137,1174,1204,1204,1251,1204,1189,1204,1217,1157,1204,1204,1204,1157,1217,1204,1137,1189,1189,1217,1189,1189,1137,1204,1157,1217,1204,1229,1229,1217,1204,1204,1204,1204,1204,1217,1204,1189,1204,1189,1217,1189,1240,1229,1240,1240,1251,1297,1229,1288,1305,1288,1288,1327,1320,1320,1334,1359,1370,1365,1381,1397,1416,1425,1434,1450,1458,1480,1487,1506,1500,1518,1521,1536,1550,1555,1570,1580,1594,1603,1624,1642,1649,1664,1690,1703,1718,1726,1749,1763,1774,1791,1794,1799,1805,1816,1822,1824,1834,1823,1823,1831,1821,1817,1814,1805,1784,1785,1766,1754,1739,1730,1718,1698,1671,1664,1651,1630,1609,1596,1584,1563,1550,1533,1527,1515,1503,1490,1476,1480,1469,1446,1458,1454,1446,1438,1434,1434,1421,1429,1421,1407,1429,1392,1416,1392,1387,1387,1387,1381,1359,1347,1353,1320,1334,1305,1320,1305,1271,1280,1271,1229,1229,1251,1251,1261,1261,1251,1251,1271,1240,1240,1229,1240,1229,1240,1229,1217,1229,1229,1217,1229,1240,1229,1240,1229,1204,1217,1204,1229,1217,1137,1204,1204,1137,1217
100,1204,1204,1204,1189,1217,1157,1204,1204,1204,1204,1204,1204,1157,1217,1217,1204,1217,1204,1204,1204,1189,1157,1229,1204,1189,1217,1229,1137,1204,1204,1229,1271,1217,1217,1189,1217,1217,1217,1217,1229,1240,1217,1189,1229,1229,1229,1204,1204,1204,1280,1251,1251,1240,1271,1271,1280,1305,1312,1297,1347,1334,1327,1353,1381,1376,1402,1416,1416,1429,1438,1454,1442,1462,1476,1483,1497,1515,1515,1527,1541,1547,1563,1575,1582,1596,1618,1634,1649,1662,1676,1693,1717,1727,1736,1755,1773,1783,1791,1799,1805,1810,1820,1822,1831,1829,1823,1827,1821,1825,1802,1805,1785,1776,1767,1758,1737,1723,1712,1696,1678,1664,1653,1630,1609,1589,1587,1565,1547,1527,1527,1497,1503,1493,1480,1469,1465,1454,1434,1429,1438,1446,1434,1438,1434,1429,1425,1421,1411,1402,1407,1397,1381,1381,1365,1359,1340,1340,1353,1347,1334,1305,1280,1288,1271,1251,1271,1271,1251,1261,1271,1240,1251,1251,1229,1271,1261,1251,1240,1280,1240,1261,1217,1229,1229,1251,1217,1261,1229,1240,1229,1217,1189,1204,1217,1204,1229,1204,1204,1189,1189,1204
101,1204,1229,1157,1189,1204,1204,1137,1204,1157,1189,1217,1204,1157,1189,1204,1204,1217,1189,1204,1229,1204,1137,1204,1204,1204,1189,1217,1137,1189,1189,1229,1217,1229,1189,1157,1204,1229,1204,1204,1204,1204,1229,1204,1229,1217,1217,1189,1217,1229,1240,1261,1261,1251,1229,1229,1240,1271,1288,1320,1334,1340,1334,1334,1365,1359,1387,1397,1421,1421,1421,1434,1450,1462,1476,1480,1483,1500,1518,1521,1539,1547,1550,1565,1580,1596,1605,1622,1638,1655,1673,1690,1704,1723,1734,1746,1759,1774,1784,1793,1800,1808,1820,1815,1815,1821,1825,1809,1825,1813,1801,1799,1791,1775,1766,1753,1734,1729,1703,1691,1664,1655,1636,1620,1605,1584,1570,1552,1547,1518,1524,1509,1497,1480,1469,1469,1462,1462,1446,1434,1446,1425,1421,1425,1442,1425,1411,1402,1407,1387,1359,1370,1359,1359,1334,1340,1353,1340,1334,1312,1320,1288,1280,1261,1297,1280,1271,1217,1217,1261,1288,1251,1240,1261,1240,1251,1217,1280,1217,1251,1229,1229,1261,1271,1217,1217,1189,1229,1271,1229,1240,1229,1204,1217,1204,1204,1217,1189,1204,1189,1189,1204
102,1217,1204,1204,1204,1217,1137,1189,1189,1204,1217,1217,1204,1189,1189,1189,1217,1229,1204,1157,1204,1261,0,1189,1217,1204,1240,1217,1204,1189,1174,1217,1217,1251,1217,1204,1189,1217,1204,1204,1204,1229,1217,1204,1189,1217,1240,1217,1229,1217,1280,1240,1261,1251,1251,1271,1261,1288,1288,1320,1334,1353,1353,1334,1353,1381,1387,1392,1421,1411,1429,1438,1450,1462,1483,1483,1483,1503,1515,1518,1533,1533,1547,1563,1584,1582,1605,1620,1644,1649,1669,1688,1700,1718,1733,1743,1757,1773,1781,1779,1788,1807,1810,1813,1816,1820,1812,1809,1814,1800,1806,1794,1779,1770,1755,1744,1733,1717,1703,1676,1673,1640,1646,1618,1603,1584,1570,1555,1539,1521,1521,1497,1487,1480,1476,1454,1458,1454,1446,1446,1446,1446,1425,1425,1425,1411,1425,1407,1392,1402,1370,1365,1365,1353,1334,1327,1334,1347,1320,1312,1305,1297,1251,1261,1280,1271,1240,1271,1251,1240,1280,1217,1229,1251,1240,1271,1229,1288,1229,1271,1251,1229,1240,1251,1240,1217,1217,1251,1217,1280,1229,1217,1204,1204,1204,1217,1189,1189,1217,1204,1217,1204
103,1217,1157,1189,1229,1204,1157,1189,1204,1204,1217,1189,1204,1157,1204,1217,1204,1217,1217,1204,1189,1217,0,1137,1204,1189,1204,1204,1204,1204,1204,1229,1229,1240,1204,1157,1189,1204,1204,1204,1204,1189,1229,1204,1229,1217,1204,1204,1157,1229,1251,1240,1251,1240,1240,1280,1280,1288,1271,1305,1312,1320,1334,1365,1359,1381,1381,1387,1397,1411,1416,1438,1434,1450,1458,1480,1497,1493,1493,1509,1521,1530,1544,1552,1575,1587,1594,1607,1624,1636,1649,1671,1688,1709,1727,1733,1750,1763,1770,1780,1786,1795,1799,1814,1800,1814,1807,1805,1806,1803,1799,1788,1779,1767,1755,1746,1724,1707,1690,1680,1666,1644,1630,1611,1587,1582,1563,1544,1524,1515,1503,1497,1493,1473,1462,1454,1458,1454,1438,1438,1434,1429,1438,1434,1429,1421,1411,1402,1392,1381,1370,1365,1347,1340,1320,1320,1320,1312,1312,1305,1312,1297,1288,1261,1261,1288,1271,1251,1271,1280,1251,1240,1240,1288,1280,1271,1251,1251,1229,1288,1251,1229,1204,1251,1229,1240,1229,1240,1229,1229,1217,1229,1240,1229,1204,1217,1204,1217,1217,1204,1157,1217
104,1217,1204,1157,1189,1204,1157,1204,1217,1157,1204,1217,1157,1189,1204,1217,1217,1217,1174,1189,1189,1217,1204,1217,1204,1204,1189,1189,1189,1189,1217,1229,1204,1217,1229,1157,1189,1217,1217,1189,1217,1204,1217,1157,1288,1217,1204,1240,1229,1204,1240,1229,1251,1240,1204,1251,1261,1280,1305,1288,1320,1305,1320,1347,1359,1370,1353,1381,1387,1397,1421,1429,1438,1446,1462,1465,1469,1506,1503,1515,1515,1524,1527,1544,1557,1580,1594,1598,1613,1632,1644,1660,1686,1696,1720,1726,1739,1753,1761,1767,1776,1785,1796,1788,1793,1805,1795,1794,1796,1794,1784,1781,1769,1755,1742,1729,1715,1701,1685,1664,1659,1636,1620,1609,1598,1572,1557,1547,1527,1509,1493,1483,1476,1469,1473,1454,1462,1446,1438,1438,1434,1434,1425,1429,1416,1392,1407,1392,1370,1370,1347,1347,1305,1320,1320,1297,1305,1320,1288,1297,1297,1261,1251,1288,1229,1240,1240,1251,1229,1251,1261,1229,1229,1271,1240,1229,1217,1251,1240,1251,1217,1229,1240,1240,1229,1217,1229,1229,1204,1229,1229,1189,1189,1157,1251,1229,1204,1204,1217,1137,1189,1229
105,1229,1157,1204,1204,1189,1204,1229,1217,1204,1204,1204,1204,1189,1204,1204,1189,1251,1189,1189,1204,1157,1137,1204,1189,1204,1217,1204,1217,1204,1261,1240,1217,1240,1217,1204,1157,1217,1204,1251,1217,1229,1204,1204,1229,1189,1251,1204,1217,1204,1240,1229,1229,1261,1229,1261,1217,1240,1271,1305,1312,1334,1327,1327,1370,1353,1359,1387,1387,1397,1411,1416,1438,1446,1446,1462,1476,1487,1487,1483,1500,1521,1536,1547,1547,1575,1577,1587,1607,1620,1647,1664,1666,1685,1696,1701,1730,1730,1749,1755,1769,1778,1783,1791,1791,1789,1788,1791,1781,1781,1773,1769,1751,1750,1734,1723,1709,1690,1676,1668,1647,1632,1609,1598,1572,1555,1552,1527,1524,1503,1503,1476,1469,1465,1458,1446,1446,1446,1450,1438,1438,1434,1421,1429,1407,1402,1411,1381,1353,1370,1340,1334,1305,1312,1334,1297,1280,1320,1305,1312,1305,1271,1280,1261,1271,1280,1261,1251,1271,1271,1271,1229,1204,1240,1280,1240,1229,1280,1261,1280,1261,1229,1229,1229,1229,1229,1217,1204,1229,1217,1229,1229,1204,1204,1189,1204,1229,1229,1229,1157,1217,1157
106,1204,1157,1204,1204,1217,1189,1204,1217,1189,1157,1157,1204,1157,1204,1137,1204,1189,1204,1189,1217,1189,1115,1157,1217,1189,1157,1189,1137,1157,1204,1229,1229,1229,1189,1189,1204,1217,1157,1204,1189,1204,1204,1217,1217,1204,1229,1217,1217,1217,1240,1217,1251,1240,1240,1261,1217,1261,1261,1305,1288,1312,1320,1334,1359,1347,1365,1370,1381,1402,1411,1429,1429,1438,1450,1462,1469,1483,1493,1503,1512,1521,1527,1533,1550,1547,1570,1587,1607,1622,1630,1646,1657,1680,1686,1706,1715,1727,1742,1750,1761,1762,1774,1769,1767,1779,1776,1773,1774,1771,1758,1761,1744,1730,1712,1709,1690,1675,1669,1649,1634,1624,1605,1582,1568,1555,1536,1530,1518,1493,1483,1487,1469,1469,1462,1454,1446,1446,1442,1438,1438,1434,1421,1411,1411,1392,1411,1376,1376,1347,1320,1327,1320,1305,1261,1240,1288,1288,1305,1288,1271,1271,1271,1288,1251,1271,1280,1240,1251,1240,1271,1229,1240,1229,1217,1271,1271,1261,1251,1251,1240,1229,1229,1240,1217,1217,1189,1229,1204,1217,1229,1217,1189,1157,1157,1157,1189,1157,1217,1204,1204,1204
107,1204,1217,1189,1189,1204,1217,1204,1217,1204,1240,1229,1157,1137,1174,1204,1189,1217,1217,1189,1217,1157,1157,1204,1204,1204,1157,1240,1174,1157,1204,1229,1204,1217,1204,1157,1229,1204,1217,1204,1204,1229,1217,1204,1229,1229,1217,1229,1204,1189,1217,1229,1229,1240,1251,1251,1251,1271,1261,1280,1288,1305,1347,1340,1334,1334,1353,1365,1370,1392,1402,1421,1421,1438,1442,1465,1469,1487,1490,1497,1503,1527,1518,1533,1550,1550,1565,1589,1591,1607,1618,1632,1649,1659,1680,1688,1706,1714,1723,1739,1746,1755,1755,1753,1761,1765,1762,1776,1757,1753,1746,1739,1733,1721,1704,1693,1686,1664,1642,1644,1630,1611,1594,1580,1568,1547,1533,1527,1506,1493,1487,1469,1458,1454,1458,1450,1454,1442,1434,1434,1438,1429,1416,1416,1402,1387,1392,1353,1334,1327,1334,1320,1297,1271,1305,1229,1251,1280,1297,1288,1288,1297,1251,1280,1261,1288,1251,1217,1229,1240,1251,1229,1251,1240,1271,1280,1271,1251,1229,1251,1217,1229,1217,1217,1229,1217,1217,1174,1217,1217,1217,1217,1204,1204,1189,1229,1204,1189,1204,1137,1217,1189
108,1229,1204,1217,1204,1204,1115,1157,1189,1217,1217,1204,1229,1189,1189,1217,1217,1217,1204,1157,1204,1204,1157,1189,1157,1157,1204,1229,1189,1157,1189,1229,1204,1189,1157,1157,1217,1229,1157,1189,1204,1217,1189,1189,1204,1217,1217,1204,1189,1229,1229,1251,1240,1217,1229,1271,1261,1288,1251,1288,1280,1312,1327,1327,1347,1334,1359,1376,1359,1392,1402,1407,1421,1429,1450,1454,1469,1469,1480,1493,1487,1506,1518,1533,1530,1541,1555,1572,1584,1603,1609,1628,1636,1659,1664,1685,1696,1701,1717,1718,1730,1736,1743,1739,1753,1754,1750,1749,1739,1739,1734,1727,1712,1706,1695,1685,1673,1653,1634,1622,1603,1598,1584,1568,1550,1539,1515,1521,1503,1487,1473,1465,1454,1462,1446,1446,1454,1438,1438,1425,1434,1402,1411,1411,1397,1381,1370,1353,1340,1327,1297,1305,1280,1288,1280,1251,1280,1288,1288,1271,1280,1251,1288,1271,1271,1261,1271,1261,1251,1229,1251,1261,1240,1251,1229,1261,1251,1271,1271,1251,1261,1229,1229,1229,1217,1229,1217,1229,1189,1229,1229,1217,1157,1204,1204,1229,1189,1189,1217,1217,1204,1204
109,1217,1204,1217,1189,1217,1157,1189,1217,1204,1217,1217,1204,1204,1204,1189,1204,1157,1217,1204,1189,1229,1137,1204,1204,1204,1189,1229,1137,1189,1204,1217,1217,1217,1229,1189,1189,1204,1217,1204,1204,1204,1240,1204,1229,1204,1229,1217,1189,1204,1217,1217,1217,1204,1251,1229,1217,1229,1271,1271,1288,1288,1312,1320,1320,1312,1334,1365,1359,1392,1397,1402,1411,1429,1434,1446,1446,1462,1480,1483,1497,1500,1509,1518,1530,1544,1544,1555,1577,1575,1594,1616,1630,1640,1649,1660,1681,1695,1698,1698,1709,1723,1729,1729,1733,1733,1736,1723,1730,1727,1714,1715,1703,1693,1686,1659,1653,1638,1620,1607,1594,1584,1565,1555,1547,1524,1506,1509,1487,1469,1465,1454,1450,1450,1442,1442,1438,1416,1416,1421,1425,1402,1397,1381,1381,1370,1353,1353,1334,1327,1305,1288,1271,1280,1280,1271,1288,1288,1305,1297,1288,1280,1320,1251,1271,1271,1280,1240,1217,1251,1229,1240,1271,1251,1280,1229,1261,1271,1229,1288,1229,1280,1229,1204,1240,1217,1217,1217,1217,1217,1204,1229,1217,1157,1204,1229,1174,1204,1204,1157,1204,1189
110,1217,1157,1189,1217,1204,1189,1174,1204,1189,1204,1217,1204,1189,1204,1189,1204,1204,1217,1229,1204,1229,1115,1189,1204,1229,1251,1157,1189,1204,1189,1217,1217,1229,1217,1189,1217,1189,1217,1204,1229,1204,1217,1217,1229,1189,1217,1229,1204,1217,1217,1217,1229,1229,1217,1240,1217,1280,1261,1280,1297,1297,1288,1305,1334,1334,1334,1353,1359,1359,1397,1397,1402,1421,1442,1450,1446,1458,1465,1473,1487,1490,1500,1506,1521,1533,1539,1555,1570,1582,1603,1607,1620,1632,1638,1651,1662,1676,1693,1696,1701,1706,1715,1718,1709,1717,1718,1709,1720,1709,1704,1698,1683,1673,1659,1649,1638,1622,1620,1603,1582,1570,1557,1552,1524,1524,1509,1493,1476,1480,1462,1473,1446,1438,1434,1434,1434,1429,1421,1407,1392,1392,1407,1397,1376,1370,1359,1340,1320,1305,1288,1297,1251,1288,1288,1297,1280,1297,1288,1312,1280,1288,1288,1251,1288,1271,1261,1240,1261,1240,1261,1229,1229,1261,1251,1280,1251,1280,1240,1271,1261,1229,1251,1251,1217,1240,1229,1217,1229,1217,1217,1217,1189,1217,1217,1217,1204,1189,1229,1204,1229,1217
111,1217,1157,1204,1204,1204,1189,1174,1240,1189,1204,1189,1189,1189,1189,1157,1251,1204,1189,1189,1189,1217,1137,1189,1229,1204,1189,1217,1157,1189,1204,1229,1217,1204,1217,1157,1217,1189,1157,1189,1204,1189,1189,1204,1204,1189,1217,1204,1189,1204,1240,1204,1229,1217,1240,1229,1204,1217,1261,1288,1251,1271,1305,1297,1320,1320,1327,1340,1347,1359,1381,1392,1411,1411,1434,1438,1446,1462,1458,1473,1473,1503,1493,1497,1506,1518,1530,1544,1565,1568,1575,1587,1605,1609,1634,1630,1647,1660,1669,1676,1673,1690,1691,1696,1693,1700,1693,1683,1698,1685,1676,1678,1664,1664,1653,1628,1626,1611,1598,1584,1572,1563,1544,1539,1506,1509,1506,1483,1473,1462,1462,1434,1446,1429,1421,1429,1438,1416,1421,1397,1402,1397,1392,1365,1370,1370,1353,1320,1305,1305,1305,1297,1261,1261,1288,1251,1251,1305,1288,1312,1280,1288,1288,1261,1271,1280,1240,1240,1251,1229,1251,1261,1251,1288,1261,1280,1240,1261,1261,1251,1229,1240,1204,1229,1229,1240,1229,1217,1217,1217,1217,1204,1204,1189,1204,1217,1204,1204,1204,1157,1189,1217
112,1204,1189,1157,1217,1204,1157,1137,1217,1229,1189,1204,1217,1204,1137,1204,1229,1229,1189,1189,1204,1217,1137,1189,1204,1240,1217,1217,1157,1157,1189,1251,1204,1204,1217,1229,1217,1217,1229,1204,1189,1217,1217,1229,1204,1204,1217,1229,1217,1204,1251,1229,1240,1240,1229,1251,1229,1271,1229,1271,1261,1288,1312,1305,1312,1320,1327,1347,1340,1370,1376,1387,1402,1421,1407,1434,1434,1454,1454,1458,1476,1473,1493,1503,1503,1515,1533,1536,1563,1560,1568,1577,1596,1603,1616,1620,1632,1638,1651,1664,1673,1680,1675,1676,1681,1681,1680,1671,1673,1671,1666,1655,1644,1646,1636,1624,1609,1598,1587,1560,1555,1541,1539,1518,1506,1493,1476,1462,1458,1442,1442,1450,1425,1429,1429,1421,1421,1411,1407,1392,1392,1381,1381,1370,1359,1347,1334,1320,1312,1312,1312,1271,1288,1297,1271,1280,1280,1305,1297,1297,1297,1271,1271,1251,1240,1280,1288,1261,1271,1251,1251,1261,1251,1288,1240,1280,1240,1305,1229,1280,1204,1229,1240,1240,1240,1217,1217,1240,1217,1229,1229,1204,1204,1204,1189,1217,1189,1204,1204,1204,1240,1217
113,1204,1217,1157,1189,1217,1157,1217,1217,1217,1204,1217,1204,1137,1204,1217,1217,1229,1204,1189,1217,1217,1137,1137,1204,1204,1217,1217,1189,1204,1157,1251,1229,1229,1217,1189,1229,1217,1229,1204,1189,1217,1229,1189,1217,1204,1251,1204,1251,1217,1251,1217,1240,1240,1204,1251,1271,1217,1271,1251,1240,1261,1288,1271,1305,1305,1320,1334,1347,1365,1359,1397,1387,1397,1416,1429,1425,1446,1450,1454,1469,1476,1476,1483,1483,1515,1515,1527,1539,1547,1555,1565,1580,1577,1594,1609,1613,1636,1630,1647,1647,1657,1657,1657,1662,1660,1662,1659,1655,1659,1646,1644,1634,1622,1607,1603,1594,1580,1570,1547,1544,1550,1518,1506,1497,1487,1490,1469,1446,1438,1446,1429,1425,1421,1421,1411,1402,1407,1397,1376,1381,1359,1353,1365,1340,1353,1340,1312,1305,1297,1288,1305,1261,1280,1251,1280,1251,1280,1305,1297,1261,1240,1271,1261,1261,1271,1251,1204,1229,1251,1271,1271,1251,1305,1271,1251,1240,1271,1261,1240,1251,1229,1229,1251,1240,1251,1229,1204,1251,1229,1204,1204,1204,1157,1157,1217,1204,1204,1229,1204,1217,1137
114,1217,1137,1204,1189,1189,1137,1174,1217,1157,1189,1217,1189,1217,1204,1174,1229,1229,1204,1157,1204,1204,1189,1157,1204,1189,1204,1189,1157,1137,1204,1261,1229,1204,1229,1189,1217,1204,1157,1204,1229,1217,1189,1217,1229,1217,1204,1189,1204,1229,1229,1204,1261,1229,1217,1240,1204,1229,1240,1251,1251,1229,1271,1271,1297,1297,1305,1320,1340,1359,1353,1365,1387,1397,1397,1407,1434,1425,1458,1454,1450,1462,1473,1476,1487,1500,1503,1515,1524,1544,1550,1560,1563,1582,1584,1596,1603,1613,1624,1626,1624,1632,1632,1640,1642,1638,1634,1642,1632,1636,1624,1638,1611,1609,1600,1587,1577,1557,1557,1544,1536,1521,1521,1500,1480,1476,1469,1462,1446,1446,1429,1416,1416,1421,1402,1402,1402,1376,1370,1353,1359,1359,1340,1353,1340,1347,1312,1288,1305,1251,1280,1297,1271,1288,1261,1271,1288,1288,1280,1288,1271,1251,1229,1229,1240,1261,1240,1204,1251,1251,1251,1261,1271,1229,1229,1280,1251,1251,1229,1229,1240,1240,1229,1229,1229,1240,1204,1217,1204,1240,1229,1217,1189,1229,1217,1229,1229,1137,1204,1204,1204,1204
115,1204,1157,1189,1204,1204,1157,1189,1217,1189,1157,1204,1229,1189,1189,1174,1204,1217,1229,1157,1217,1204,1137,1189,1204,1204,1204,1217,1137,1157,1217,1229,1217,1204,1204,1204,1217,1204,1189,1217,1204,1204,1217,1137,1217,1189,1204,1217,1217,1217,1240,1229,1229,1204,1217,1217,1217,1251,1240,1271,1251,1240,1271,1280,1288,1288,1297,1305,1327,1334,1353,1376,1376,1381,1392,1411,1397,1434,1429,1442,1446,1458,1469,1465,1493,1483,1509,1497,1521,1521,1533,1544,1557,1557,1563,1582,1582,1598,1603,1613,1613,1618,1620,1624,1622,1630,1622,1620,1611,1620,1596,1611,1600,1591,1584,1577,1565,1555,1544,1550,1524,1521,1497,1490,1473,1465,1469,1446,1442,1416,1421,1402,1402,1411,1392,1381,1397,1381,1365,1365,1359,1359,1359,1353,1347,1305,1312,1305,1297,1305,1305,1288,1261,1305,1271,1280,1305,1288,1288,1271,1280,1229,1229,1251,1240,1271,1229,1204,1240,1251,1240,1271,1251,1251,1288,1229,1240,1251,1261,1251,1229,1217,1217,1251,1217,1240,1251,1229,1189,1217,1157,1204,1204,1189,1204,1217,1189,1189,1217,1137,1204,1217
116,1189,1189,1189,1174,1189,1137,1137,1204,1174,1204,1217,1204,1189,1189,1174,1204,1217,1217,1157,1189,1189,0,1204,1217,1189,1217,1217,1137,1174,1157,1204,1204,1229,1204,1157,1157,1189,1174,1204,1229,1204,1240,1174,1204,1189,1204,1204,1157,1157,1204,1174,1217,1217,1229,1204,1189,1229,1229,1251,1204,1240,1261,1271,1280,1297,1305,1312,1312,1340,1347,1370,1370,1392,1402,1397,1402,1421,1434,1421,1446,1442,1446,1473,1473,1487,1490,1490,1506,1518,1518,1536,1550,1547,1560,1565,1572,1575,1582,1582,1589,1607,1605,1598,1611,1603,1600,1600,1594,1589,1594,1584,1589,1570,1565,1565,1552,1539,1539,1512,1512,1509,1480,1469,1473,1446,1454,1442,1425,1421,1411,1387,1392,1392,1381,1370,1370,1365,1353,1320,1347,1365,1320,1340,1305,1305,1320,1305,1271,1280,1288,1305,1280,1288,1288,1280,1261,1297,1251,1261,1251,1204,1229,1229,1261,1240,1261,1217,1217,1251,1251,1271,1240,1251,1240,1261,1251,1271,1240,1217,1229,1229,1204,1217,1217,1189,1229,1137,1217,1204,1204,1204,1204,1189,1157,1229,1189,1137,1217,1157,1189,1204
117,1204,1189,1137,1189,1204,1189,1189,1204,1204,1229,1189,1189,1157,1189,1204,1217,1217,1204,1137,1229,1217,1157,1157,1204,1157,1204,1204,1204,1229,1189,1229,1217,1251,1189,1157,1189,1204,1189,1204,1204,1229,1217,1204,1229,1189,1204,1217,1204,1204,1229,1229,1229,1229,1189,1240,1204,1204,1229,1240,1271,1251,1271,1271,1288,1261,1288,1280,1312,1334,1340,1347,1359,1376,1381,1402,1407,1411,1425,1421,1442,1442,1446,1454,1458,1469,1476,1487,1490,1512,1506,1530,1530,1527,1550,1550,1557,1563,1570,1575,1570,1589,1584,1577,1594,1587,1587,1584,1575,1580,1580,1577,1568,1557,1550,1544,1533,1527,1515,1503,1506,1490,1487,1473,1462,1446,1442,1438,1411,1402,1392,1392,1387,1370,1370,1387,1365,1347,1340,1320,1340,1334,1334,1340,1312,1320,1305,1288,1297,1297,1288,1305,1297,1297,1297,1297,1229,1288,1271,1251,1261,1229,1217,1217,1204,1229,1251,1204,1251,1251,1280,1229,1229,1271,1240,1229,1229,1240,1217,1229,1204,1229,1204,1229,1229,1217,1240,1204,1217,1204,1217,1217,1204,1157,1157,1229,1204,1204,1204,1137,1189,1204
118,1204,1189,1189,1189,1217,1189,1157,1189,1204,1217,1217,1189,1189,1217,1157,1204,1204,1189,1204,1204,1137,1137,1204,1204,1229,1174,1217,1204,1204,1189,1217,1204,1217,1204,1204,1204,1217,1217,1204,1229,1229,1189,1157,1217,1204,1240,1174,1229,1217,1240,1217,1204,1240,1229,1240,1157,1204,1229,1229,1240,1217,1251,1261,1271,1271,1288,1297,1305,1320,1320,1347,1347,1353,1381,1381,1392,1407,1407,1434,1425,1429,1438,1446,1458,1465,1469,1487,1490,1500,1509,1518,1524,1521,1544,1547,1552,1555,1544,1555,1555,1570,1565,1560,1570,1572,1560,1563,1557,1565,1555,1550,1552,1541,1547,1524,1518,1515,1503,1500,1483,1483,1473,1458,1438,1429,1425,1425,1411,1376,1392,1392,1370,1376,1359,1359,1353,1347,1347,1334,1320,1334,1334,1334,1320,1305,1305,1297,1297,1280,1297,1297,1297,1305,1271,1297,1271,1271,1261,1251,1229,1217,1229,1229,1229,1251,1240,1229,1217,1240,1271,1271,1240,1288,1261,1271,1204,1217,1189,1229,1204,1229,1204,1240,1217,1204,1217,1229,1204,1204,1157,1229,1204,1217,1204,1189,1204,1189,1204,1204,1204,1204
119,1229,1217,1204,1217,1189,1189,1204,1229,1189,1217,1204,1217,1204,1204,1189,1189,1229,1204,1204,1204,1217,1137,1204,1204,1240,1189,1157,1157,1137,1157,1217,1229,1240,1217,1189,1217,1157,1217,1204,1189,1204,1229,1204,1217,1217,1240,1204,1189,1189,1229,1217,1217,1229,1189,1229,1204,1251,1240,1240,1217,1229,1261,1240,1271,1261,1288,1288,1288,1305,1334,1334,1334,1347,1359,1381,1387,1402,1421,1411,1411,1421,1429,1434,1442,1446,1454,1469,1483,1480,1497,1503,1503,1509,1524,1515,1530,1539,1536,1539,1539,1544,1544,1544,1550,1550,1550,1552,1536,1550,1547,1541,1533,1527,1524,1515,1506,1500,1483,1490,1476,1465,1458,1450,1429,1421,1407,1411,1381,1370,1370,1370,1359,1359,1334,1334,1347,1340,1347,1334,1334,1334,1305,1320,1320,1320,1305,1305,1251,1288,1288,1305,1288,1305,1305,1240,1280,1271,1240,1229,1251,1229,1204,1217,1271,1229,1261,1251,1251,1280,1251,1251,1229,1229,1217,1189,1217,1240,1189,1229,1204,1217,1204,1251,1217,1217,1157,1251,1204,1204,1204,1204,1189,1157,1204,1229,1204,1251,1229,1189,1204,1204
120,1204,1189,1204,1204,1204,1137,1157,1217,1217,1204,1204,1204,1189,1189,1189,1189,1217,1217,1157,1204,1217,1189,1189,1204,1261,1189,1204,1240,1204,1204,1229,1229,1261,1189,1217,1204,1204,1189,1229,1217,1217,1217,1189,1204,1189,1204,1204,1189,1189,1217,1189,1229,1189,1204,1217,1217,1204,1240,1229,1217,1217,1261,1229,1251,1229,1288,1271,1280,1297,1320,1297,1320,1340,1347,1381,1381,1392,1402,1397,1411,1407,1421,1421,1442,1454,1446,1458,1473,1473,1490,1503,1487,1493,1500,1506,1512,1515,1530,1527,1524,1521,1539,1530,1521,1547,1533,1527,1527,1515,1515,1515,1521,1500,1506,1506,1497,1493,1483,1469,1476,1458,1446,1429,1421,1416,1416,1402,1392,1376,1370,1347,1347,1334,1334,1340,1327,1347,1327,1327,1334,1353,1297,1327,1305,1305,1297,1288,1305,1297,1288,1297,1305,1305,1271,1280,1271,1271,1251,1280,1240,1217,1204,1229,1229,1251,1229,1204,1229,1217,1251,1217,1229,1240,1251,1229,1217,1204,1217,1229,1204,1217,1229,1217,1204,1217,1204,1204,1217,1229,1217,1217,1204,1217,1204,1217,1204,1189,1229,1189,1204,1217
121,1204,1189,1137,1189,1217,1189,1204,1204,1204,1204,1204,1157,1229,1204,1157,1217,1217,1157,1137,1204,1204,0,1189,1217,1204,1229,1204,1157,1174,1189,1240,1204,1204,1204,1204,1229,1157,1204,1204,1217,1204,1204,1204,1189,1204,1204,1189,1189,1189,1229,1204,1251,1217,1229,1204,1189,1204,1204,1217,1217,1189,1217,1204,1271,1240,1271,1271,1280,1271,1297,1297,1312,1320,1327,1353,1365,1370,1365,1381,1402,1387,1416,1421,1421,1434,1442,1462,1462,1469,1483,1476,1480,1480,1487,1497,1503,1512,1509,1509,1515,1512,1518,1518,1512,1521,1521,1518,1521,1509,1509,1503,1503,1493,1490,1497,1487,1465,1476,1454,1462,1446,1438,1416,1411,1392,1402,1376,1359,1370,1365,1320,1327,1320,1340,1353,1312,1320,1312,1320,1327,1297,1312,1320,1320,1251,1297,1271,1240,1280,1271,1297,1288,1320,1271,1251,1229,1240,1251,1251,1240,1204,1229,1204,1229,1217,1229,1217,1217,1229,1240,1217,1204,1204,1217,1217,1204,1229,1189,1217,1217,1217,1204,1217,1204,1217,1229,1217,1189,1204,1157,1204,1189,1204,1189,1204,1157,1157,1240,1137,1189,1189
122,1204,1229,1189,1204,1217,1137,1204,1217,1229,1217,1229,1204,1217,1189,1157,1204,1204,1189,1157,1204,1217,1189,1157,1217,1217,1217,1204,1137,1189,1157,1229,1229,1217,1229,1204,1217,1217,1204,1204,1229,1204,1189,1189,1204,1217,1229,1157,1189,1217,1217,1204,1240,1204,1217,1229,1217,1229,1229,1217,1217,1217,1251,1217,1271,1240,1280,1271,1240,1288,1297,1305,1305,1320,1347,1347,1334,1365,1365,1359,1392,1397,1407,1407,1429,1434,1434,1446,1454,1450,1462,1465,1469,1476,1480,1487,1480,1487,1490,1503,1509,1500,1503,1509,1497,1503,1509,1487,1500,1490,1493,1497,1480,1476,1476,1476,1465,1465,1462,1442,1434,1438,1425,1421,1392,1402,1376,1381,1353,1347,1334,1334,1327,1327,1312,1340,1334,1334,1320,1320,1334,1327,1305,1297,1305,1288,1271,1261,1271,1280,1305,1312,1288,1320,1288,1251,1271,1251,1240,1229,1261,1204,1229,1217,1217,1251,1240,1189,1240,1229,1217,1229,1204,1217,1251,1204,1229,1204,1217,1229,1217,1217,1157,1217,1189,1229,1204,1189,1204,1204,1204,1229,1217,1157,1204,1217,1240,1189,1229,1157,1204,1204
123,1229,1204,1189,1157,1204,1137,1174,1217,1217,1174,1204,1217,1137,1189,1189,1189,1229,1204,1174,1189,1204,1157,1157,1217,1174,1157,1217,1204,1157,1189,1204,1217,1217,1217,1189,1204,1189,1174,1204,1229,1189,1204,1157,1229,1189,1217,1217,1217,1204,1217,1204,1229,1204,1204,1204,1137,1204,1240,1204,1229,1204,1217,1217,1261,1261,1251,1240,1261,1288,1280,1288,1297,1305,1334,1334,1320,1340,1359,1365,1365,1376,1392,1392,1407,1421,1425,1429,1442,1438,1446,1454,1458,1469,1454,1473,1480,1483,1487,1476,1480,1476,1483,1490,1473,1490,1497,1483,1487,1483,1483,1469,1473,1462,1458,1450,1454,1442,1446,1425,1438,1416,1402,1392,1402,1381,1359,1365,1359,1353,1334,1340,1327,1320,1320,1327,1334,1320,1340,1327,1305,1305,1305,1288,1297,1261,1288,1271,1280,1297,1288,1261,1288,1305,1280,1251,1240,1261,1251,1251,1229,1217,1229,1217,1217,1240,1204,1157,1217,1229,1217,1217,1204,1217,1204,1229,1204,1229,1204,1217,1157,1189,1204,1204,1189,1217,1204,1204,1204,1204,1204,1204,1217,1189,1204,1189,1137,1137,1229,1137,1204,1204
124,1217,1217,1189,1189,1189,1189,1204,1174,1204,1189,1204,1189,1137,1189,1189,1217,1204,1217,1137,1217,1204,1137,1217,1189,1174,1189,1217,1217,1137,1157,1229,1204,1229,1204,1137,1204,1189,1174,1204,1204,1217,1189,1174,1229,1189,1204,1229,1204,1189,1204,1204,1229,1217,1204,1204,1204,1217,1204,1217,1229,1251,1229,1251,1251,1251,1251,1240,1261,1261,1280,1261,1305,1320,1320,1320,1334,1347,1353,1347,1365,1397,1381,1397,1387,1402,1411,1421,1429,1434,1429,1446,1434,1438,1446,1458,1462,1462,1462,1454,1473,1469,1465,1480,1465,1473,1473,1458,1446,1458,1465,1450,1446,1438,1438,1429,1434,1416,1411,1421,1421,1392,1392,1370,1370,1359,1347,1359,1334,1320,1327,1297,1334,1320,1305,1320,1320,1340,1305,1312,1312,1320,1271,1297,1280,1261,1297,1229,1251,1261,1251,1288,1280,1271,1271,1240,1240,1229,1240,1261,1261,1204,1204,1229,1229,1229,1217,1217,1229,1204,1229,1204,1217,1229,1217,1217,1189,1204,1204,1217,1229,1204,1189,1204,1204,1229,1157,1229,1204,1217,1217,1229,1189,1157,1157,1174,1271,1189,1204,1204,1137,1251
125,1189,1157,1157,1189,1204,1137,1189,1217,1204,1204,1189,1189,1157,1204,1137,1204,1204,1189,1157,1204,1204,0,1189,1204,1157,1204,1204,1204,1189,1137,1229,1204,1189,1229,1204,1189,1204,1217,1204,1204,1189,1204,1189,1204,1157,1204,1204,1204,1189,1204,1157,1240,1217,1204,1217,1204,1217,1229,1229,1217,1229,1229,1217,1240,1251,1251,1229,1261,1251,1288,1297,1280,1288,1305,1320,1312,1340,1334,1347,1381,1370,1381,1370,1387,1407,1411,1416,1402,1438,1421,1438,1425,1429,1446,1450,1446,1454,1454,1454,1469,1450,1454,1454,1462,1465,1462,1454,1450,1446,1450,1434,1429,1434,1425,1411,1421,1411,1397,1402,1392,1370,1381,1376,1359,1353,1334,1347,1320,1334,1347,1340,1334,1320,1305,1334,1327,1327,1320,1312,1312,1297,1297,1312,1305,1251,1261,1251,1251,1280,1280,1297,1261,1280,1251,1217,1280,1240,1261,1240,1229,1229,1204,1204,1240,1217,1229,1204,1217,1204,1229,1204,1204,1204,1217,1204,1204,1229,1157,1204,1189,1204,1157,1229,1217,1229,1204,1217,1189,1217,1157,1189,1217,1204,1174,1189,1204,1204,1217,1204,1174,1229
126,1189,1189,1157,1204,1217,1137,1217,1204,1204,1217,1204,1204,1204,1189,1204,1229,1217,1189,1189,1189,1189,1157,1189,1204,1157,1204,1217,1157,1157,1204,1240,1204,1217,1217,1204,1204,1217,1157,1217,1229,1204,1174,1204,1229,1204,1217,1189,1217,1157,1217,1189,1217,1217,1204,1189,1204,1229,1204,1217,1229,1217,1229,1229,1251,1229,1229,1251,1240,1251,1240,1229,1271,1280,1288,1320,1327,1334,1353,1353,1347,1353,1365,1370,1381,1402,1397,1407,1425,1429,1421,1425,1421,1438,1429,1446,1429,1446,1450,1442,1458,1458,1446,1438,1442,1438,1442,1434,1429,1434,1416,1429,1411,1411,1416,1416,1402,1387,1392,1397,1376,1370,1376,1381,1347,1340,1327,1347,1320,1353,1305,1312,1334,1340,1312,1340,1334,1320,1320,1327,1320,1280,1261,1297,1280,1251,1297,1288,1280,1240,1271,1297,1251,1297,1271,1240,1240,1240,1229,1240,1229,1217,1217,1229,1229,1240,1229,1157,1251,1229,1251,1217,1217,1229,1229,1217,1204,1217,1204,1217,1204,1204,1229,1229,1204,1229,1204,1189,1204,1204,1204,1217,1157,1204,1189,1217,1217,1157,1204,1189,1157,1204
127,1204,1204,1204,1157,1217,1137,1174,1204,1204,1217,1174,1204,1174,1174,1137,1204,1217,1217,1174,1204,1204,0,1174,1204,1204,1204,1157,1174,1189,1157,1240,1217,1204,1204,1217,1189,1137,1204,1204,1204,1204,1204,1174,1217,1157,1204,1157,1204,1189,1217,1189,1217,1204,1174,1240,1157,1229,1204,1229,1229,1204,1204,1217,1261,1229,1229,1229,1271,1261,1240,1240,1251,1280,1288,1320,1320,1320,1312,1370,1334,1353,1347,1365,1387,1392,1407,1402,1407,1407,1402,1402,1407,1421,1416,1425,1421,1429,1434,1434,1429,1438,1442,1429,1429,1425,1421,1416,1411,1425,1421,1397,1407,1387,1397,1392,1381,1387,1353,1347,1359,1347,1347,1340,1334,1340,1340,1347,1320,1334,1327,1327,1334,1320,1334,1320,1327,1320,1305,1297,1312,1305,1320,1288,1288,1280,1240,1240,1229,1240,1251,1261,1251,1271,1251,1204,1229,1280,1217,1217,1229,1204,1189,1189,1229,1204,1217,1204,1217,1229,1217,1217,1204,1217,1189,1189,1174,1229,1204,1217,1157,1204,1204,1204,1174,1217,1204,1204,1229,1217,1189,1217,1137,1189,1189,1189,1189,1189,1229,1174,1204,1204
128,1204,1204,1189,1204,1204,1137,1174,1204,1204,1204,1137,1157,1204,1157,1204,1157,1189,1204,1157,1229,1217,1137,1157,1189,1189,1204,1217,1137,1204,1189,1229,1204,1204,1189,1189,1204,1204,1204,1204,1217,1204,1204,1189,1204,1189,1204,1204,1189,1174,1204,1189,1217,1204,1204,1217,1204,1204,1229,1217,1217,1189,1229,1229,1240,1217,1288,1204,1229,1229,1251,1271,1271,1280,1261,1312,1312,1305,1312,1327,1327,1340,1353,1359,1365,1376,1392,1397,1402,1392,1407,1411,1411,1407,1407,1416,1416,1425,1416,1421,1421,1421,1429,1425,1429,1416,1416,1397,1397,1411,1381,1392,1381,1381,1381,1359,1370,1365,1359,1353,1353,1359,1340,1334,1327,1312,1347,1327,1327,1327,1334,1320,1334,1305,1312,1320,1334,1320,1305,1312,1334,1271,1297,1297,1305,1229,1271,1271,1229,1217,1261,1229,1271,1305,1261,1229,1217,1261,1240,1229,1240,1204,1217,1204,1217,1217,1229,1217,1204,1189,1229,1204,1217,1217,1204,1189,1157,1204,1137,1204,1204,1204,1217,1217,1204,1204,1174,1251,1204,1204,1137,1204,1189,1204,1157,1204,1229,1157,1189,1137,1189,1189
129,1204,1174,1174,1217,1204,1157,1189,1204,1157,1204,1217,1204,1204,1189,1189,1189,1217,1204,1137,1217,1204,1137,1204,1204,1204,1157,1204,1189,1204,1204,1229,1204,1217,1217,1204,1217,1189,1204,1189,1189,1217,1204,0,1229,1157,1204,1217,1204,1189,1204,1189,1229,1204,1189,1204,1204,1229,1217,1240,1204,1229,1204,1217,1251,1217,1240,1204,1229,1217,1261,1271,1251,1288,1271,1305,1288,1297,1305,1305,1340,1334,1340,1347,1376,1376,1387,1392,1392,1402,1402,1381,1392,1407,1407,1407,1397,1407,1421,1411,1416,1416,1411,1411,1416,1407,1392,1387,1387,1381,1353,1381,1359,1381,1353,1353,1347,1347,1347,1327,1347,1334,1340,1340,1340,1327,1334,1334,1312,1327,1327,1320,1320,1312,1320,1312,1288,1320,1297,1305,1305,1305,1305,1280,1280,1288,1251,1251,1251,1251,1229,1229,1229,1288,1271,1229,1271,1251,1229,1229,1240,1157,1189,1217,1204,1217,1217,1157,1204,1174,1229,1217,1217,1204,1204,1189,1204,1189,1174,1229,1217,1189,1189,1157,1217,1204,1189,1217,1217,1204,1217,1204,1189,1157,1157,1189,1189,1189,1217,1137,1189,1189
130,1204,1204,1204,1189,1217,1189,1217,1204,1217,1229,1204,1204,1189,1229,1174,1189,1229,1217,1204,1217,1217,1115,1189,1204,1204,1229,1204,1229,1137,1157,1229,1204,1217,1217,1189,1217,1204,1189,1204,1217,1229,1204,1189,1229,1217,1204,1157,1204,1157,1240,1189,1229,1217,1157,1189,1157,1217,1204,1217,1251,1204,1229,1229,1229,1229,1204,1240,1229,1261,1271,1261,1251,1305,1251,1288,1297,1312,1320,1320,1340,1340,1347,1347,1376,1365,1370,1392,1397,1381,1407,1387,1402,1411,1397,1407,1407,1407,1421,1392,1411,1421,1411,1397,1402,1387,1397,1381,1370,1376,1392,1359,1370,1340,1353,1359,1359,1353,1340,1334,1334,1334,1340,1347,1327,1340,1340,1334,1334,1334,1320,1312,1327,1305,1334,1305,1305,1312,1327,1288,1305,1261,1297,1305,1261,1240,1261,1229,1229,1240,1280,1240,1251,1271,1229,1204,1251,1280,1229,1229,1251,1217,1217,1229,1240,1229,1204,1189,1204,1204,1217,1240,1204,1217,1217,1189,1157,1204,1204,1204,1229,1229,1189,1217,1204,1189,1204,1189,1204,1189,1204,1204,1189,1137,1189,1204,1204,1174,1204,1157,1189,1217
131,1229,1217,1189,1204,1189,1157,1189,1217,1189,1204,1204,1157,1204,1204,1204,1204,1240,1217,1189,1217,1217,0,1189,1204,1204,1204,1189,1137,1204,1157,1229,1204,1251,1204,1189,1229,1229,1240,1217,1217,1217,1217,1157,1240,1217,1204,1204,1189,1204,1229,1217,1204,1271,1217,1251,1157,1189,1229,1240,1204,1217,1229,1217,1229,1217,1229,1251,1217,1251,1217,1240,1217,1305,1297,1288,1288,1320,1312,1312,1312,1334,1340,1347,1365,1365,1359,1353,1392,1376,1370,1365,1381,1376,1392,1392,1407,1407,1402,1397,1402,1402,1397,1387,1370,1381,1381,1365,1370,1365,1353,1353,1365,1347,1347,1334,1334,1365,1334,1359,1353,1347,1334,1334,1320,1297,1334,1340,1327,1334,1312,1312,1327,1297,1305,1312,1327,1312,1305,1297,1305,1288,1280,1288,1280,1240,1305,1261,1217,1240,1240,1271,1217,1261,1204,1229,1217,1229,1217,1229,1217,1204,1217,1204,1251,1217,1229,1204,1189,1229,1217,1240,1204,1217,1217,1229,1204,1240,1157,1217,1229,1204,1217,1217,1204,1204,1204,1204,1189,1229,1229,1204,1189,1204,1189,1217,1204,1204,1229,1189,1204,1217
132,1229,1217,1189,1217,1204,1115,1174,1204,1189,1204,1217,1204,1189,1189,1204,1189,1204,1204,1189,1204,1189,1157,1204,1204,1189,1217,1189,1189,1157,1204,1229,1229,1217,1229,1217,1189,1217,1189,1229,1204,1189,1229,1204,1229,1137,1217,1157,1157,1204,1204,1189,1217,1217,1204,1204,1137,1137,1229,1217,1251,1174,1217,1157,1240,1217,1217,1229,1229,1229,1217,1229,1271,1261,1240,1288,1261,1271,1305,1305,1312,1340,1312,1347,1353,1353,1353,1359,1370,1376,1365,1370,1381,1370,1381,1365,1370,1387,1381,1370,1392,1387,1392,1370,1370,1365,1359,1353,1353,1347,1334,1340,1347,1340,1340,1334,1347,1347,1334,1334,1334,1359,1334,1347,1347,1340,1320,1327,1320,1312,1320,1297,1320,1297,1288,1305,1280,1288,1288,1271,1297,1240,1240,1305,1251,1251,1271,1229,1204,1240,1229,1240,1204,1251,1229,1204,1204,1229,1240,1229,1229,1217,1217,1204,1217,1204,1229,1204,1204,1204,1229,1217,1217,1217,1240,1204,1217,1204,1189,1204,1217,1189,1204,1204,1189,1217,1189,1189,1229,1204,1204,1204,1157,1157,1157,1217,1157,1157,1204,1174,1217,1157
133,1204,1189,1229,1217,1204,1204,1204,1217,1189,1204,1217,1189,1157,1189,1189,1217,1271,1204,1189,1229,1204,0,1204,1204,1229,1189,1204,1229,1189,1204,1240,1204,1189,1189,1204,1204,1217,1204,1217,1217,1217,1189,1217,1217,1189,1204,1229,1204,1204,1251,1204,1229,1217,1217,1217,1189,1217,1217,1229,1217,1217,1217,1204,1204,1229,1217,1251,1251,1229,1251,1240,1251,1271,1240,1240,1280,1280,1261,1288,1327,1288,1340,1334,1340,1365,1359,1365,1370,1381,1365,1359,1365,1376,1365,1376,1376,1359,1381,1370,1397,1381,1376,1381,1376,1359,1347,1359,1334,1334,1340,1347,1359,1347,1334,1340,1340,1347,1334,1320,1353,1353,1327,1327,1334,1334,1312,1334,1320,1297,1312,1305,1305,1288,1297,1297,1312,1288,1297,1271,1280,1280,1240,1280,1280,1261,1251,1251,1229,1240,1229,1217,1204,1251,1204,1204,1217,1251,1217,1229,1251,1204,1204,1229,1261,1229,1217,1217,1157,1204,1217,1204,1217,1229,1204,1217,1189,1229,1157,1217,1204,1204,1157,1229,1217,1204,1204,1217,1204,1229,1204,1217,1189,1204,1217,1204,1204,1204,1240,1204,1157,1174
134,1204,1217,1189,1189,1217,1157,1204,1204,1204,1251,1217,1204,1137,1204,1217,1217,1229,1204,1189,1217,1217,1204,1204,1217,1189,1217,1204,1157,1204,1204,1240,1217,1217,1204,1189,1204,1229,1204,1189,1217,1217,1217,1217,1229,1204,1217,1217,1204,1189,1217,1204,1217,1204,1189,1204,1204,1204,1229,1271,1229,1217,1229,1204,1229,1189,1217,1271,1217,1217,1204,1204,1217,1240,1271,1280,1240,1271,1280,1271,1305,1320,1327,1340,1365,1340,1347,1347,1376,1359,1353,1359,1359,1359,1340,1347,1381,1340,1365,1365,1376,1370,1370,1359,1327,1334,1340,1334,1327,1353,1334,1365,1334,1334,1320,1334,1334,1327,1312,1320,1312,1327,1327,1320,1320,1305,1297,1312,1312,1320,1288,1305,1320,1305,1271,1297,1280,1288,1288,1271,1305,1280,1271,1271,1271,1280,1288,1240,1229,1217,1251,1217,1189,1217,1217,1204,1229,1229,1204,1204,1229,1189,1204,1217,1229,1229,1217,1204,1204,1229,1251,1217,1204,1217,1204,1229,1189,1229,1157,1189,1204,1204,1204,1229,1204,1204,1229,1157,1217,1204,1217,1217,1157,1204,1189,1204,1204,1217,1229,1137,1204,1204
135,1217,1217,1204,1204,1204,1189,1217,1217,1217,1217,1217,1189,1189,1204,1204,1229,1217,1204,1217,1204,1204,1189,1157,1204,1204,1204,1217,1137,1204,1204,1217,1229,1217,1217,1240,1229,1204,1204,1217,1217,1229,1217,1137,1217,1189,1217,1217,1157,1204,1204,1217,1204,1240,1204,1204,1189,1204,1217,1229,1271,1217,1229,1204,1229,1240,1217,1229,1204,1217,1217,1240,1271,1251,1229,1261,1251,1229,1261,1251,1312,1327,1334,1334,1340,1334,1353,1347,1365,1359,1359,1340,1365,1347,1353,1353,1365,1365,1381,1370,1359,1370,1359,1353,1359,1334,1334,1312,1327,1359,1327,1353,1353,1327,1334,1334,1334,1334,1340,1334,1312,1320,1327,1340,1334,1305,1305,1297,1305,1305,1280,1288,1288,1297,1297,1305,1297,1280,1261,1217,1261,1251,1229,1240,1240,1240,1261,1240,1251,1217,1251,1229,1217,1271,1229,1204,1157,1229,1217,1261,1217,1189,1217,1217,1229,1240,1240,1204,1217,1217,1229,1240,1204,1217,1217,1217,1204,1189,1157,1204,1217,1204,1229,1217,1217,1217,1204,1217,1204,1217,1204,1157,1204,1204,1189,1229,1204,1137,1217,1157,1204,1189
136,1229,1204,1189,1204,1217,1157,1204,1204,1229,1204,1217,1204,1204,1204,1204,1189,1229,1229,1204,1204,1217,1137,1204,1217,1217,1157,1217,1157,1157,1217,1240,1204,1229,1204,1240,1189,1229,1204,1204,1229,1217,1240,1217,1217,1204,1229,1217,1157,1204,1217,1217,1251,1217,1204,1204,1157,1229,1217,1229,1204,1229,1217,1189,1240,1229,1229,1229,1229,1217,1217,1204,1217,1240,1240,1251,1261,1251,1271,1261,1305,1312,1320,1320,1320,1334,1340,1334,1347,1347,1347,1334,1334,1347,1340,1340,1340,1334,1353,1347,1359,1365,1334,1340,1334,1327,1320,1305,1327,1347,1327,1353,1334,1327,1334,1320,1334,1347,1334,1320,1312,1305,1312,1340,1312,1297,1312,1312,1280,1288,1271,1271,1297,1271,1297,1312,1297,1271,1288,1288,1261,1251,1229,1240,1251,1229,1240,1229,1217,1229,1240,1240,1217,1217,1229,1217,1229,1240,1204,1240,1217,1204,1217,1217,1240,1251,1240,1204,1204,1204,1251,1229,1204,1204,1217,1204,1217,1204,1204,1229,1204,1217,1217,1240,1217,1217,1189,1137,1217,1204,1217,1204,1204,1189,1204,1217,1204,1204,1217,1137,1217,1229
137,1217,1174,1189,1189,1204,1157,1217,1189,1189,1204,1157,1229,1157,1174,1189,1189,1229,1204,1189,1137,1217,0,1204,1204,1189,1157,1189,1157,1137,1189,1217,1204,1204,1217,1189,1217,1217,1189,1204,1217,1204,1204,1189,1217,1157,1189,1189,1204,1157,1217,1189,1189,1217,1204,1204,1157,1204,1189,1217,1204,1204,1204,1189,1240,1204,1189,1229,1204,1217,1217,1240,1189,1251,1251,1229,1251,1229,1251,1240,1288,1305,1305,1305,1312,1327,1327,1340,1334,1347,1340,1320,1334,1320,1320,1334,1327,1347,1327,1334,1347,1340,1327,1347,1305,1320,1327,1312,1320,1347,1334,1320,1340,1340,1334,1320,1347,1312,1334,1327,1320,1305,1305,1305,1288,1271,1305,1297,1240,1288,1261,1240,1271,1288,1261,1297,1251,1251,1251,1240,1251,1217,1229,1261,1204,1229,1229,1229,1204,1229,1217,1271,1204,1229,1229,1204,1217,1229,1229,1217,1217,1137,1204,1204,1204,1229,1217,1189,1204,1229,1229,1217,1204,1217,1204,1204,1157,1229,1174,1229,1189,1189,1189,1189,1189,1217,1204,1217,1189,1204,1204,1204,1157,1204,1229,1204,1189,1204,1217,1137,1174,1204
138,1217,1217,1189,1204,1204,1189,1204,1240,1217,1189,1204,1204,1157,1157,1157,1217,1204,1204,1157,1204,1189,0,1204,1157,1229,1204,1189,1137,1137,1189,1240,1204,1217,1217,1157,1204,1240,1189,1217,1217,1217,1217,1137,1189,1137,1189,1204,1189,1217,1204,1217,1204,1204,1137,1229,1204,1189,1217,1204,1189,1189,1217,1189,1240,1204,1251,1229,1217,1204,1204,1204,1229,1229,1229,1229,1251,1251,1251,1229,1288,1305,1280,1297,1327,1312,1320,1327,1334,1327,1327,1297,1320,1347,1327,1320,1327,1334,1305,1334,1347,1320,1312,1305,1320,1305,1327,1340,1327,1340,1320,1347,1334,1340,1327,1347,1334,1327,1312,1320,1320,1288,1305,1280,1297,1288,1280,1261,1251,1240,1240,1251,1240,1229,1229,1251,1240,1240,1240,1229,1240,1240,1251,1229,1261,1204,1240,1217,1189,1204,1217,1229,1204,1229,1204,1204,1240,1261,1229,1229,1251,1157,1157,1204,1251,1261,1229,1189,1204,1189,1240,1204,1189,1217,1204,1204,1189,1189,1217,1217,1204,1229,1189,1204,1229,1217,1204,1174,1204,1217,1157,1229,1204,1217,1217,1229,1189,1204,1204,1137,1204,1229
139,1229,1204,1189,1157,1204,1137,1189,1217,1189,1189,1189,1204,1189,1204,1204,1204,1217,1229,1189,1204,1204,1137,1204,1157,1240,1204,1157,1204,1157,1157,1217,1189,1204,1204,1204,1217,1204,1204,1204,1229,1189,1204,1189,1217,1189,1189,1189,1204,1189,1204,1189,1229,1204,1204,1204,1157,1189,1204,1217,1157,1157,1217,1157,1217,1189,1204,1251,1217,1204,1229,1204,1204,1229,1217,1240,1229,1261,1251,1251,1271,1280,1288,1271,1280,1305,1271,1327,1320,1320,1305,1297,1288,1297,1312,1312,1320,1297,1320,1320,1327,1305,1305,1297,1305,1305,1353,1297,1347,1340,1347,1347,1334,1347,1334,1340,1340,1334,1320,1305,1305,1305,1288,1297,1297,1261,1271,1271,1271,1240,1229,1137,1261,1251,1240,1271,1240,1229,1229,1229,1217,1217,1217,1261,1229,1204,1217,1217,1204,1204,1229,1229,1204,1251,1204,1204,1204,1240,1251,1229,1217,1217,1204,1204,1217,1204,1229,1174,1217,1217,1189,1204,1189,1204,1217,1189,1204,1204,1229,1240,1229,1217,1204,1240,1189,1217,1204,1137,1217,1217,1240,1189,1217,1204,1189,1229,1189,1137,1229,1189,1157,1189
140,1204,1174,1189,1189,1217,1137,1204,1217,1189,1204,1189,1204,1174,1174,1189,1217,1217,1189,1189,1217,1157,1137,1157,1229,1189,1189,1189,1204,1174,1157,1229,1189,1204,1229,1189,1137,1204,1189,1189,1174,1204,1217,1189,1204,1189,1189,1137,1157,1157,1229,1189,1217,1204,1217,1204,1189,1204,1189,1189,1204,1157,1189,1189,1217,1189,1229,1204,1204,1189,1217,1204,1251,1217,1217,1251,1271,1229,1251,1240,1261,1261,1251,1271,1271,1271,1288,1297,1312,1305,1305,1305,1288,1288,1297,1297,1297,1271,1312,1312,1327,1305,1297,1320,1288,1288,1327,1297,1320,1334,1347,1334,1334,1334,1334,1334,1327,1305,1320,1305,1305,1251,1271,1240,1271,1261,1305,1251,1229,1288,1251,1217,1240,1251,1240,1217,1229,1229,1240,1217,1217,1229,1204,1217,1217,1204,1204,1217,1157,1204,1204,1204,1157,1217,1157,1189,1174,1204,1217,1217,1229,1204,1189,1189,1189,1217,1217,1189,1204,1189,1189,1189,1189,1217,1189,1217,1174,1157,1115,1204,1174,1204,1189,1204,1204,1217,1157,1137,1157,1189,1157,1204,1157,1204,1204,1204,1204,1157,1189,1174,1189,1157
141,1189,1189,1217,1189,1217,1115,1157,1189,1189,1157,1204,1189,1204,1174,1217,1217,1189,1217,1204,1204,1217,1137,1204,1189,1189,1204,1189,1204,1204,1157,1204,1217,1217,1189,1204,1189,1229,1174,1229,1204,1189,1229,1137,1217,1157,1217,1189,1157,1189,1204,1157,1217,1217,1189,1217,1189,1174,1204,1229,1204,1157,1204,1137,1189,1229,1217,1217,1229,1217,1204,1229,1204,1217,1204,1240,1217,1229,1217,1204,1240,1271,1240,1261,1280,1271,1288,1271,1288,1305,1261,1280,1271,1251,1271,1288,1305,1288,1320,1288,1327,1305,1261,1280,1271,1305,1320,1297,1320,1340,1320,1347,1340,1347,1327,1320,1334,1305,1312,1288,1288,1288,1261,1288,1229,1261,1271,1271,1251,1217,1229,1217,1261,1229,1217,1271,1204,1229,1217,1204,1240,1240,1204,1229,1251,1204,1251,1204,1157,1229,1217,1204,1204,1229,1217,1204,1204,1240,1240,1204,1217,1204,1204,1189,1204,1204,1217,1157,1204,1204,1229,1189,1204,1229,1204,1204,1217,1157,1137,1217,1189,1229,1204,1204,1189,1217,1157,1189,1157,1204,1189,1157,1189,1229,1204,1204,1189,1189,1204,1137,1229,1174
142,1189,1229,1189,1189,1229,1204,1174,1204,1204,1204,1217,1204,1204,1157,1157,1204,1217,1189,1157,1189,1240,1157,1204,1204,1204,1157,1204,1189,1189,1137,1229,1204,1204,1204,1137,1189,1189,1217,1204,1189,1217,1217,1157,1204,1189,1204,1217,1189,1157,1240,1174,1204,1189,1204,1217,1189,1189,1204,1229,1204,1189,1217,1204,1217,1217,1204,1204,1204,1229,1189,1204,1229,1229,1217,1240,1229,1229,1229,1157,1251,1251,1271,1217,1271,1280,1280,1297,1288,1312,1288,1271,1229,1251,1288,1297,1288,1271,1280,1288,1280,1297,1280,1288,1280,1297,1297,1288,1305,1312,1312,1334,1312,1327,1312,1305,1320,1297,1305,1271,1271,1280,1271,1297,1261,1240,1240,1271,1251,1229,1229,1229,1240,1229,1217,1229,1229,1217,1229,1217,1204,1217,1229,1217,1204,1229,1229,1204,1189,1189,1204,1217,1217,1229,1204,1204,1137,1229,1229,1229,1204,1189,1204,1204,1217,1229,1204,1217,1157,1189,1217,1229,1204,1204,1189,1157,1204,1189,1157,1217,1189,1204,1189,1217,1229,1189,1204,1137,1204,1217,1204,1217,1204,1204,1137,1217,1217,1217,1240,1157,1174,1204
143,1204,1204,1137,1204,1204,1157,1137,1217,1204,1204,1229,1229,1137,1189,1189,1217,1217,1217,1157,1204,1204,1137,1189,1189,1189,1204,1189,1157,1189,1189,1229,1204,1217,1157,1204,1157,1204,1137,1189,1189,1204,1229,1157,1204,1217,1204,1204,1204,1204,1217,1189,1189,1217,1157,1204,1157,1157,1204,1217,1189,1157,1189,1157,1217,1217,1189,1204,1204,1189,1174,1204,1229,1204,1229,1229,1204,1189,1229,1217,1229,1240,1240,1229,1251,1261,1271,1271,1271,1280,1251,1229,1251,1271,1261,1251,1251,1240,1229,1240,1251,1297,1251,1271,1261,1261,1288,1297,1312,1305,1280,1320,1320,1327,1305,1312,1334,1312,1261,1240,1261,1240,1229,1251,1240,1251,1229,1240,1189,1217,1217,1229,1240,1229,1251,1217,1217,1217,1240,1189,1204,1229,1157,1217,1217,1204,1217,1217,1157,1189,1204,1229,1204,1217,1189,1157,1157,1217,1204,1229,1217,1189,1189,1157,1229,1217,1189,1157,1229,1189,1217,1189,1189,1217,1204,1217,1189,1217,1174,1204,1240,1189,1137,1229,1157,1217,1204,1204,1204,1204,1204,1204,1189,1204,1204,1189,1157,1189,1189,1137,1189,1189
144,1217,1204,1204,1217,1204,1189,1217,1204,1229,1189,1189,1189,1157,1189,1217,1157,1217,1204,1157,1240,1204,1137,1217,1217,1204,1204,1204,1217,1189,1204,1217,1204,1204,1217,1217,1217,1204,1217,1229,1217,1204,1204,1204,1217,1189,1204,1217,1189,1217,1204,1189,1229,1217,1204,1217,1137,1189,1217,1229,1204,1217,1229,1157,1229,1204,1204,1204,1229,1204,1217,1189,1204,1240,1229,1251,1217,1217,1240,1229,1204,1251,1229,1229,1240,1261,1251,1261,1280,1288,1305,1229,1229,1271,1251,1251,1251,1240,1261,1261,1280,1261,1271,1251,1271,1280,1297,1288,1297,1288,1305,1320,1312,1305,1297,1305,1312,1305,1288,1251,1305,1251,1240,1251,1280,1240,1251,1229,1217,1204,1204,1240,1261,1204,1157,1229,1229,1217,1189,1217,1217,1217,1217,1229,1204,1204,1217,1280,1204,1217,1204,1229,1229,1251,1229,1204,1204,1229,1217,1229,1229,1189,1217,1229,1217,1217,1229,1137,1229,1204,1217,1229,1204,1217,1217,1217,1189,1229,1204,1229,1204,1204,1157,1217,1204,1204,1204,1217,1217,1204,1217,1204,1204,1189,1157,1204,1189,1204,1229,1157,1204,1217
145,1204,1204,1229,1189,1189,1229,1217,1204,1204,1217,1204,1204,1204,1157,1137,1204,1204,1204,1189,1204,1229,1115,1204,1204,1157,1217,1157,1204,1157,1189,1229,1217,1217,1189,1189,1204,1217,1204,1229,1240,1229,1204,1157,1217,1137,1204,1261,1229,1189,1204,1217,1157,1204,1204,1229,1157,1204,1189,1229,1204,1157,1204,1204,1240,1189,1157,1204,1204,1189,1204,1204,1217,1204,1217,1251,1204,1204,1229,1174,1217,1261,1189,1229,1240,1251,1251,1229,1229,1271,1229,1204,1217,1251,1240,1271,1251,1229,1240,1204,1251,1240,1229,1271,1271,1297,1240,1280,1280,1305,1297,1305,1297,1327,1305,1305,1297,1288,1271,1240,1251,1217,1261,1229,1240,1217,1240,1251,1217,1229,1204,1204,1240,1229,1229,1217,1229,1189,1229,1229,1204,1229,1204,1229,1240,1204,1204,1204,1189,1204,1189,1217,1240,1229,1157,1204,1204,1229,1217,1217,1240,1217,1217,1189,1229,1229,1240,1189,1229,1204,1229,1204,1204,1204,1204,1204,1217,1157,1189,1204,1204,1204,1189,1189,1204,1217,1240,1157,1217,1204,1204,1217,1204,1217,1217,1229,1189,1157,1204,1189,1189,1189
146,1204,1189,1189,1137,1189,1137,1189,1204,1157,1157,1204,1251,1189,1189,1157,1189,1204,1217,1189,1204,1157,1157,1157,1204,1189,1157,1217,1157,1137,1157,1217,1217,1204,1217,1189,1189,1189,1189,1204,1204,1204,1204,1189,1189,1157,1229,1204,1204,1217,1217,1204,1204,1204,1157,1189,1157,1217,1217,1204,1204,1157,1189,1204,1251,1189,1204,1189,1189,1204,1204,1204,1217,1229,1204,1217,1204,1189,1229,1157,1217,1229,1204,1217,1217,1251,1229,1217,1240,1229,1229,1204,1229,1204,1217,1240,1240,1204,1251,1240,1251,1271,1229,1229,1217,1251,1305,1251,1280,1297,1280,1288,1312,1297,1271,1280,1280,1251,1229,1217,1229,1251,1217,1229,1204,1217,1204,1229,1217,1189,1229,1189,1217,1217,1189,1217,1217,1229,1217,1157,1217,1204,1189,1204,1240,1204,1189,1204,1189,1204,1229,1229,1204,1229,1229,1217,1157,1240,1229,1204,1204,1157,1189,1189,1229,1240,1229,1157,1204,1204,1204,1204,1229,1217,1217,1157,1204,1157,1174,1217,1137,1204,1204,1217,1189,1204,1204,1189,1217,1217,1204,1204,1204,1204,1189,1204,1204,1217,1204,1157,1174,1204
147,1204,1217,1217,1157,1217,1189,1137,1217,1204,1217,1217,1189,1204,1137,1204,1189,1189,1189,1137,1204,1204,1137,1204,1204,1157,1204,1204,1137,1189,1204,1217,1204,1204,1189,1204,1204,1204,1189,1204,1204,1217,1204,1204,1204,1204,1217,1229,1157,1157,1217,1157,1240,1204,1189,1204,1157,1217,1204,1217,1204,1204,1251,1204,1229,1229,1204,1229,1229,1204,1217,1189,1204,1229,1204,1251,1217,1217,1204,1204,1204,1204,1189,1189,1251,1217,1251,1229,1240,1240,1229,1229,1229,1251,1189,1251,1204,1229,1251,1217,1251,1251,1204,1271,1240,1240,1261,1240,1251,1280,1280,1280,1288,1261,1251,1261,1297,1261,1251,1217,1229,1251,1204,1217,1217,1189,1240,1229,1204,1204,1204,1217,1251,1229,1157,1204,1229,1217,1217,1157,1204,1240,1229,1189,1217,1217,1204,1157,1157,1157,1217,1204,1157,1217,1189,1204,1189,1204,1229,1229,1204,1189,1204,1204,1217,1204,1217,1137,1204,1189,1251,1229,1217,1204,1189,1189,1217,1217,1204,1204,1204,1204,1204,1204,1204,1217,1204,1204,1217,1229,1204,1204,1204,1217,1204,1229,1189,1137,1217,1137,1204,1217
148,1204,1204,1157,1204,1229,1137,1217,1204,1204,1204,1204,1217,1204,1157,1174,1217,1240,1229,1189,1204,1217,1189,1204,1204,1204,1204,1229,1157,1204,1217,1229,1204,1189,1189,1189,1189,1217,1229,1137,1217,1217,1189,1204,1189,1189,1204,1189,1217,1204,1217,1204,1217,1217,1217,1157,1157,1217,1189,1204,1204,1157,1217,1189,1240,1229,1217,1204,1204,1189,1217,1204,1217,1229,1189,1229,1217,1189,1157,1217,1217,1229,1204,1217,1240,1229,1240,1217,1229,1305,1240,1189,1157,1229,1251,1251,1204,1189,1229,1240,1251,1229,1204,1251,1240,1229,1251,1251,1280,1297,1240,1261,1297,1280,1251,1251,1251,1240,1240,1240,1229,1204,1229,1251,1217,1229,1217,1240,1204,1204,1189,1157,1229,1229,1251,1204,1204,1229,1229,1204,1229,1229,1157,1217,1217,1204,1217,1217,1204,1189,1240,1240,1204,1204,1204,1204,1189,1217,1229,1217,1229,1217,1217,1229,1229,1217,1204,1157,1204,1229,1229,1204,1204,1204,1217,1157,1189,1217,1204,1217,1157,1240,1189,1229,1204,1217,1157,1137,1189,1217,1204,1189,1189,1189,1189,1229,1189,1204,1204,1204,1204,1189
149,1204,1204,1204,1204,1204,1217,1157,1251,1217,1204,1204,1229,1189,1204,1204,1204,1217,1217,1204,1204,1217,1137,1204,1137,1229,1189,1204,1137,1189,1189,1229,1204,1204,1217,1157,1217,1189,1157,1217,1204,1189,1204,1137,1204,1217,1229,1204,1217,1189,1217,1137,1229,1189,1189,1157,1204,1204,1204,1204,1189,1157,1204,1204,1217,1204,1189,1204,1229,1204,1189,1217,1204,1229,1217,1229,1251,1204,1229,1204,1217,1217,1204,1204,1229,1229,1229,1217,1217,1229,1204,1189,1229,1229,1217,1229,1251,1240,1229,1204,1261,1229,1217,1251,1271,1229,1217,1204,1240,1240,1261,1240,1229,1229,1217,1217,1261,1229,1240,1204,1217,1204,1229,1229,1217,1204,1204,1217,1217,1217,1204,1217,1261,1240,1189,1217,1217,1217,1229,1204,1217,1229,1204,1217,1229,1204,1204,1157,1217,1204,1217,1217,1189,1217,1189,1204,1189,1240,1204,1204,1217,1189,1217,1217,1204,1229,1204,1189,1217,1217,1251,1229,1189,1229,1189,1204,1189,1240,1204,1217,1217,1204,1204,1229,1204,1189,1217,1217,1157,1217,1217,1217,1204,1189,1204,1189,1189,1157,1204,1189,1157,1204
150,1217,1204,1157,1204,1189,1204,1204,1204,1204,1217,1204,1240,1204,1217,1204,1189,1251,1204,1157,1204,1251,1157,1157,1157,1189,1189,1204,1189,1204,1189,1229,1217,1217,1189,1204,1204,1204,1157,1189,1217,1217,1189,1157,1204,1157,1217,1174,1204,1189,1204,1204,1137,1204,1204,1229,1157,1217,1217,1217,1157,1157,1204,1204,1217,1157,1204,1204,1217,1204,1157,1204,1217,1251,1217,1229,1217,1189,1157,1157,1229,1204,1217,1217,1217,1229,1229,1217,1217,1240,1217,1217,1217,1189,1217,1261,1204,1189,1229,1217,1251,1229,1217,1240,1217,1204,1271,1240,1240,1229,1217,1240,1217,1217,1217,1204,1229,1229,1217,1157,1217,1217,1204,1217,1217,1204,1217,1229,1204,1229,1217,1157,1189,1217,1204,1229,1204,1217,1204,1189,1204,1204,1189,1229,1240,1204,1189,1157,1157,1189,1204,1204,1204,1204,1217,1229,1204,1204,1204,1189,1229,1189,1217,1189,1217,1240,1229,1189,1217,1204,1229,1204,1204,1217,1229,1204,1217,1204,1189,1204,1204,1157,1189,1189,1189,1204,1204,1189,1204,1204,1189,1217,1189,1204,1157,1204,1217,1204,1217,1204,1204,1204
151,1189,1157,1189,1217,1189,1137,1137,1217,1217,1229,1189,1217,1189,1189,1189,1204,1217,1189,1174,1204,1204,1137,1157,1204,1217,1189,1189,1189,1204,1189,1240,1204,1217,1204,1189,1204,1229,1189,1229,1204,1189,1204,1189,1189,1189,1189,1189,1189,1204,1189,1204,1204,1204,1157,1204,1189,1204,1229,1204,1204,1189,1229,1189,1217,1204,1204,1229,1189,1204,1217,1204,1217,1240,1251,1229,1189,1217,1189,1189,1204,1217,1204,1157,1229,1229,1229,1217,1251,1240,1217,1229,1189,1229,1217,1229,1229,1217,1217,1229,1261,1251,1217,1240,1240,1240,1251,1229,1204,1280,1229,1240,1229,1229,1229,1229,1217,1217,1229,1217,1217,1157,1229,1217,1204,1204,1217,1217,1157,1204,1189,1217,1217,1217,1204,1229,1204,1229,1204,1157,1204,1217,1217,1204,1240,1204,1217,1157,1157,1217,1251,1240,1204,1217,1157,1157,1189,1240,1229,1240,1229,1137,1204,1204,1189,1229,1204,1217,1217,1217,1229,1204,1217,1217,1204,1217,1189,1204,1189,1189,1204,1204,1204,1217,1204,1229,1157,1189,1229,1204,1217,1189,1137,1204,1204,1217,1204,1204,1204,1157,1229,1229
152,1204,1204,1189,1240,1204,1157,1137,1229,1204,1204,1204,1204,1189,1157,1189,1204,1229,1204,1189,1229,1204,1137,1204,1157,1204,1189,1217,1157,1204,1204,1240,1217,1189,1189,1204,1204,1204,1204,1229,1157,1204,1229,1157,1204,1189,1189,1217,1157,1137,1229,1189,1204,1189,1189,1204,1137,1204,1189,1204,1189,1157,1217,1157,1217,1217,1240,1204,1204,1189,1157,1217,1217,1229,1229,1217,1189,1204,1229,1189,1204,1217,1229,1204,1229,1189,1229,1229,1189,1229,1217,1189,1217,1229,1217,1229,1217,1217,1217,1204,1271,1271,1204,1229,1229,1229,1229,1229,1240,1240,1229,1251,1251,1229,1204,1229,1240,1229,1217,1217,1217,1217,1217,1240,1204,1280,1217,1240,1189,1217,1240,1204,1217,1204,1157,1217,1204,1229,1204,1204,1204,1217,1204,1251,1229,1204,1217,1204,1157,1204,1217,1217,1189,1204,1189,1189,1229,1217,1251,1204,1229,1217,1217,1217,1174,1240,1229,1157,1204,1217,1229,1204,1157,1204,1189,1204,1189,1217,1204,1229,1157,1189,1189,1217,1204,1204,1217,1189,1217,1217,1217,1204,1189,1204,1217,1217,1217,1229,1217,1217,1137,1204
153,1229,1137,1174,1157,1217,1204,1189,1204,1157,1189,1204,1189,1189,1189,1204,1137,1217,1229,1204,1204,1189,1115,1229,1189,1204,1137,1240,1137,1189,1204,1229,1217,1204,1229,1189,1217,1204,1157,1189,1189,1189,1217,1157,1217,1189,1217,1189,1189,1217,1217,1204,1189,1217,1204,1217,1157,1204,1204,1229,1204,1157,1204,1204,1229,1204,1204,1204,1204,1189,1189,1204,1217,1217,1189,1240,1204,1204,1204,1157,1217,1217,1204,1189,1217,1240,1217,1204,1204,1217,1240,1312,1204,1229,1204,1217,1204,1217,1204,1204,1251,1261,1204,1240,1204,1229,1217,1229,1217,1229,1240,1204,1204,1229,1189,1217,1217,1229,1229,1189,1217,1204,1240,1204,1229,1251,1240,1240,1204,1229,1189,1137,1204,1217,1204,1204,1204,1204,1217,1189,1217,1189,1204,1204,1204,1204,1229,1204,1189,1204,1229,1229,1137,1229,1189,1204,1204,1229,1217,1217,1204,1217,1204,1174,1217,1229,1229,1189,1217,1229,1217,1217,1204,1229,1217,1204,1157,1204,1157,1217,1137,1204,1204,1204,1204,1217,1204,1204,1229,1229,1137,1204,1204,1229,1189,1204,1204,1189,1229,1157,1204,1204
154,1189,1217,1174,1204,1204,1204,1189,1204,1204,1217,1204,1204,1189,1174,1204,1157,1204,1217,1189,1204,1217,1115,1189,1204,1189,1189,1157,1157,1137,1157,1217,1229,1204,1204,1189,1204,1229,1217,1157,1189,1204,1217,1189,1217,1137,1204,1157,1204,1157,1204,1217,1204,1204,1189,1204,1137,1204,1204,1229,1189,1157,1229,1217,1217,1204,1189,1204,1189,1217,1189,1189,1204,1204,1217,1217,1204,1157,1229,1137,1229,1204,1189,1189,1217,1229,1240,1251,1217,1217,1229,1189,1157,1217,1217,1251,1240,1189,1229,1204,1229,1229,1217,1229,1229,1217,1217,1204,1204,1229,1217,1217,1189,1204,1204,1204,1217,1229,1204,1157,1217,1271,1204,1229,1229,1204,1217,1217,1157,1204,1204,1157,1204,1240,1137,1217,1189,1204,1217,1189,1204,1217,1137,1189,1189,1204,1217,1157,1157,1204,1217,1240,1189,1217,1204,1217,1204,1204,1189,1217,1217,1157,1204,1174,1204,1229,1217,1157,1189,1217,1217,1204,1217,1217,1217,1204,1157,1217,1217,1204,1157,1217,1189,1217,1157,1204,1217,1217,1217,1217,1204,1204,1137,1204,1189,1217,1157,1204,1229,1157,1189,1189
155,1204,1204,1189,1189,1204,1204,1229,1217,1204,1217,1204,1204,1189,1204,1204,1189,1229,1217,1189,1217,1204,1157,1204,1204,1204,1189,1204,1204,1137,1157,1240,1204,1217,1204,1189,1137,1189,1217,1204,1204,1229,1217,1204,1229,1217,1217,1217,1204,1217,1229,1189,1204,1204,1137,1204,1189,1157,1217,1288,1217,1204,1204,1189,1204,1189,1204,1204,1217,1189,1204,1217,1204,1217,1204,1217,1204,1189,1217,1157,1204,1229,1229,1189,1189,1251,1217,1204,1217,1251,1229,1217,1204,1229,1217,1251,1251,1189,1240,1229,1251,1217,1204,1229,1204,1189,1240,1229,1229,1251,1189,1229,1217,1217,1204,1217,1217,1251,1189,1217,1204,1204,1229,1189,1217,1217,1217,1217,1229,1229,1229,1204,1240,1217,1217,1204,1217,1204,1217,1217,1204,1217,1217,1229,1204,1204,1204,1229,1137,1157,1229,1204,1189,1204,1217,1204,1229,1240,1217,1217,1240,1204,1204,1229,1229,1204,1204,1217,1204,1229,1240,1204,1204,1217,1217,1157,1204,1217,1204,1204,1204,1204,1204,1204,1204,1217,1217,1204,1240,1229,1204,1217,1217,1229,1189,1204,1229,1189,1217,1157,1189,1189
156,1189,1204,1204,1157,1204,1157,1189,1204,1204,1204,1204,1189,1157,1204,1189,1157,1229,1204,1189,1217,1189,1137,1157,1204,1204,1189,1204,1217,1157,1189,1217,1217,1204,1217,1189,1229,1204,1137,1229,1240,1157,1189,1189,1189,1157,1204,1204,1204,1189,1217,1189,1217,1217,1204,1204,1157,1189,1217,1217,1204,1189,1217,1204,1217,1204,1204,1229,1189,1204,1217,1204,1217,1229,1217,1229,1204,1189,1204,1157,1189,1217,1204,1204,1217,1217,1204,1251,1217,1261,1217,1204,1204,1240,1204,1217,1217,1204,1189,1217,1240,1217,1157,1217,1217,1229,1240,1189,1204,1229,1204,1189,1217,1240,1204,1217,1217,1229,1204,1189,1204,1204,1217,1204,1157,1189,1204,1217,1204,1217,1189,1137,1229,1217,1204,1204,1204,1217,1217,1204,1189,1217,1217,1217,1204,1204,1189,1204,1204,1204,1229,1229,1204,1217,1204,1189,1189,1217,1229,1204,1229,1204,1189,1204,1204,1229,1229,1189,1204,1217,1240,1217,1204,1217,1204,1217,1174,1204,1189,1204,1204,1204,1217,1204,1204,1189,1204,1157,1217,1217,1229,1204,1157,1137,1189,1217,1137,1204,1217,1189,1189,1229
157,1204,1217,1204,1204,1157,1137,1189,1229,1204,1217,1204,1204,1189,1157,1217,1189,1229,1217,1204,1204,1204,1137,1189,1204,1217,1229,1157,1137,1204,1189,1229,1204,1217,1217,1204,1217,1189,1189,1204,1204,1204,1217,1137,1217,1157,1189,1204,1217,1204,1204,1217,1229,1157,1157,1229,1204,1189,1204,1217,1204,1217,1217,1204,1229,1189,1229,1189,1229,1229,1217,1217,1217,1189,1204,1229,1204,1204,1204,1137,1217,1229,1204,1137,1240,1229,1204,1229,1271,1261,1240,1229,1157,1229,1204,1251,1204,1217,1204,1229,1240,1217,1189,1240,1217,1240,1217,1217,1217,1217,1229,1217,1204,1217,1204,1204,1229,1240,1217,1137,1217,1217,1204,1204,1229,1189,1204,1217,1204,1240,1204,1204,1229,1204,1189,1204,1204,1189,1189,1189,1189,1217,1189,1204,1229,1217,1204,1189,1204,1204,1217,1229,1204,1229,1204,1204,1229,1229,1217,1217,1204,1204,1217,1157,1229,1217,1229,1204,1204,1217,1229,1189,1217,1204,1229,1217,1204,1204,1189,1217,1157,1189,1189,1229,1189,1229,1189,1217,1204,1204,1229,1251,1157,1204,1204,1217,1204,1204,1204,1189,1217,1137
158,1189,1217,1157,1229,1204,1157,1204,1189,1189,1204,1217,1189,1204,1204,1204,1204,1204,1204,1189,1174,1189,1137,1189,1204,1189,1157,1204,1189,1204,1204,1217,1204,1189,1157,1204,1137,1189,1189,1229,1189,1229,1204,1157,1217,1189,1204,1189,1189,1204,1204,1157,1229,1204,1189,1174,1137,1157,1204,1217,1240,1204,1204,1204,1229,1137,1204,1189,1204,1189,1204,1204,1229,1217,1204,1240,1217,1204,1204,1137,1204,1204,1204,1189,1204,1217,1217,1251,1204,1251,1229,1204,1204,1217,1189,1229,1204,1157,1229,1137,1229,1229,1157,1229,1189,1189,1229,1217,1229,1189,1157,1204,1204,1204,1189,1189,1204,1229,1189,1157,1189,1189,1229,1157,1217,1204,1189,1204,1189,1229,1217,1189,1229,1204,1157,1204,1204,1204,1217,1204,1204,1189,1174,1189,1229,1204,1229,1240,1189,1189,1189,1229,1157,1204,1189,1229,1157,1229,1251,1189,1204,1137,1189,1204,1204,1217,1204,1157,1204,1204,1229,1217,1204,1204,1204,1189,1189,1204,1189,1189,1204,1137,1174,1189,1189,1189,1189,1189,1189,1217,1204,1217,1217,1204,1157,1204,1157,1204,1217,1137,1217,1204
159,1217,1204,1204,1204,1204,1157,1229,1217,1189,1204,1217,1204,1137,1157,1229,1204,1217,1204,1217,1240,1204,1189,1204,1217,1189,1217,1157,1204,1157,1157,1217,1204,1204,1204,1229,1204,1217,1217,1204,1229,1204,1189,1157,1217,1189,1229,1204,1189,1204,1189,1217,1157,1204,1204,1204,1204,1189,1217,1217,1189,1217,1157,1189,1217,1204,1204,1204,1204,1189,1204,1189,1204,1229,1217,1229,1204,1204,1189,1157,1217,1240,1189,1217,1229,1217,1229,1229,1229,1240,1204,1157,1204,1229,1217,1217,1157,1217,1204,1204,1229,1229,1157,1240,1204,1189,1204,1189,1229,1229,1204,1229,1204,1217,1204,1217,1204,1204,1204,1189,1204,1204,1189,1204,1204,1189,1217,1204,1217,1229,1217,1189,1229,1204,1204,1189,1217,1229,1229,1217,1157,1204,1157,1217,1217,1189,1229,1189,1204,1204,1204,1204,1157,1204,1217,1189,1189,1229,1217,1240,1229,1204,1204,1204,1217,1240,1217,1204,1217,1204,1217,1217,1217,1217,1189,1189,1174,1217,1204,1217,1204,1189,1229,1217,1189,1217,1217,1189,1204,1229,1204,1189,1189,1204,1189,1157,1229,1189,1204,1157,1189,1189
160,1204,1229,1157,1189,1229,1157,1204,1217,1204,1204,1204,1204,1189,1189,1174,1217,1240,1157,1189,1217,1240,1137,1204,1189,1189,1204,1204,1189,1204,1189,1217,1204,1217,1189,1217,1204,1217,1157,1204,1204,1189,1157,1217,1189,1189,1204,1204,1189,1189,1204,1204,1229,1204,1137,1189,1204,1217,1204,1217,1204,1157,1217,1157,1229,1157,1157,1204,1229,1204,1189,1204,1217,1229,1229,1217,1229,1204,1217,1189,1189,1217,1217,1174,1189,1204,1229,1189,1229,1251,1217,1229,1229,1204,1217,1229,1229,1189,1217,1217,1229,1217,1204,1229,1217,1204,1204,1229,1217,1240,1204,1229,1204,1204,1189,1204,1189,1229,1204,1189,1204,1204,1217,1157,1217,1189,1217,1217,1189,1204,1204,1204,1217,1217,1157,1240,1229,1189,1217,1204,1204,1204,1157,1229,1251,1204,1204,1189,1204,1204,1204,1217,1157,1204,1189,1217,1189,1217,1204,1217,1217,1189,1189,1217,1189,1217,1204,1204,1204,1217,1217,1217,1229,1204,1217,1204,1204,1189,1137,1217,1204,1204,1229,1229,1189,1204,1204,1229,1229,1204,1204,1217,1204,1204,1189,1204,1204,1137,1204,1217,1137,1217
161,1189,1189,1204,1189,1204,1157,1189,1240,1240,1189,1217,1204,1174,1189,1189,1189,1204,1217,1204,1204,1189,1157,1217,1204,1189,1217,1189,1137,1137,1157,1229,1217,1204,1217,1157,1137,1189,1204,1189,1137,1204,1229,1204,1204,1157,1204,1157,1157,1204,1204,1189,1189,1189,1204,1204,1157,1157,1189,1229,1204,1204,1174,1189,1229,1137,1204,1137,1217,1217,1189,1189,1217,1189,1189,1204,1204,1189,1157,1157,1217,1229,1204,1174,1174,1217,1229,1189,1229,1217,1204,1189,1189,1217,1240,1217,1204,1189,1204,1189,1229,1240,1137,1217,1204,1204,1217,1189,1204,1229,1204,1189,1189,1217,1204,1204,1204,1229,1204,1137,1204,1204,1217,1204,1204,1189,1229,1204,1157,1204,1189,1137,1217,1204,1157,1157,1217,1217,1189,1137,1157,1204,1137,1229,1204,1204,1204,1217,1189,1204,1204,1204,1204,1217,1204,1204,1189,1204,1217,1189,1204,1189,1204,1204,1204,1229,1217,1157,1189,1204,1229,1229,1204,1229,1204,1174,1204,1204,1174,1189,1157,1204,1204,1229,1204,1229,1217,1189,1204,1189,1204,1157,1189,1157,1157,1189,1137,1137,1229,1157,1137,1157
162,1217,1217,1204,1189,1204,1189,1204,1217,1229,1204,1229,1217,1204,1189,1204,1204,1217,1189,1204,1217,1217,1115,1229,1204,1204,1204,1189,1189,1189,1189,1204,1204,1229,1229,1157,1204,1217,1204,1204,1189,1189,1217,1204,1217,1204,1229,1217,1229,1204,1204,1217,1217,1204,1204,1204,1157,1217,1217,1204,1217,1204,1229,1217,1217,1189,1204,1204,1217,1217,1229,1137,1204,1217,1217,1240,1217,1204,1204,1137,1229,1204,1229,1157,1240,1217,1240,1189,1229,1229,1240,1137,1137,1229,1229,1204,1217,1204,1217,1189,1240,1217,1157,1229,1229,1204,1229,1204,1229,1229,1217,1204,1217,1204,1204,1189,1217,1229,1217,1204,1229,1217,1229,1217,1204,1217,1204,1240,1204,1204,1204,1157,1229,1189,1157,1204,1217,1189,1217,1189,1137,1204,1204,1204,1240,1204,1240,1217,1157,1189,1217,1217,1157,1229,1217,1204,1229,1217,1204,1229,1229,1217,1217,1217,1229,1229,1204,1157,1157,1229,1217,1204,1204,1204,1204,1229,1137,1189,1204,1217,1204,1217,1204,1217,1217,1204,1157,1217,1229,1217,1204,1217,1229,1204,1204,1204,1189,1189,1204,1189,1137,1204
163,1204,1204,1204,1157,1217,1137,1189,1189,1189,1217,1204,1204,1157,1204,1204,1217,1217,1217,1157,1174,1204,1115,1204,1157,1204,1189,1204,1204,1217,1157,1251,1189,1204,1204,1204,1189,1229,1174,1204,1217,1204,1189,1157,1217,1189,1217,1157,1189,1157,1217,1204,1229,1240,1157,1189,1189,1217,1204,1204,1217,1204,1189,1204,1204,1204,1204,1157,1204,1189,1189,1204,1204,1229,1204,1229,1189,1189,1204,1157,1174,1217,1204,1204,1229,1217,1229,1217,1217,1240,1217,1204,1189,1204,1217,1217,1204,1157,1204,1157,1229,1204,1189,1229,1217,1204,1204,1204,1217,1229,1157,1217,1204,1240,1189,1204,1204,1229,1204,1174,1217,1189,1229,1229,1204,1189,1217,1204,1204,1217,1204,1189,1229,1204,1137,1204,1204,1217,1204,1204,1204,1229,1189,1217,1204,1217,1204,1157,1157,1157,1204,1217,1204,1204,1204,1204,1157,1217,1217,1189,1217,1157,1204,1189,1217,1229,1204,1157,1204,1204,1204,1229,1157,1204,1204,1137,1189,1217,1189,1204,1229,1204,1204,1229,1217,1189,1204,1189,1189,1229,1204,1217,1204,1157,1174,1217,1204,1137,1204,1137,1174,1240
164,1217,1189,1157,1189,1204,1204,1189,1204,1204,1229,1204,1157,1261,1217,1157,1204,1217,1189,1189,1189,1204,1115,1204,1217,1204,1189,1189,1157,1229,1189,1240,1204,1229,1217,1204,1204,1189,1217,1204,1217,1189,1204,1204,1204,1204,1217,1217,1189,1229,1204,1189,1229,1217,1157,1217,1157,1217,1229,1204,1217,1189,1204,1189,1251,1229,1229,1204,1217,1204,1204,1229,1217,1204,1229,1229,1204,1217,1204,1217,1204,1204,1189,1189,1217,1217,1229,1204,1204,1251,1217,1189,1189,1229,1229,1229,1189,1157,1217,1204,1229,1240,1204,1229,1189,1217,1217,1217,1217,1229,1204,1217,1217,1229,1189,1204,1217,1229,1217,1157,1217,1229,1229,1204,1204,1189,1204,1217,1217,1229,1189,1157,1229,1204,1204,1189,1217,1217,1217,1204,1204,1217,1157,1229,1229,1204,1157,1189,1204,1217,1229,1217,1217,1204,1204,1204,1217,1229,1229,1229,1217,1189,1217,1229,1204,1251,1204,1204,1204,1204,1229,1204,1229,1229,1217,1217,1204,1217,1204,1217,1189,1204,1189,1204,1217,1217,1189,1204,1217,1217,1204,1204,1204,1204,1204,1217,1204,1189,1217,1137,1217,1157
165,1189,1204,1174,1157,1229,1157,1174,1217,1229,1217,1217,1217,1157,1204,1189,1189,1204,1204,1189,1217,1189,0,1189,1204,1217,1189,1157,1204,1157,1189,1229,1204,1217,1189,1204,1204,1204,1157,1189,1217,1217,1217,1240,1204,1157,1217,1240,1217,1157,1204,1189,1204,1189,1189,1204,1157,1204,1204,1217,1189,1189,1204,1204,1217,1157,1229,1204,1217,1204,1157,1204,1204,1271,1217,1251,1204,1217,1157,1137,1189,1204,1217,1157,1217,1229,1229,1204,1217,1217,1189,1204,1204,1204,1189,1204,1204,1189,1157,1204,1229,1217,1189,1204,1229,1204,1229,1229,1229,1229,1217,1189,1204,1229,1157,1137,1204,1240,1204,1157,1204,1204,1189,1229,1204,1157,1240,1217,1157,1204,1204,1157,1229,1240,1189,1217,1217,1189,1229,1204,1229,1204,1189,1204,1204,1157,1204,1204,1157,1204,1189,1204,1217,1217,1204,1204,1229,1204,1229,1189,1217,1240,1204,1204,1217,1217,1204,1204,1217,1204,1204,1204,1217,1204,1217,1204,1189,1217,1189,1217,1204,1217,1189,1217,1204,1189,1204,1204,1229,1229,1189,1217,1217,1189,0,1217,1189,1217,1204,1137,1204,1204
166,1204,1174,1174,1204,1189,1137,1189,1204,1174,1204,1217,1229,1157,1137,1189,1217,1229,1229,1204,1189,1217,1137,1204,1204,1189,1204,1204,1204,1157,1157,1240,1229,1204,1189,1157,1204,1217,1189,1217,1204,1204,1204,1189,1229,1157,1217,1189,1137,1189,1229,1204,1204,1204,1189,1229,1157,1189,1157,1217,1189,1157,1189,1204,1217,1157,1174,1204,1157,1189,1217,1204,1217,1217,1251,1217,1204,1189,1189,1157,1204,1217,1157,1204,1229,1217,1217,1217,1217,1229,1229,1157,1137,1229,1204,1189,1204,1217,1204,1204,1229,1217,1157,1217,1204,1204,1217,1204,1217,1217,1204,1217,1157,1229,1189,1204,1217,1229,1204,1189,1204,1174,1204,1240,1217,1189,1204,1240,1204,1204,1204,1137,1217,1229,1204,1189,1229,1204,1217,1137,1204,1217,1204,1189,1217,1204,1189,1157,1204,1157,1204,1204,1189,1217,1271,1217,1204,1189,1217,1204,1204,1157,1189,1204,1174,1217,1229,1137,1217,1204,1204,1204,1229,1217,1189,1217,1174,1204,1204,1189,1189,1204,1157,1189,1157,1204,1189,1174,1204,1204,1217,1204,1157,1189,1189,1217,1229,1157,1204,1157,1137,1217
167,1204,1189,1189,1189,1217,1204,1189,1174,1189,1217,1204,1189,1229,1174,1189,1204,1217,1204,1137,1204,1204,1137,1204,1137,1217,1217,1204,1137,1137,1189,1204,1217,1229,1174,1204,1189,1204,1174,1204,1204,1157,1204,1189,1204,1204,1217,1204,1189,1189,1204,1204,1217,1204,1189,1189,1137,1204,1189,1204,1204,1204,1204,1217,1217,1189,1174,1204,1189,1174,1204,1204,1217,1204,1204,1204,1174,1189,1189,1137,1204,1229,1157,1189,1217,1204,1204,1189,1217,1217,1204,1157,1137,1189,1189,1204,1189,1174,1157,1189,1240,1217,1157,1204,1189,1204,1204,1137,1229,1189,1174,1217,1157,1217,1217,1229,1229,1217,1204,1204,1174,1204,1251,1204,1189,1217,1217,1189,1157,1217,1189,1204,1229,1189,1204,1204,1204,1174,1157,1204,1204,1217,1157,1217,1229,1189,1204,1137,1189,1204,1229,1229,1217,1204,1204,1157,1157,1204,1189,1204,1229,1157,1189,1204,1204,1217,1189,1137,1204,1204,1204,1229,1217,1204,1204,1217,1174,1189,1229,1189,1189,1189,1189,1229,1189,1204,1189,1137,1204,1204,1189,1189,1189,1157,1189,1217,1204,1157,1204,1137,1189,1217
168,1229,1204,1204,1229,1189,1157,1204,1217,1204,1204,1240,1229,1204,1204,1204,1204,1204,1204,1189,1204,1229,1204,1204,1204,1204,1189,1204,1189,1217,1157,1229,1204,1204,1204,1204,1189,1204,1189,1189,1217,1217,1217,1189,1204,1157,1217,1204,1189,1204,1217,1204,1240,1217,1204,1204,1189,1217,1217,1217,1189,1137,1217,1204,1217,1204,1204,1157,1189,1189,1189,1229,1229,1204,1204,1240,1217,1204,1189,1137,1189,1229,1217,1217,1217,1204,1217,1229,1229,1251,1217,1157,1217,1229,1204,1204,1240,1217,1217,1204,1240,1204,1157,1217,1189,1217,1217,1189,1240,1229,1217,1217,1217,1204,1217,1217,1229,1217,1189,1189,1240,1189,1204,1240,1217,1217,1229,1217,1157,1217,1217,1137,1229,1217,1204,1204,1217,1217,1217,1217,1217,1217,1204,1240,1204,1217,1229,1137,1204,1217,1204,1204,1229,1217,1157,1229,1217,1229,1229,1217,1189,1189,1204,1240,1217,1229,1229,1204,1217,1217,1240,1251,1204,1229,1204,1204,1189,1189,1189,1204,1204,1204,1157,1217,1204,1217,1229,1229,1204,1217,1204,1217,1204,1189,1217,1229,1204,1204,1229,1204,1157,1204
169,1204,1204,1189,1217,1204,1204,1204,1229,1189,1229,1204,1229,1217,1157,1204,1217,1204,1217,1157,1217,1217,1204,1157,1217,1204,1204,1217,1217,1204,1217,1240,1189,1217,1251,1189,1240,1189,1240,1189,1204,1189,1229,1204,1217,1204,1229,1240,1189,1189,1204,1189,1240,1229,1189,1229,1157,1229,1204,1217,1157,1189,1204,1204,1229,1217,1204,1189,1204,1204,1204,1217,1229,1217,1189,1240,1189,1204,1189,1229,1204,1217,1189,1189,1204,1204,1217,1204,1217,1229,1204,1189,1157,1217,1137,1204,1229,1189,1217,1189,1240,1229,1204,1229,1229,1189,1217,1217,1229,1217,1204,1204,1204,1204,1217,1204,1204,1204,1204,1174,1229,1217,1204,1229,1204,1204,1204,1229,1189,1204,1229,1204,1240,1204,1204,1229,1204,1204,1229,1217,1251,1204,1217,1217,1229,1189,1204,1229,1174,1189,1229,1229,1204,1217,1157,1204,1204,1217,1217,1217,1251,1115,1204,1204,1229,1204,1229,1157,1229,1229,1204,1204,1217,1240,1261,1204,1229,1204,1217,1229,1189,1204,1217,1204,1217,1229,1204,1204,1204,1204,1189,1204,1229,1217,1157,1217,1229,1189,1204,1157,1189,1217
170,1204,1174,1204,1217,1204,1157,1174,1229,1204,1204,1189,1204,1137,1189,1137,1189,1204,1174,1189,1229,1217,1204,1189,1229,1189,1204,1189,1137,1137,1157,1217,1189,1204,1189,1204,1189,1229,1174,1189,1204,1189,1137,1137,1204,1157,1229,1204,1137,1189,1189,1217,1217,1217,1189,1174,1189,1189,1204,1189,1204,1189,1204,1157,1217,1204,1204,1204,1204,1174,1204,1157,1204,1217,1204,1240,1189,1157,1189,1137,1204,1229,1189,1189,1189,1204,1174,1157,1217,1229,1204,1189,1137,1217,1137,1204,1204,1189,1204,1137,1217,1240,1189,1217,1204,1204,1217,1189,1217,1217,1189,1189,1174,1189,1189,1204,1204,1204,1204,1137,1189,1204,1204,1189,1217,1217,1240,1204,1189,1189,1204,1189,1217,1189,1189,1204,1204,1204,1217,1174,1204,1229,1189,1217,1240,1204,1229,1204,1204,1204,1229,1217,1157,1204,1204,1137,1240,1204,1204,1157,1217,1204,1217,1229,1217,1217,1217,1189,1204,1204,1229,1217,1189,1217,1204,1217,1204,1217,1204,1189,1204,1204,1204,1204,1189,1189,1157,1204,1189,1217,1189,1189,1204,1189,1189,1204,1217,1174,1217,0,1189,1204
171,1204,1174,1204,1157,1189,1137,1189,1174,1174,1204,1204,1189,1174,1174,1189,1204,1204,1204,1115,1189,1204,0,1204,1174,1204,1204,1189,1189,1174,1157,1217,1204,1217,1204,1157,1204,1174,1174,1137,1217,1217,1157,1174,1217,1174,1204,1157,1157,1189,1204,1204,1189,1204,1157,1189,1174,1189,1189,1189,1229,1204,1204,1189,1217,1174,1189,1189,1204,1174,1174,1217,1204,1204,1204,1204,1174,1204,1217,1137,1217,1204,1137,1189,1217,1217,1217,1137,1189,1229,1189,1189,1204,1204,1174,1229,1204,1174,1157,1157,1204,1229,1174,1217,1204,1204,1217,1204,1189,1204,1189,1189,1204,1204,1204,1189,1204,1204,1204,1189,1217,1189,1217,1204,1217,1157,1217,1217,1157,1217,1189,1137,1217,1204,1174,1189,1204,1217,1204,1217,1204,1204,1157,1204,1204,1204,1204,1157,1204,1204,1204,1204,1204,1204,1157,1204,1189,1204,1229,1217,1204,1189,1174,1217,1204,1229,1204,1189,1217,1189,1217,1157,1189,1204,1217,1204,1217,1217,1204,1204,1204,1229,1157,1204,1217,1189,1204,1251,1189,1217,1157,1204,1189,1157,1157,1189,1189,1217,1204,1189,1189,1204
172,1217,1189,1189,1204,1204,1137,1204,1204,1204,1217,1204,1217,1189,1137,1204,1204,1217,1204,1157,1189,1204,1115,1189,1217,1157,1204,1204,1204,1217,1189,1240,1240,1217,1204,1189,1204,1229,1204,1217,1204,1217,1204,1189,1217,1157,1204,1157,1157,1137,1204,1157,1217,1189,1157,1137,1189,1217,1217,1217,1204,1217,1217,1217,1229,1189,1204,1204,1229,1189,1204,1204,1189,1217,1189,1189,1229,1189,1204,1204,1204,1229,1217,1157,1217,1204,1189,1204,1217,1240,1174,1157,1189,1157,1204,1204,1189,1137,1217,1157,1229,1229,1157,1189,1157,1204,1217,1217,1217,1204,1189,1204,1189,1217,1157,1217,1204,1204,1204,1137,1204,1217,1217,1204,1217,1204,1229,1240,1189,1217,1204,1157,1204,1204,1157,1204,1204,1204,1204,1137,1204,1204,1189,1204,1229,1189,1157,1217,1137,1189,1217,1229,1189,1204,1217,1204,1189,1204,1217,1204,1189,1204,1189,1157,1229,1251,1217,1189,1229,1217,1189,1204,1204,1204,1204,1189,1204,1229,1157,1204,1157,1189,1189,1229,1204,1229,1204,1137,1217,1204,1189,1189,1204,1157,1137,1189,1189,1157,1217,1157,1137,1217
173,1204,1174,1189,1157,1204,1137,1189,1204,1189,1217,1189,1204,1204,1137,1189,1204,1189,1189,1157,1189,1189,1137,1204,1204,1217,1189,1174,1204,1189,1189,1217,1174,1189,1217,1189,1204,1217,1137,1157,1217,1217,1189,1189,1217,1189,1217,1189,1157,1189,1204,1189,1204,1204,1189,1189,1174,1189,1217,1204,1217,1174,1174,1204,1204,1157,1204,1189,1174,1204,1204,1204,1189,1217,1174,1217,1204,1157,1204,1157,1204,1189,1157,1174,1137,1217,1189,1204,1204,1240,1204,1189,1204,1174,1189,1204,1189,1174,1189,1157,1204,1189,1174,1240,1189,1189,1217,1174,1204,1229,1189,1217,1137,1204,1189,1204,1204,1204,1189,1189,1204,1217,1217,1217,1189,1157,1204,1240,1189,1217,1189,1174,1217,1204,1157,1189,1204,1204,1204,1174,1204,1204,1189,1204,1217,1217,1229,1189,1137,1189,1217,1204,1157,1204,1174,1157,1157,1204,1217,1204,1217,1204,1204,1204,1189,1204,1204,1189,1204,1189,1217,1204,1217,1204,1189,1137,1174,1217,1174,1204,1189,1217,1204,1204,1204,1204,1189,1189,1204,1204,1204,1157,1189,1137,1204,1189,1137,1157,1204,0,1174,1204
174,1229,1174,1204,1204,1204,1189,1217,1204,1204,1204,1189,1204,1189,1189,1137,1204,1204,1204,1189,1174,1217,1189,1204,1204,1204,1174,1189,1157,1137,1189,1204,1217,1189,1204,1157,1204,1204,1174,1189,1217,1204,1204,1189,1217,1189,1229,1157,1217,1189,1204,1204,1217,1217,1204,1174,1137,1189,1189,1204,1189,1189,1204,1189,1217,1189,1204,1204,1204,1189,1174,1204,1229,1251,1137,1240,1204,1157,1189,1137,1204,1229,1204,1204,1204,1217,1204,1217,1217,1189,1204,1157,1137,1189,1189,1204,1217,1174,1174,1157,1229,1204,1189,1189,1229,1204,1240,1204,1217,1204,1189,1157,1157,1251,1157,1189,1217,1217,1217,1137,1174,1189,1229,1204,1189,1137,1217,1217,1157,1204,1204,1189,1204,1189,1189,1204,1189,1204,1217,1204,1204,1189,1204,1204,1217,1189,1204,1157,1174,1204,1217,1217,1137,1229,1189,1189,1217,1240,1240,1204,1204,1115,1189,1189,1204,1229,1204,1137,1204,1204,1217,1217,1240,1204,1189,1189,1174,1204,1174,1189,1204,1189,1217,1204,1189,1157,1204,1217,1157,1204,1204,1189,1157,1137,1157,1204,1174,1204,1217,1157,1204,1204
175,1174,1204,1229,1204,1204,1157,1204,1217,1229,1189,1204,1204,1204,1204,1189,1204,1204,1204,1157,1204,1189,1137,1204,1204,1174,1189,1157,1137,1204,1189,1261,1229,1217,1204,1189,1204,1189,1204,1189,1204,1157,1204,1137,1217,1137,1204,1189,1157,1204,1204,1189,1229,1174,1189,1189,1115,1189,1217,1189,1189,1137,1189,1189,1217,1189,1157,1217,1189,1189,1189,1204,1174,1217,1189,1204,1189,1189,1189,1217,1204,1217,1204,1137,1137,1217,1217,1217,1204,1229,1229,1157,0,1204,1217,1217,1217,1137,1189,1189,1229,1217,1137,1204,1217,1204,1229,1217,1217,1204,1189,1229,1157,1204,1204,1204,1204,1217,1204,1157,1217,1137,1204,1217,1189,1204,1204,1229,1189,1217,1217,1204,1229,1204,1204,1217,1204,1204,1204,1189,1204,1189,1157,1189,1204,1137,1217,1157,1174,1189,1229,1204,1204,1204,1157,1204,1204,1217,1204,1189,1204,1204,1204,1217,1217,1251,1204,1157,1204,1204,1217,1204,1189,1217,1157,1204,1229,1204,1204,1157,1157,1204,1189,1217,1204,1204,1189,1189,1204,1217,1204,1217,1137,1137,1157,1204,1189,1204,1217,1157,1204,1157
176,1189,1204,1204,1217,1217,1157,1174,1217,1204,1189,1204,1204,1217,1189,1204,1189,1229,1217,1157,1204,1217,1137,1189,1204,1189,1217,1217,1137,1157,1189,1240,1217,1217,1204,1189,1204,1204,1189,1157,1189,1157,1204,1189,1204,1157,1204,1204,1189,1137,1204,1204,1189,1229,1157,1189,1157,1189,1204,1204,1157,1189,1217,1204,1229,1174,1189,1204,1189,1204,1189,1204,1217,1229,1217,1217,1204,1204,1189,1204,1189,1204,1157,1189,1204,1204,1204,1189,1217,1240,1204,1189,1189,1137,1204,1217,1204,1157,1217,1157,1189,1217,1189,1157,1189,1189,1217,1204,1217,1229,1204,1189,1189,1204,1189,1204,1217,1217,1217,1157,1189,1204,1229,1217,1217,1189,1217,1204,1204,1189,1204,1204,1229,1204,1204,1217,1229,1189,1217,1137,1189,1204,1189,1204,1204,1229,1189,1189,1157,1204,1240,1204,1204,1204,1157,1189,1204,1229,1204,1204,1174,1204,1204,1189,1251,1217,1204,1204,1217,1204,1217,1189,1189,1204,1204,1204,1157,1217,1204,1217,1157,1217,1189,1204,1189,1240,1189,1204,1204,1204,1204,1189,1204,1157,1189,1204,1157,1189,1157,1137,1204,1189
177,1189,1189,1189,1204,1189,1115,1189,1229,1204,1217,1217,1204,1204,1174,1204,1204,1204,1204,1189,1217,1204,1137,1174,1204,1204,1189,1204,1157,1157,1189,1229,1204,1189,1217,1204,1204,1204,1189,1204,1189,1189,1204,1189,1204,1189,1217,1137,1204,1189,1217,1157,1217,1204,1157,1204,1157,1157,1204,1189,1204,1189,1204,1157,1204,1204,1217,1204,1204,1204,1217,1157,1204,1204,1189,1217,1174,1189,1189,1204,1189,1217,1189,1204,1189,1204,1204,1204,1204,1240,1217,1189,1137,1217,1157,1204,1189,1189,1204,1157,1217,1204,1157,1229,1204,1217,1204,1157,1229,1229,1204,1204,1204,1229,1189,1189,1229,1217,1189,1189,1204,1204,1217,1204,1204,1204,1229,1217,1157,1217,1189,1204,1189,1157,1204,1204,1204,1217,1217,1217,1217,1217,1204,1204,1251,1189,1204,1204,1240,1157,1229,1251,1204,1204,1204,1204,1204,1229,1217,1217,1204,1204,1204,1217,1217,1204,1217,1189,1157,1204,1217,1204,1189,1189,1189,1189,1157,1217,1189,1217,1204,1204,1204,1204,1204,1229,1204,1217,1204,1189,1217,1157,1204,1189,1217,1189,1217,1157,1157,1137,1204,1157
178,1204,1217,1189,1217,1204,1204,1204,1217,1217,1229,1217,1229,1189,1204,1204,1189,1229,1157,1157,1217,1157,1137,1204,1157,1217,1217,1204,1157,1189,1204,1229,1217,1217,1204,1189,1204,1229,1240,1204,1204,1189,1217,1204,1229,1189,1217,1204,1217,1217,1204,1217,1204,1217,1157,1204,1204,1229,1189,1229,1217,1204,1204,1204,1217,1189,1189,1204,1229,1217,1189,1217,1204,1229,1189,1217,1229,1157,1217,1204,1204,1217,1204,1204,1217,1217,1157,1217,1217,1217,1217,1204,1189,1217,1189,1217,1204,1204,1204,1137,1204,1189,1157,1204,1204,1204,1204,1189,1189,1217,1204,1204,1204,1240,1229,1204,1204,1217,1204,1137,1217,1204,1229,1204,1229,1204,1204,1204,1204,1189,1204,1204,1217,1204,1157,1217,1217,1204,1204,1204,1189,1217,1204,1204,1217,1157,1229,1137,1157,1189,1217,1217,1189,1229,1204,1204,1204,1217,1271,1217,1217,1204,1137,1204,1204,1217,1204,1157,1189,1204,1217,1217,1189,1204,1217,1204,1204,1217,1189,1217,1204,1229,1157,1217,1229,1204,1189,1157,1217,1189,1217,1189,1157,1189,1189,1204,1217,1229,1204,1157,1229,1204
179,1204,1157,1189,1137,1217,1157,1189,1204,1229,1240,1174,1217,1189,1157,1204,1204,1217,1229,1157,1204,1189,1157,1189,1189,1157,1189,1204,1137,1157,1217,1204,1204,1229,1204,1157,1189,1204,1229,1217,1229,1204,1204,1204,1204,1137,1204,1217,1204,1204,1217,1217,1204,1204,1189,1189,1189,1189,1189,1217,1189,1189,1189,1204,1204,1217,1204,1204,1229,1204,1204,1189,1204,1217,1204,1217,1204,1189,1189,1204,1204,1229,1137,1204,1217,1204,1229,1204,1251,1217,1204,1137,1204,1217,1157,1204,1189,1137,1204,1157,1204,1189,1157,1204,1217,1157,1229,1240,1217,1217,1204,1204,1157,1217,1189,1204,1204,1217,1189,1189,1217,1189,1229,1217,1204,1204,1189,1229,1189,1204,1204,1137,1217,1229,1204,1204,1217,1204,1189,1189,1204,1229,1189,1189,1217,1204,1217,1189,1137,1189,1217,1204,1189,1217,1204,1229,1157,1204,1240,1217,1204,1137,1189,1217,1217,1204,1217,1157,1189,1189,1204,1217,1204,1204,1204,1189,1189,1217,1217,1204,1204,1217,1217,1229,1217,1217,1204,1137,1217,1204,1240,1189,1157,1157,1157,1204,1229,1137,1217,1157,1204,1204
180,1189,1189,1204,1189,1204,1189,1137,1204,1217,1217,1189,1217,1204,1217,1204,1229,1204,1189,1189,1157,1157,0,1204,1204,1217,1189,1204,1137,1189,1189,1229,1217,1217,1204,1217,1204,1204,1204,1204,1157,1217,1217,1157,1204,1157,1204,1204,1204,1157,1217,1189,1189,1189,1204,1217,1137,1157,1204,1204,1217,1157,1204,1189,1217,1189,1189,1189,1204,1229,1189,1189,1204,1204,1189,1229,1204,1189,1204,1157,1189,1204,1204,1157,1229,1204,1157,1217,1204,1217,1157,1157,1174,1189,1204,1204,1217,1189,1189,1157,1204,1204,1115,1204,1217,1204,1204,1189,1204,1217,1189,1204,1189,1229,1204,1204,1204,1217,1204,1189,1240,1189,1217,1217,1157,1157,1204,1204,1189,1204,1204,1204,1204,1189,1204,1189,1189,1204,1189,1189,1204,1204,1204,1204,1217,1189,1204,1137,1204,1174,1229,1217,1189,1229,1229,1204,1217,1229,1229,1229,1240,1189,1204,1189,1229,1229,1217,1189,1204,1157,1204,1217,1204,1204,1204,1204,1137,1217,1229,1229,1217,1204,1204,1189,1204,1204,1204,1204,1157,1204,1217,1204,1229,1157,1189,1204,1204,1157,1204,1217,1157,1217
181,1217,1217,1189,1204,1204,1157,1189,1217,1217,1204,1204,1204,1204,1204,1204,1189,1261,1229,1189,1229,1157,1204,1204,1217,1189,1189,1217,1157,1204,1204,1217,1217,1204,1229,1157,1217,1189,1229,1204,1229,1217,1204,1217,1217,1157,1217,1217,1189,1204,1217,1204,1217,1217,1189,1204,1189,1229,1204,1217,1157,1157,1204,1204,1217,1204,1189,1217,1204,1204,1217,1204,1189,1229,1217,1240,1204,1204,1137,1157,1229,1217,1204,1157,1204,1229,1204,1189,1217,1217,1189,1204,1189,1229,1204,1229,1204,1204,1217,1157,1189,1217,1189,1217,1217,1229,1251,1189,1204,1204,1217,1204,1189,1217,1189,1217,1229,1229,1229,1137,1189,1204,1204,1229,1189,1189,1217,1217,1189,1204,1157,1157,1217,1217,1189,1217,1204,1217,1229,1189,1189,1189,1189,1189,1217,1189,1189,1204,1157,1204,1204,1229,1189,1217,1217,1204,1204,1204,1217,1229,1217,1157,1204,1189,1240,1240,1229,1189,1251,1204,1229,1217,1204,1217,1189,1204,1189,1157,1157,1217,1204,1217,1204,1204,1204,1240,1204,1240,1217,1204,1217,1217,1204,1204,1157,1217,1157,1157,1217,1189,1174,1204
182,1204,1157,1204,1189,1229,1189,1217,1189,1189,1229,1217,1204,1204,1229,1189,1217,1217,1204,1189,1229,1204,1137,1189,1204,1204,1189,1204,1189,1229,1204,1240,1217,1217,1217,1174,1217,1229,1217,1229,1204,1229,1204,1157,1217,1157,1204,1217,1189,1204,1204,1204,1217,1229,1157,1229,1189,1204,1217,1229,1204,1217,1204,1189,1229,1189,1204,1229,1217,1229,1204,1204,1240,1204,1229,1229,1189,1189,1157,1137,1204,1204,1204,1189,1229,1217,1229,1189,1204,1217,1217,1157,1204,1204,1229,1229,1229,1204,1204,1137,1229,1204,1157,1204,1240,1229,1204,1229,1217,1204,1217,1189,1217,1229,1189,1229,1217,1217,1189,1157,1204,1204,1229,1223,1217,1157,1217,1229,1204,1217,1157,1157,1217,1157,1157,1217,1189,1204,1217,1204,1189,1229,1189,1204,1217,1204,1217,1157,1204,1189,1189,1217,1204,1204,1217,1204,1217,1217,1217,1189,1229,1204,1204,1217,1229,1229,1189,1174,1204,1217,1251,1204,1204,1229,1217,1204,1204,1204,1157,1204,1189,1204,1229,1204,1217,1217,1157,1229,1229,1204,1217,1229,1217,1204,1157,1229,1229,1189,1240,1229,1229,1229
183,1204,1217,1189,1157,1217,1157,1189,1204,1204,1204,1189,1189,1157,1157,1189,1204,1229,1204,1189,1204,1204,1189,1217,1157,1204,1204,1204,1189,1157,1204,1217,1204,1229,1204,1204,1204,1189,1204,1217,1189,1157,1204,1189,1217,1157,1157,1189,1157,1137,1217,1204,1204,1204,1204,1204,1157,1204,1204,1204,1204,1189,1217,1229,1217,1189,1204,1204,1204,1204,1137,1229,1217,1217,1204,1217,1229,1157,1204,1189,1189,1217,1189,1137,1189,1217,1189,1157,1204,1229,1240,1189,1189,1217,1217,1204,1217,1189,1229,1157,1204,1217,1217,1229,1204,1204,1217,1204,1204,1204,1157,1189,1204,1229,1204,1204,1189,1204,1189,1157,1204,1217,1217,1217,1229,1157,1217,1204,1204,1204,1204,1204,1251,1204,1204,1217,1204,1204,1217,1217,1217,1189,1204,1229,1217,1217,1189,1189,1204,1229,1204,1217,1189,1204,1189,1189,1189,1217,1204,1204,1217,1204,1217,1189,1204,1229,1204,1217,1189,1229,1251,1204,1204,1229,1189,1217,1189,1229,1137,1204,1157,1204,1189,1189,1217,1217,1217,1204,1217,1217,1229,1189,1204,1189,1189,1217,1189,1189,1229,1157,1204,1189
184,1217,1189,1174,1189,1189,1189,1189,1229,1189,1204,1204,1217,1174,1204,1189,1204,1204,1174,1189,1204,1217,1115,1204,1174,1189,1229,1204,1137,1189,1174,1204,1217,1204,1217,1189,1157,1204,1174,1204,1229,1217,1217,1189,1217,1174,1204,1189,1189,1157,1217,1204,1229,1204,1137,1189,1137,1189,1204,1217,1204,1189,1189,1137,1229,1174,1204,1217,1217,1189,1204,1204,1217,1217,1189,1217,1204,1204,1204,1157,1204,1204,1137,1137,1174,1204,1204,1189,1204,1217,1240,1174,1174,1217,1137,1217,1288,1174,1174,1174,1217,1204,1137,1204,1204,1229,1217,1189,1217,1240,1189,1189,1189,1204,1217,1189,1229,1240,1189,1137,1204,1204,1229,1189,1204,1204,1189,1204,1157,1204,1204,1174,1240,1204,1174,1189,1204,1204,1157,1174,1189,1217,1157,1137,1217,1189,1189,1189,1174,1157,1157,1204,1174,1204,1174,1174,1137,1204,1229,1240,1204,1189,1174,1229,1189,1217,1204,1137,1189,1174,1204,1204,1174,1204,1189,1204,1174,1229,1189,1204,1189,1189,1229,1217,1217,1204,1204,1174,1217,1189,1204,1204,1174,1204,1174,1217,1204,1189,1217,1204,1174,1189
185,1189,1204,1189,1204,1157,1157,1137,1229,1204,1217,1217,1204,1189,1137,1137,1204,1204,1204,1137,1217,1229,1115,1189,1189,1189,1204,1204,1204,1174,1189,1217,1189,1217,1217,1157,1157,1204,1204,1157,1217,1204,1204,1137,1217,1204,1174,1204,1189,1204,1217,1217,1204,1189,1157,1217,0,1204,1204,1217,1157,1189,1217,1189,1204,1137,1189,1204,1229,1189,1204,1204,1229,1189,1189,1217,1217,1189,1189,1137,1204,1204,1204,1217,1174,1204,1217,1204,1204,1217,1157,1137,1204,1189,1157,1217,1217,1189,1189,1189,1251,1217,1157,1189,1229,1204,1204,1204,1217,1189,1204,1204,1157,1217,1157,1174,1217,1189,1204,1189,1189,1204,1204,1217,1217,1204,1157,1229,1204,1204,1217,1204,1217,1204,1204,1204,1217,1229,1204,1204,1204,1204,1189,1157,1204,1204,1217,1157,1137,1137,1189,1204,1189,1217,1174,1217,1204,1217,1204,1204,1204,1189,1174,1217,1204,1189,1204,1157,1204,1174,1229,1217,1204,1204,1229,1189,1137,1189,1189,1217,1189,1189,1137,1229,1157,1204,1204,1229,1157,1204,1189,1189,1189,1189,1137,1217,1229,1189,1204,1157,1204,1189
186,1204,1204,1204,1174,1217,1137,1137,1204,1204,1217,1189,1217,1204,1204,1157,1204,1217,1204,1189,1204,1174,1137,1189,1204,1189,1189,1217,1157,1189,1157,1240,1217,1217,1204,1204,1157,1204,1157,1189,1217,1189,1204,1204,1204,1204,1204,1204,1189,1204,1229,1137,1204,1189,1157,1189,1115,1217,1189,1204,1189,1157,1229,1189,1217,1204,1189,1189,1157,1204,1157,1204,1217,1204,1189,1217,1217,1204,1157,1157,1189,1229,1157,1157,1189,1204,1157,1189,1229,1229,1217,1157,1204,1251,1204,1189,1217,1189,1189,1137,1229,1217,1157,1240,1217,1157,1157,1217,1189,1240,1204,1204,1217,1189,1189,1204,1217,1204,1204,1137,1189,1204,1229,1189,1204,1204,1204,1217,1204,1204,1204,1137,1204,1204,1204,1204,1204,1204,1174,1189,1204,1189,1189,1189,1204,1217,1217,1217,1157,1204,1217,1204,1217,1217,1189,1204,1217,1229,1217,1204,1204,1157,1189,1189,1217,1229,1217,1174,1204,1189,1229,1217,1204,1217,1204,1189,1189,1229,1189,1217,1204,1217,1157,1204,1204,1217,1229,1204,1204,1204,1204,1217,1189,1204,1157,1204,1137,1157,1217,1157,1229,1229
187,1204,1189,1204,1157,1217,1204,1189,1204,1229,1217,1229,1189,1157,1189,1217,1204,1217,1204,1157,1217,1229,1204,1189,1204,1204,1157,1204,1137,1204,1189,1217,1204,1217,1217,1204,1204,1217,1189,1204,1217,1229,1240,1189,1217,1189,1204,1189,1229,1204,1204,1157,1217,1204,1204,1229,1137,1189,1217,1204,1189,1157,1204,1240,1217,1204,1204,1189,1204,1189,1189,1204,1204,1217,1217,1229,1157,1204,1189,1217,1189,1204,1189,1204,1204,1189,1229,1204,1217,1229,1204,1204,1204,1217,1189,1240,1204,1157,1157,1204,1229,1229,1189,1204,1189,1157,1204,1189,1204,1229,1217,1189,1217,1217,1189,1204,1204,1229,1204,1157,1189,1204,1217,1229,1189,1204,1204,1217,1189,1204,1217,1189,1229,1217,1204,1204,1157,1204,1217,1189,1229,1204,1204,1204,1251,1204,1217,1157,1189,1204,1217,1217,1204,1229,1217,1204,1189,1204,1229,1217,1217,1174,1204,1189,1204,1229,1251,1204,1204,1204,1204,1217,1217,1217,1189,1204,1189,1204,1157,1204,1157,1204,1189,1189,1204,1204,1157,1229,1204,1204,1204,1204,1204,1189,1204,1204,1229,1204,1217,1157,1157,1189
188,1204,1204,1157,1204,1204,1157,1217,1229,1189,1217,1204,1204,1189,1157,1217,1217,1217,1189,1115,1204,1204,1157,1204,1157,1204,1217,1189,1157,1189,1204,1240,1217,1217,1240,1189,1217,1189,1204,1204,1189,1204,1217,1217,1204,1157,1204,1137,1137,1204,1204,1189,1251,1204,1204,1204,1204,1157,1204,1204,1137,1189,1204,1157,1204,1204,1204,1229,1204,1157,1204,1204,1217,1204,1189,1217,1204,1204,1189,1204,1204,1229,1217,1217,1204,1229,1204,1217,1217,1271,1229,1204,1204,1204,1189,1204,1217,1137,1217,1204,1217,1217,1137,1217,1157,1204,1229,1189,1217,1229,1204,1217,1157,1217,1204,1204,1204,1229,1204,1217,1189,1217,1204,1189,1189,1229,1204,1229,1189,1229,1204,1189,1217,1204,1157,1189,1204,1229,1204,1174,1204,1217,1189,1217,1251,1189,1204,1137,1157,1204,1189,1204,1189,1217,1189,1217,1217,1229,1229,1189,1204,1157,1217,1204,1189,1229,1217,1137,1204,1204,1204,1217,1204,1229,1204,1204,1204,1204,1204,1217,1204,1189,1204,1204,1189,1189,1204,1189,1204,1204,1189,1204,1189,1157,1189,1204,1217,1189,1204,1157,1137,1204
189,1204,1204,1204,1137,1189,1137,1229,1229,1189,1174,1229,1204,1189,1157,1217,1229,1204,1204,1189,1217,1204,1115,1189,1229,1229,1189,1204,1189,1189,1157,1217,1217,1229,1204,1204,1217,1189,1189,1204,1204,1189,1189,1137,1217,1189,1217,1217,1204,1157,1217,1157,1217,1217,1174,1204,1189,1204,1189,1217,1189,1157,1204,1204,1217,1189,1157,1204,1189,1204,1204,1204,1204,1204,1204,1217,1217,1157,1157,1157,1204,1174,1189,1157,1189,1204,1229,1204,1204,1204,1189,1137,1189,1204,1157,1229,1204,1157,1189,1157,1204,1217,1189,1217,1189,1217,1204,1189,1217,1217,1204,1217,1217,1217,1204,1189,1204,1229,1204,1204,1189,1217,1229,1189,1217,1217,1204,1229,1189,1204,1189,1204,1204,1189,1217,1189,1204,1204,1204,1137,1229,1217,1204,1204,1204,1204,1217,1189,1204,1204,1204,1189,1204,1217,1189,1189,1189,1204,1229,1217,1204,1137,1204,1217,1189,1217,1217,1189,1217,1204,1217,1217,1189,1189,1217,1240,1189,1217,1157,1204,1157,1229,1189,1240,1204,1189,1229,1189,1204,1204,1204,1204,1157,1157,1157,1217,1137,1157,1204,1189,1174,1204
190,1189,1189,1204,1174,1204,1115,1189,1174,1189,1189,1189,1189,1229,1189,1174,1204,1217,1204,1157,1174,1204,1115,1174,1189,1137,1204,1204,1137,1174,1189,1217,1204,1204,1174,1157,1157,1137,1189,1189,1204,1217,1229,1204,1217,1189,1204,1157,1137,1189,1189,1189,1217,1204,1137,1204,1174,1174,1204,1189,1204,1189,1204,1204,1217,1189,1204,1217,1189,1189,1137,1174,1204,1240,1189,1217,1217,1157,1174,1137,1204,1204,1204,1189,1217,1189,1204,1189,1189,1229,1174,1157,1174,1229,1217,1217,1204,1174,1174,1204,1217,1204,1174,1204,1189,1189,1189,1189,1204,1217,1217,1157,1204,1229,1137,1204,1217,1217,1204,1157,1189,1229,1204,1204,1189,1189,1217,1204,1137,1189,1189,1174,1229,1189,1189,1204,1204,1217,1204,1204,1189,1204,1137,1217,1204,1189,1217,1189,1137,1189,1217,1229,1137,1189,1189,1189,1157,1189,1189,1189,1189,1204,1204,1189,1189,1229,1217,1137,1189,1204,1189,1189,1189,1204,1189,1204,1174,1189,1189,1217,1189,1217,1189,1204,1229,1217,1204,1217,1204,1204,1157,1189,1157,1137,1157,1204,1174,1137,1204,1174,1115,1137
191,1229,1157,1204,1157,1229,1157,1204,1229,1217,1189,1204,1204,1137,1217,1204,1217,1229,1229,1189,1189,1189,1157,1204,1157,1217,1217,1229,1189,1240,1204,1240,1204,1204,1217,1217,1204,1189,1157,1229,1217,1204,1157,1217,1217,1204,1204,1217,1229,1204,1204,1204,1217,1204,1204,1189,1189,1217,1217,1229,1189,1204,1229,1217,1251,1204,1189,1204,1189,1204,1217,1204,1204,1189,1217,1217,1217,1204,1189,1137,1204,1229,1189,1157,1217,1217,1229,1217,1204,1229,1217,1157,1204,1204,1217,1217,1229,1137,1204,1204,1229,1204,1157,1217,1229,1189,1251,1217,1204,1217,1217,1204,1217,1229,1204,1204,1217,1240,1204,1157,1189,1204,1229,1217,1174,1229,1204,1217,1204,1204,1217,1157,1204,1217,1240,1217,1217,1217,1229,1189,1189,1229,1189,1204,1204,1204,1204,1204,1157,1204,1229,1217,1204,1204,1217,1217,1204,1217,1217,1217,1217,1189,1204,1157,1217,1261,1240,1204,1204,1217,1217,1217,1229,1217,1217,1204,1157,1217,1217,1174,1217,1204,1204,1189,1217,1217,1204,1204,1217,1217,1204,1204,1204,1217,1204,1217,1204,1157,1217,1217,1240,1229
192,1189,1217,1229,1189,1204,1189,1189,1204,1204,1229,1204,1217,1217,1204,1204,1217,1217,1189,1157,1204,1204,1157,1189,1189,1217,1189,1204,1189,1189,1189,1240,1189,1204,1204,1157,1217,1229,1204,1217,1217,1204,1217,1204,1204,1189,1204,1204,1217,1204,1189,1189,1229,1229,1204,1217,1204,1204,1204,1217,1204,1217,1189,1137,1297,1217,1204,1204,1157,1189,1157,1204,1204,1240,1217,1229,1204,1157,1189,1157,1157,1229,1217,1204,1204,1189,1217,1204,1189,1204,1217,1115,1189,1229,1204,1217,1189,1204,1204,1189,1217,1204,1204,1189,1251,1204,1189,1204,1204,1217,1217,1204,1217,1229,1189,1204,1217,1217,1240,1204,1189,1204,1189,1217,1189,1204,1204,1229,1217,1217,1204,1204,1217,1204,1217,1204,1204,1189,1204,1217,1204,1217,1204,1189,1229,1189,1229,1189,1157,1189,1204,1204,1189,1229,1204,1204,1157,1217,1217,1229,1240,1204,1204,1157,1217,1229,1217,1189,1217,1229,1204,1229,1204,1229,1204,1229,1204,1189,1204,1217,1204,1217,1229,1204,1204,1251,1157,1157,1189,1189,1189,1204,1204,1217,1157,1204,1204,1204,1204,1157,1189,1229
193,1189,1189,1204,1204,1189,1157,1174,1217,1189,1204,1189,1189,1204,1204,1157,1204,1204,1204,1204,1204,1174,1137,1189,1189,1217,1204,1204,1157,1137,1157,1217,1204,1204,1204,1189,1189,1204,1157,1189,1204,1204,1204,1204,1204,1204,1189,1157,1204,1229,1174,1157,1217,1217,1204,1189,1189,1204,1204,1189,1189,1189,1204,1217,1217,1157,1217,1189,1189,1204,1189,1204,1204,1204,1189,1217,1217,1189,1204,1137,1217,1217,1157,1137,1157,1217,1229,1189,1204,1229,1189,1115,1157,1229,1204,1204,1217,1189,1204,1157,1189,1217,1189,1240,1189,1204,1204,1204,1189,1204,1137,1189,1217,1204,1189,1189,1204,1204,1157,1174,1204,1189,1217,1204,1204,1189,1229,1217,1204,1189,1157,1157,1204,1229,1189,1204,1204,1217,1217,1189,1240,1204,1189,1189,1217,1204,1204,1157,1174,1189,1229,1204,1189,1204,1229,1204,1217,1204,1217,1217,1217,1189,1229,1204,1217,1251,1217,1204,1189,1189,1217,1217,1189,1204,1217,1157,1204,1157,1217,1217,1204,1217,1157,1229,1157,1204,1204,1204,1204,1204,1217,1189,1229,1157,1157,1204,1189,1229,1189,1189,1189,1204
194,1204,1204,1204,1204,1204,1137,1174,1189,1204,1204,1217,1157,1204,1189,1174,1189,1204,1157,1189,1217,1204,1174,1189,1229,1204,1189,1204,1137,1174,1189,1217,1217,1204,1204,1157,1204,1189,1204,1189,1189,1217,1204,1174,1204,1137,1204,1204,1204,1189,1204,1174,1217,1189,1157,1204,1137,1204,1204,1189,1189,1174,1204,1137,1217,1157,1204,1137,1204,1189,1189,1189,1204,1229,1189,1189,1204,1189,1157,1157,1174,1217,1189,1137,1217,1189,1189,1189,1189,1229,1174,1189,1137,1204,1204,1204,1204,1189,1157,1189,1204,1229,1137,1217,1229,1137,1204,1204,1189,1229,1189,1157,1204,1217,1157,1189,1204,1229,1204,1174,1217,1217,1217,1189,1189,1204,1137,1229,1204,1204,1204,1174,1217,1217,1204,1204,1217,1189,1204,1204,1189,1204,1204,1204,1204,1174,1217,1189,1204,1204,1189,1217,1204,1189,1204,1189,1137,1204,1204,1217,1229,1204,1204,1204,1217,1204,1229,1137,1137,1189,1240,1229,1204,1204,1174,1217,1137,1189,1217,1204,1189,1204,1204,1240,1189,1217,1204,1217,1204,1204,1189,1189,1204,1157,1157,1229,1189,1174,1204,1137,1229,1189
195,1189,1217,1157,1204,1204,1137,1204,1189,1217,1204,1189,1204,1157,1189,1261,1204,1204,1204,1157,1189,1204,1137,1189,1204,1204,1204,1217,1137,1189,1157,1204,1189,1189,1217,1189,1204,1204,1204,1204,1189,1251,1204,1157,1204,1157,1157,1189,1157,1204,1229,1189,1217,1204,1189,1204,1137,1204,1204,1204,1204,1204,1189,1229,1204,1204,1217,1204,1204,1204,1189,1217,1189,1189,1229,1204,1204,1204,1204,1189,1204,1204,1189,1157,1204,1204,1204,1204,1189,1229,1229,1137,1157,1229,1204,1229,1217,1204,1204,1189,1229,1229,1157,1217,1217,1204,1229,1217,1229,1204,1204,1189,1204,1204,1157,1204,1204,1217,1204,1157,1217,1204,1229,1217,1137,1204,1204,1229,1157,1217,1204,1157,1240,1240,1137,1217,1204,1189,1189,1157,1204,1229,1204,1157,1204,1204,1229,1189,1204,1217,1204,1217,1157,1229,1204,1189,1204,1217,1229,1189,1204,1137,1189,1157,1204,1229,1204,1189,1189,1229,1217,1204,1157,1217,1189,1217,1204,1217,1189,1157,1204,1217,1157,1217,1204,1217,1204,1157,1229,1204,1204,1204,1217,1204,1204,1217,1157,1204,1204,0,1174,1204
196,1217,1229,1204,1204,1217,1189,1204,1217,1217,1204,1189,1204,1189,1204,1189,1217,1217,1157,1189,1204,1204,1157,1229,1204,1189,1189,1189,1157,1157,1137,1229,1204,1217,1217,1157,1229,1217,1204,1204,1204,1189,1189,1137,1204,1189,1217,1217,1189,1157,1217,1229,1204,1204,1204,1157,1217,1157,1217,1217,1157,1157,1204,1157,1229,1115,1204,1157,1189,1189,1189,1189,1174,1204,1189,1229,1204,1204,1157,1204,1204,1189,1204,1157,1189,1189,1204,1204,1204,1204,1204,1157,1157,1189,1204,1204,1204,1137,1217,1157,1229,1204,1189,1229,1204,1157,1217,1204,1217,1217,1174,1189,1204,1204,1189,1217,1189,1229,1204,1189,1217,1204,1217,1189,1204,1157,1229,1240,1217,1204,1217,1189,1217,1204,1204,1204,1217,1204,1240,1204,1217,1204,1204,1217,1229,1204,1217,1157,1157,1204,1204,1217,1189,1217,1204,1157,1204,1217,1229,1229,1229,1204,1189,1229,1204,1217,1229,1137,1204,1157,1204,1229,1204,1240,1157,1217,1115,1229,1204,1217,1204,1204,1217,1229,1204,1189,1189,1204,1204,1189,1157,1217,1189,1137,1204,1189,1229,1217,1204,1204,1137,1204
197,1204,1217,1204,1204,1217,1189,1189,1217,1217,1229,1217,1217,1189,1204,1189,1204,1217,1217,1217,1204,1204,1217,1204,1157,1204,1217,1229,1157,1217,1189,1229,1217,1204,1217,1189,1204,1204,1204,1204,1217,1217,1204,1204,1229,1189,1217,1204,1229,1204,1217,1204,1217,1229,1189,1217,1137,1229,1229,1229,1217,1204,1217,1189,1217,1217,1217,1217,1204,1189,1217,1204,1229,1217,1217,1229,1204,1204,1204,1189,1217,1229,1157,1137,1229,1229,1217,1189,1217,1229,1189,1189,1189,1240,1217,1217,1189,1157,1217,1189,1229,1204,1189,1217,1204,1204,1217,1204,1217,1217,1204,1217,1204,1229,1157,1217,1157,1229,1217,1204,1217,1217,1229,1204,1204,1204,1204,1217,1189,1204,1204,1157,1240,1217,1229,1137,1204,1229,1204,1204,1217,1217,1204,1217,1204,1204,1204,1204,1189,1204,1204,1229,1157,1217,1204,1189,1204,1229,1229,1229,1240,1217,1204,1189,1217,1229,1217,1157,1189,1204,1204,1157,1217,1217,1217,1189,1157,1229,1217,1229,1137,1189,1204,1229,1189,1217,1174,1204,1217,1204,1217,1189,1217,1204,1204,1204,1240,1204,1217,1204,1204,1217
198,1157,1204,1204,1157,1204,1137,1174,1204,1229,1204,1204,1204,1204,1217,1189,1189,1229,1204,1157,1204,1217,1157,1189,1204,1217,1189,1204,1189,1189,1204,1204,1217,1217,1204,1189,1204,1157,1189,1204,1204,1217,1204,1157,1217,1204,1217,1217,1189,1217,1229,1204,1229,1217,1204,1229,1157,1217,1229,1217,1157,1137,1189,1189,1217,1204,1204,1189,1229,1204,1204,1157,1229,1204,1189,1229,1204,1157,1137,1204,1217,1204,1189,1189,1204,1217,1204,1204,1189,1217,1204,1189,1137,1229,1157,1204,1204,1157,1189,1204,1240,1229,1204,1217,1217,1137,1204,1204,1204,1229,1189,1189,1204,1204,1189,1217,1229,1261,1189,1189,1189,1204,1204,1204,1204,1137,1204,1240,1204,1204,1217,1189,1229,1204,1229,1217,1204,1204,1217,1157,1189,1204,1217,1217,1217,1204,1204,1189,1204,1204,1204,1204,1157,1204,1157,1157,1189,1217,1217,1217,1204,1217,1204,1189,1229,1217,1229,1189,1217,1204,1217,1204,1189,1229,1204,1189,1137,1204,1204,1217,1157,1217,1157,1217,1204,1217,1204,1229,1189,1217,1204,1157,1189,1204,1189,1204,1204,1157,1217,1157,1189,1189
199,1217,1137,1204,1174,1204,1137,1174,1217,1174,1204,1189,1229,1137,1137,1204,1189,1217,1189,1204,1189,1204,1137,1204,1204,1217,1189,1174,1189,1174,1189,1217,1174,1189,1204,1189,1189,1189,1174,1204,1174,1204,1204,1204,1229,1137,1204,1174,1174,1189,1204,1174,1217,1204,1174,1204,1174,1189,1240,1189,1204,1189,1174,1204,1204,1189,1217,1204,1174,1137,1174,1189,1189,1217,1204,1261,1217,1189,1204,1137,1174,1204,1157,1189,1174,1217,1217,1204,1189,1204,1189,1229,1174,1204,1174,1204,1204,1174,1174,1137,1217,1217,1189,1204,1137,1189,1189,1204,1251,1204,1229,1189,1174,1204,1189,1204,1204,1189,1189,1174,1174,1189,1204,1189,1189,1189,1174,1204,1204,1204,1189,1189,1261,1204,1174,1189,1204,1189,1157,1174,1174,1189,1137,1204,1204,1217,1174,1204,1189,1204,1204,1229,1174,1189,1189,1189,1204,1217,1229,1174,1217,1189,1137,1204,1204,1229,1204,1189,1189,1189,1204,1204,1189,1204,1204,1189,1137,1204,1174,1229,1174,1189,1174,1189,1174,1189,1174,1204,1204,1189,1189,1189,1189,1174,1174,1204,1174,1189,1189,1189,1174,1217
