1434,1421,1409,1415,1403,1405,1396,1405,1396,1392,1388,1382,1398,1397,1410,1417,1430,1439,1480,1499,1524,1544,1563,1571,1593,1609,1618,1620,1619,1621,1612,1605,1607,1604,1602,1602,1613,1604,1607,1598,1601,1592,1575,1566,1543,1533,1512,1503,1477,1475,1446,1449,1426,1430,1419,1432,1449,1463,1462,1468,1473,1470,1479,1473,1468,1475,1485,1492,1503,1512,1512,1508,1524,1536,1538,1552,1564,1563,1561,1567,1577,1575,1583,1618,1628,1639,1653,1680,1664,1631,1630,1637,1638,1650,1652,1666,1669,1665,1637,1594,1623,1657,1674,1734,1783,1785,1755,1702,1699,1667,1666,1675,1684,1709,1696,1706,1689,1645,1671,1752,1865,1926,1944,1948,1944,1924,1894,1854,1854,1868,1865,1843,1797,1739,1679,1662,1657,1667,1696,1715,1690,1663,1653,1663,1659,1656,1653,1626,1567,1499,1461,1409,1409,1415,1346,1343,1341,1319,1302,1292,1287,1272,1274,1282,1268,1257,1268,1277,1268,1265,1265,1231,1274,1253,1241,1238,1238,1245,1243,1257,1245,1238,1236,1238,1249,1253,1261,1249,1261,1281,1327,1351,1382,1408,1449,1482,1492,1517,1528,1544,1551,1545,1547,1544,1554,1548,1550,1552,1553,1560,1561,1551,1551,1547,1552,1549,1550,1541
1430,1411,1411,1397,1407,1400,1390,1385,1383,1406,1393,1395,1398,1399,1388,1426,1426,1453,1485,1506,1525,1539,1565,1566,1593,1609,1615,1613,1611,1605,1605,1595,1597,1594,1591,1598,1598,1601,1597,1590,1587,1574,1568,1557,1536,1526,1497,1485,1456,1441,1432,1428,1411,1404,1417,1429,1444,1446,1455,1456,1467,1463,1472,1463,1478,1476,1486,1487,1496,1489,1510,1519,1530,1541,1538,1554,1562,1559,1565,1573,1572,1570,1581,1597,1598,1593,1621,1661,1668,1636,1628,1642,1659,1659,1668,1685,1714,1715,1696,1658,1641,1649,1642,1680,1733,1760,1758,1736,1731,1697,1710,1710,1766,1836,1799,1725,1699,1667,1677,1770,1921,1997,2007,2007,2007,2007,1975,1936,1941,1947,1927,1899,1859,1801,1738,1703,1676,1687,1709,1741,1729,1695,1663,1652,1647,1642,1637,1630,1592,1541,1482,1427,1398,1368,1364,1364,1337,1309,1279,1301,1293,1287,1282,1270,1272,1249,1268,1220,1265,1274,1261,1263,1249,1228,1261,1243,1241,1247,1241,1243,1247,1259,1231,1220,1236,1214,1192,1247,1255,1287,1281,1307,1344,1391,1429,1450,1479,1497,1517,1519,1538,1544,1550,1542,1545,1545,1530,1537,1541,1556,1560,1563,1555,1555,1541,1552,1547,1553
1425,1413,1409,1406,1395,1407,1398,1392,1392,1392,1395,1398,1399,1404,1408,1423,1440,1462,1486,1501,1519,1541,1560,1569,1596,1608,1610,1609,1602,1608,1597,1592,1587,1591,1596,1603,1596,1601,1593,1588,1574,1575,1556,1538,1516,1502,1482,1452,1437,1425,1429,1407,1405,1409,1409,1418,1446,1463,1453,1459,1462,1463,1466,1469,1483,1482,1496,1503,1496,1513,1513,1530,1546,1556,1568,1570,1566,1560,1571,1576,1580,1572,1554,1569,1558,1571,1590,1630,1640,1622,1657,1684,1677,1690,1711,1749,1776,1784,1769,1723,1676,1656,1651,1653,1670,1698,1715,1728,1731,1792,1826,1772,1850,1942,1897,1781,1759,1718,1701,1804,1963,2007,2007,2007,2007,2007,2007,2007,2007,2007,2006,1967,1918,1848,1766,1730,1721,1736,1756,1800,1818,1769,1698,1662,1655,1647,1636,1626,1614,1567,1504,1445,1395,1371,1354,1358,1333,1312,1289,1279,1285,1290,1305,1295,1279,1295,1289,1259,1255,1259,1253,1255,1226,1253,1238,1249,1265,1241,1251,1226,1223,1220,1234,1251,1253,1251,1238,1245,1251,1255,1272,1267,1323,1352,1402,1425,1447,1480,1497,1519,1528,1544,1547,1547,1549,1540,1534,1528,1535,1553,1558,1563,1563,1551,1544,1554,1544,1554
1409,1394,1396,1392,1389,1392,1396,1401,1376,1395,1388,1386,1394,1397,1413,1413,1450,1465,1487,1506,1532,1545,1548,1574,1590,1604,1605,1609,1595,1599,1593,1593,1589,1591,1597,1602,1601,1595,1588,1576,1571,1564,1551,1515,1495,1478,1450,1423,1408,1409,1411,1392,1409,1415,1423,1435,1434,1445,1459,1462,1449,1463,1455,1480,1479,1486,1493,1510,1492,1509,1513,1527,1559,1572,1575,1589,1578,1576,1570,1567,1567,1572,1553,1541,1559,1574,1593,1599,1603,1629,1710,1718,1702,1742,1765,1786,1800,1827,1832,1799,1727,1683,1667,1663,1664,1693,1700,1709,1748,1896,1942,1860,1864,1954,1919,1820,1857,1805,1790,1900,2007,2007,1998,2007,2007,2007,2007,2007,2007,2007,2007,2007,1980,1896,1792,1752,1740,1748,1798,1857,1876,1846,1776,1686,1663,1660,1655,1670,1655,1598,1526,1463,1417,1385,1358,1335,1352,1309,1304,1310,1297,1325,1329,1319,1312,1287,1272,1267,1247,1263,1247,1272,1255,1238,1259,1247,1249,1270,1220,1261,1231,1234,1249,1249,1247,1253,1261,1226,1263,1238,1267,1265,1305,1323,1365,1410,1432,1462,1480,1506,1516,1536,1541,1546,1549,1545,1539,1537,1537,1540,1555,1565,1567,1552,1551,1558,1552,1554
1428,1403,1409,1390,1405,1384,1395,1387,1378,1389,1398,1396,1398,1398,1402,1433,1432,1463,1488,1513,1527,1543,1557,1574,1598,1599,1593,1597,1595,1586,1596,1587,1595,1594,1597,1594,1605,1596,1591,1576,1564,1546,1527,1515,1475,1450,1441,1420,1406,1395,1392,1392,1401,1412,1427,1422,1425,1441,1452,1456,1466,1455,1462,1471,1485,1485,1492,1496,1493,1482,1472,1498,1542,1576,1583,1596,1598,1594,1578,1570,1571,1549,1544,1549,1551,1566,1595,1597,1617,1641,1699,1712,1734,1773,1783,1781,1790,1811,1840,1844,1789,1720,1686,1681,1705,1769,1742,1727,1758,1912,1962,1871,1817,1861,1833,1810,1881,1857,1879,1996,2007,2007,1995,2007,2007,2007,2007,2007,2007,2007,2007,2007,2007,1933,1818,1769,1761,1757,1818,1900,1915,1896,1838,1740,1680,1680,1710,1721,1689,1627,1540,1461,1423,1401,1388,1357,1350,1318,1307,1301,1275,1302,1323,1320,1307,1300,1287,1263,1285,1255,1268,1261,1253,1255,1226,1253,1287,1241,1245,1234,1217,1245,1220,1249,1238,1220,1223,1217,1236,1238,1249,1243,1279,1287,1327,1374,1406,1431,1460,1486,1513,1528,1539,1536,1541,1540,1546,1540,1539,1542,1555,1574,1570,1562,1550,1551,1556,1556
1402,1402,1385,1399,1394,1380,1392,1384,1381,1395,1389,1394,1373,1404,1416,1436,1450,1488,1504,1526,1519,1550,1564,1574,1592,1595,1590,1588,1585,1592,1587,1597,1593,1598,1597,1594,1586,1585,1582,1573,1553,1532,1515,1479,1462,1432,1422,1399,1385,1363,1367,1392,1404,1417,1430,1438,1446,1450,1454,1466,1476,1470,1470,1474,1482,1485,1489,1498,1485,1479,1445,1449,1515,1573,1588,1605,1614,1610,1592,1584,1575,1574,1557,1553,1564,1571,1582,1596,1624,1648,1663,1693,1746,1765,1767,1772,1783,1792,1818,1848,1830,1769,1707,1694,1769,1861,1811,1743,1724,1823,1868,1793,1771,1757,1753,1780,1816,1831,1925,2007,2007,2007,2007,1999,2007,2007,2007,2007,2007,2007,2007,2007,2007,1961,1849,1793,1782,1764,1832,1918,1915,1877,1861,1797,1720,1702,1738,1746,1711,1656,1567,1451,1425,1450,1451,1413,1347,1331,1329,1302,1307,1302,1338,1344,1326,1304,1282,1289,1267,1268,1265,1272,1249,1234,1245,1251,1249,1247,1251,1198,1231,1226,1217,1220,1214,1220,1226,1228,1249,1195,1214,1257,1247,1275,1333,1356,1372,1405,1437,1465,1501,1519,1525,1532,1537,1542,1554,1544,1540,1538,1559,1569,1567,1569,1564,1553,1556,1554
1410,1384,1408,1409,1396,1395,1384,1392,1390,1373,1382,1386,1391,1402,1421,1445,1468,1486,1515,1530,1529,1550,1574,1578,1593,1593,1578,1575,1585,1588,1589,1592,1596,1596,1594,1585,1579,1587,1574,1563,1538,1512,1488,1467,1441,1423,1417,1390,1385,1370,1364,1376,1396,1422,1434,1449,1450,1467,1482,1481,1477,1488,1481,1487,1488,1487,1504,1516,1519,1506,1475,1477,1506,1568,1589,1610,1619,1621,1609,1603,1590,1586,1587,1570,1564,1573,1594,1611,1635,1660,1664,1691,1706,1717,1730,1754,1787,1806,1820,1860,1870,1820,1740,1712,1731,1802,1759,1711,1697,1722,1736,1725,1751,1746,1751,1752,1787,1827,1936,2007,2007,2007,2007,1971,1986,2007,2007,2007,2007,2007,2007,2007,2007,1990,1866,1801,1785,1769,1818,1904,1876,1785,1808,1826,1789,1761,1764,1757,1729,1677,1599,1505,1477,1504,1507,1449,1376,1350,1312,1300,1312,1327,1334,1338,1322,1297,1275,1275,1275,1268,1275,1245,1263,1277,1255,1275,1253,1275,1238,1241,1253,1259,1220,1249,1217,1247,1208,1217,1238,1231,1223,1231,1251,1249,1319,1344,1347,1376,1417,1448,1483,1494,1499,1524,1543,1542,1549,1544,1540,1546,1553,1564,1568,1568,1563,1556,1562,1567
1406,1387,1394,1397,1403,1384,1375,1388,1377,1380,1376,1389,1399,1418,1425,1452,1468,1505,1514,1525,1541,1556,1557,1574,1582,1587,1577,1576,1575,1583,1589,1589,1597,1593,1592,1584,1584,1575,1561,1538,1525,1498,1475,1457,1428,1405,1393,1380,1382,1376,1374,1398,1415,1430,1432,1453,1461,1469,1477,1481,1491,1492,1484,1487,1490,1500,1512,1525,1531,1534,1532,1523,1511,1519,1552,1579,1602,1616,1621,1605,1603,1601,1610,1589,1584,1597,1606,1633,1655,1676,1685,1682,1694,1701,1709,1730,1774,1826,1858,1884,1911,1881,1787,1732,1716,1721,1714,1709,1708,1709,1714,1719,1747,1741,1732,1737,1775,1816,1909,2007,2007,2007,2007,2007,2007,2007,2007,2007,2007,2007,2007,2007,2007,1995,1868,1813,1819,1806,1796,1855,1862,1780,1775,1793,1775,1786,1784,1773,1741,1686,1626,1567,1544,1570,1550,1492,1409,1392,1323,1312,1320,1324,1318,1327,1300,1289,1287,1255,1257,1249,1268,1268,1277,1255,1277,1241,1234,1265,1226,1234,1238,1259,1188,1217,1259,1214,1255,1245,1231,1226,1214,1208,1261,1245,1285,1281,1324,1361,1387,1439,1466,1485,1503,1512,1532,1543,1541,1546,1538,1552,1562,1570,1573,1575,1571,1566,1554,1564
1411,1394,1398,1388,1395,1371,1373,1364,1367,1388,1374,1386,1417,1427,1444,1455,1469,1503,1523,1538,1548,1564,1568,1574,1578,1578,1579,1574,1576,1579,1589,1582,1595,1595,1589,1582,1571,1562,1551,1527,1507,1480,1454,1441,1409,1397,1383,1360,1382,1378,1392,1419,1432,1434,1449,1452,1458,1464,1482,1491,1487,1506,1501,1485,1503,1515,1514,1527,1530,1547,1539,1540,1521,1484,1518,1548,1568,1601,1608,1603,1610,1622,1627,1612,1603,1622,1625,1661,1676,1675,1688,1682,1690,1703,1709,1715,1743,1800,1853,1876,1910,1914,1837,1754,1742,1735,1756,1816,1760,1724,1723,1742,1735,1726,1729,1738,1764,1808,1881,1991,2007,2007,2007,2007,2007,2007,2007,2007,2007,2007,2007,2007,2007,1932,1848,1826,1849,1860,1829,1807,1834,1831,1786,1752,1756,1798,1771,1707,1726,1712,1664,1619,1603,1588,1546,1464,1402,1417,1348,1318,1312,1312,1305,1304,1285,1279,1257,1279,1261,1263,1261,1234,1257,1298,1274,1261,1211,1236,1217,1249,1231,1245,1223,1265,1211,1223,1257,1195,1211,1228,1228,1241,1211,1211,1257,1259,1285,1318,1356,1416,1440,1477,1492,1520,1532,1536,1546,1547,1544,1553,1559,1566,1571,1574,1567,1565,1561,1559
1415,1392,1391,1380,1387,1371,1374,1364,1378,1374,1389,1404,1421,1441,1448,1472,1490,1513,1530,1541,1552,1551,1568,1583,1586,1586,1584,1585,1589,1587,1589,1588,1594,1585,1579,1585,1567,1551,1538,1522,1488,1470,1441,1420,1407,1381,1381,1364,1374,1375,1405,1422,1437,1428,1440,1458,1480,1476,1491,1490,1495,1506,1509,1513,1514,1515,1531,1534,1540,1546,1553,1540,1516,1467,1489,1532,1567,1589,1607,1595,1611,1631,1639,1627,1631,1641,1653,1663,1661,1649,1650,1656,1688,1705,1712,1718,1738,1790,1781,1732,1772,1852,1845,1771,1771,1799,1828,1871,1801,1727,1730,1755,1735,1726,1732,1761,1772,1802,1896,1914,1964,2007,2007,2007,2007,2007,2007,2007,2007,2007,2007,2007,1909,1809,1789,1812,1827,1836,1830,1772,1766,1819,1796,1751,1750,1809,1774,1668,1695,1721,1690,1649,1622,1602,1557,1463,1408,1409,1365,1334,1312,1293,1313,1312,1297,1272,1255,1287,1270,1270,1241,1251,1231,1257,1247,1257,1238,1251,1238,1228,1249,1236,1214,1245,1223,1217,1238,1220,1220,1205,1247,1226,1245,1192,1236,1245,1263,1310,1332,1374,1426,1467,1486,1502,1513,1529,1534,1539,1543,1553,1568,1564,1577,1580,1572,1572,1561,1563
1396,1373,1391,1380,1368,1363,1353,1361,1355,1389,1386,1405,1417,1438,1453,1475,1502,1516,1542,1548,1548,1562,1572,1573,1585,1587,1582,1584,1579,1585,1589,1586,1582,1578,1575,1575,1562,1542,1527,1499,1476,1455,1432,1410,1376,1402,1390,1389,1380,1402,1412,1428,1431,1450,1438,1451,1470,1477,1476,1486,1503,1504,1512,1515,1515,1524,1530,1536,1538,1555,1542,1543,1530,1506,1495,1535,1559,1581,1615,1614,1621,1653,1681,1667,1684,1692,1701,1709,1670,1650,1620,1634,1681,1707,1718,1720,1727,1766,1736,1685,1708,1806,1830,1779,1782,1862,1849,1783,1723,1708,1737,1753,1740,1738,1752,1749,1757,1763,1799,1801,1807,1872,1937,1986,2007,2007,2007,2007,2007,2007,2007,2000,1839,1729,1731,1763,1769,1766,1759,1756,1750,1808,1806,1759,1758,1784,1805,1752,1708,1704,1701,1671,1621,1592,1550,1465,1421,1394,1358,1337,1331,1319,1333,1350,1329,1300,1284,1310,1324,1275,1274,1236,1270,1253,1270,1255,1253,1253,1241,1253,1236,1226,1211,1220,1217,1236,1226,1259,1238,1188,1228,1238,1217,1238,1223,1261,1241,1277,1313,1363,1407,1434,1470,1485,1502,1527,1536,1539,1552,1544,1556,1567,1565,1572,1576,1564,1571,1564
1395,1384,1396,1377,1341,1371,1354,1350,1367,1389,1390,1407,1417,1442,1470,1497,1502,1522,1536,1553,1556,1568,1573,1572,1579,1586,1586,1584,1583,1589,1588,1597,1592,1581,1564,1553,1544,1529,1515,1481,1458,1440,1416,1402,1381,1384,1409,1393,1399,1415,1432,1418,1433,1456,1450,1462,1476,1479,1458,1478,1507,1515,1522,1515,1514,1518,1526,1544,1552,1553,1564,1564,1567,1557,1574,1565,1567,1582,1622,1627,1624,1663,1702,1701,1689,1714,1745,1758,1716,1678,1646,1655,1685,1711,1720,1720,1713,1699,1701,1715,1749,1797,1804,1823,1811,1805,1786,1725,1660,1660,1730,1742,1734,1739,1745,1749,1766,1752,1737,1736,1738,1753,1811,1843,1844,1874,1888,1898,1909,1916,1912,1878,1784,1713,1715,1751,1757,1746,1739,1749,1734,1738,1772,1753,1758,1756,1761,1757,1720,1685,1678,1652,1629,1587,1543,1487,1448,1413,1384,1340,1323,1322,1338,1351,1335,1300,1257,1282,1346,1323,1272,1268,1245,1249,1249,1268,1263,1267,1238,1249,1234,1236,1263,1259,1208,1231,1214,1259,1234,1223,1223,1255,1255,1249,1220,1208,1241,1234,1277,1334,1394,1409,1443,1476,1495,1520,1527,1536,1548,1563,1557,1555,1564,1566,1575,1566,1572,1559
1399,1386,1395,1371,1354,1364,1361,1353,1382,1385,1386,1419,1436,1454,1472,1487,1505,1530,1540,1550,1551,1573,1578,1584,1590,1587,1583,1590,1594,1597,1594,1585,1593,1579,1566,1550,1536,1511,1491,1462,1443,1420,1395,1402,1393,1397,1404,1398,1414,1405,1415,1421,1438,1449,1459,1456,1465,1465,1433,1463,1511,1519,1524,1515,1519,1520,1534,1549,1554,1558,1566,1574,1574,1584,1589,1598,1596,1596,1628,1636,1631,1671,1696,1718,1738,1757,1765,1765,1740,1713,1698,1694,1712,1721,1723,1729,1717,1694,1687,1731,1763,1781,1791,1854,1842,1770,1756,1751,1707,1697,1747,1742,1740,1736,1741,1751,1750,1733,1722,1720,1720,1723,1737,1748,1758,1780,1796,1791,1776,1769,1761,1754,1714,1683,1682,1713,1712,1741,1748,1730,1694,1680,1730,1745,1749,1748,1732,1720,1694,1678,1671,1645,1629,1595,1559,1515,1481,1417,1384,1352,1341,1329,1310,1352,1345,1312,1277,1292,1290,1285,1274,1251,1279,1270,1270,1228,1234,1231,1234,1257,1263,1249,1236,1211,1236,1241,1236,1217,1241,1241,1220,1202,1231,1253,1251,1223,1247,1243,1277,1318,1335,1393,1423,1450,1487,1506,1523,1533,1539,1560,1561,1550,1570,1565,1573,1580,1573,1574
1397,1384,1382,1351,1354,1375,1371,1371,1357,1386,1401,1420,1439,1463,1487,1494,1525,1531,1549,1564,1574,1569,1589,1587,1594,1590,1591,1597,1600,1593,1597,1592,1588,1572,1554,1536,1514,1485,1475,1445,1418,1402,1386,1387,1391,1395,1390,1398,1402,1405,1416,1419,1440,1444,1463,1465,1479,1469,1464,1476,1514,1526,1521,1523,1522,1531,1539,1546,1552,1566,1570,1569,1577,1589,1613,1615,1601,1602,1626,1637,1644,1699,1713,1727,1753,1763,1746,1745,1740,1723,1732,1727,1732,1724,1702,1694,1718,1722,1721,1736,1753,1802,1834,1794,1775,1755,1753,1750,1742,1740,1768,1746,1740,1732,1733,1739,1742,1720,1717,1717,1720,1717,1717,1723,1743,1768,1794,1744,1720,1716,1712,1690,1684,1693,1665,1694,1709,1717,1726,1720,1698,1709,1729,1723,1743,1745,1738,1721,1704,1674,1667,1647,1616,1605,1556,1527,1488,1441,1406,1373,1363,1365,1341,1330,1325,1281,1272,1287,1253,1293,1270,1263,1263,1263,1255,1243,1241,1243,1241,1228,1234,1259,1249,1231,1226,1231,1226,1245,1236,1226,1253,1169,1249,1259,1263,1226,1165,1249,1259,1305,1312,1370,1397,1439,1450,1491,1513,1528,1544,1550,1554,1554,1562,1571,1568,1578,1575,1573
1407,1383,1389,1356,1363,1370,1372,1377,1368,1395,1405,1430,1459,1475,1486,1513,1527,1545,1554,1572,1574,1593,1588,1593,1591,1590,1603,1603,1596,1602,1597,1595,1588,1566,1542,1517,1491,1477,1452,1418,1405,1389,1376,1377,1384,1381,1392,1402,1390,1399,1401,1418,1441,1454,1460,1482,1492,1500,1551,1629,1635,1559,1524,1523,1527,1534,1540,1551,1553,1559,1569,1574,1583,1596,1622,1625,1611,1623,1641,1646,1657,1677,1690,1701,1710,1718,1727,1726,1727,1731,1735,1739,1739,1716,1666,1651,1694,1731,1735,1745,1753,1812,1841,1771,1753,1747,1742,1748,1752,1746,1751,1749,1743,1741,1728,1717,1717,1718,1722,1726,1732,1735,1735,1725,1736,1762,1765,1718,1695,1684,1669,1640,1643,1663,1669,1708,1732,1740,1733,1726,1722,1715,1720,1710,1716,1717,1736,1733,1732,1687,1662,1637,1620,1618,1591,1550,1509,1480,1430,1402,1388,1389,1364,1331,1334,1314,1279,1289,1257,1249,1275,1249,1202,1245,1257,1238,1263,1261,1236,1251,1231,1243,1243,1241,1228,1234,1245,1241,1253,1220,1220,1238,1228,1253,1205,1217,1220,1211,1243,1257,1297,1331,1368,1412,1439,1473,1498,1518,1530,1541,1546,1556,1568,1564,1568,1578,1574,1568
1383,1383,1372,1368,1366,1360,1372,1358,1354,1375,1413,1440,1464,1483,1499,1517,1533,1544,1565,1571,1587,1589,1590,1604,1596,1602,1605,1603,1605,1599,1592,1595,1579,1557,1535,1500,1476,1450,1427,1414,1384,1377,1374,1388,1374,1402,1401,1382,1402,1397,1414,1425,1430,1451,1472,1484,1492,1517,1642,1806,1828,1689,1563,1537,1540,1550,1543,1559,1562,1577,1580,1584,1604,1615,1634,1639,1624,1657,1688,1712,1702,1680,1680,1698,1718,1727,1727,1729,1745,1751,1740,1746,1741,1729,1670,1657,1701,1736,1743,1744,1751,1770,1776,1754,1742,1735,1746,1743,1750,1759,1757,1753,1757,1740,1726,1699,1691,1690,1713,1726,1726,1730,1734,1733,1727,1738,1735,1703,1692,1681,1651,1601,1593,1632,1671,1726,1766,1785,1789,1784,1766,1736,1714,1708,1715,1710,1729,1738,1739,1686,1663,1650,1629,1618,1614,1561,1521,1492,1439,1409,1412,1402,1395,1353,1327,1332,1292,1293,1272,1285,1275,1267,1272,1287,1290,1265,1261,1267,1241,1241,1211,1238,1238,1249,1231,1261,1251,1259,1231,1243,1238,1247,1251,1198,1211,1228,1231,1223,1226,1241,1270,1309,1340,1376,1426,1462,1485,1512,1513,1534,1546,1555,1561,1572,1570,1578,1569,1575
1388,1395,1380,1376,1383,1366,1354,1370,1374,1398,1426,1446,1468,1494,1513,1525,1544,1550,1576,1578,1588,1594,1606,1607,1604,1599,1599,1601,1599,1602,1588,1581,1572,1550,1526,1499,1464,1434,1410,1392,1385,1376,1375,1383,1376,1389,1408,1410,1402,1422,1413,1426,1441,1436,1451,1475,1498,1516,1607,1784,1823,1704,1566,1541,1540,1552,1552,1566,1578,1596,1596,1594,1617,1630,1643,1646,1642,1688,1779,1864,1812,1702,1692,1702,1717,1726,1729,1737,1757,1762,1739,1746,1753,1726,1664,1702,1727,1743,1748,1749,1755,1756,1748,1741,1717,1696,1695,1723,1750,1764,1769,1766,1759,1753,1729,1700,1660,1663,1689,1715,1721,1725,1725,1729,1732,1721,1710,1711,1707,1699,1667,1620,1603,1623,1667,1736,1793,1817,1818,1816,1806,1775,1727,1721,1736,1728,1741,1732,1706,1671,1659,1652,1635,1622,1624,1576,1528,1501,1449,1409,1393,1404,1396,1365,1316,1322,1292,1290,1277,1255,1259,1275,1297,1371,1380,1265,1253,1253,1267,1270,1255,1282,1251,1247,1245,1245,1223,1236,1261,1226,1272,1223,1195,1228,1198,1220,1223,1211,1236,1245,1255,1282,1326,1367,1407,1447,1464,1500,1514,1530,1541,1554,1555,1568,1576,1572,1572,1569
1380,1366,1385,1362,1361,1353,1389,1374,1389,1405,1430,1466,1490,1503,1518,1528,1552,1566,1574,1590,1597,1599,1604,1603,1609,1597,1605,1595,1603,1594,1589,1573,1561,1548,1512,1492,1459,1432,1398,1345,1363,1356,1372,1381,1389,1390,1395,1405,1418,1413,1416,1425,1429,1436,1445,1458,1488,1502,1517,1588,1633,1592,1541,1539,1550,1554,1566,1583,1608,1623,1637,1628,1634,1638,1630,1630,1640,1681,1802,1908,1851,1718,1704,1704,1720,1721,1733,1733,1735,1704,1694,1716,1751,1725,1654,1725,1753,1753,1756,1756,1755,1751,1752,1743,1714,1664,1655,1691,1739,1765,1778,1773,1769,1768,1750,1719,1679,1661,1686,1710,1716,1726,1726,1724,1723,1721,1722,1718,1723,1720,1688,1662,1655,1650,1645,1690,1779,1820,1822,1817,1798,1772,1746,1749,1761,1745,1738,1717,1697,1656,1617,1652,1642,1633,1646,1606,1564,1539,1493,1427,1395,1400,1397,1357,1309,1304,1308,1297,1293,1270,1243,1265,1253,1330,1341,1261,1259,1272,1267,1265,1220,1249,1245,1223,1253,1245,1217,1263,1241,1241,1228,1251,1226,1228,1234,1249,1234,1208,1202,1238,1214,1270,1289,1345,1381,1425,1456,1478,1517,1522,1540,1550,1554,1565,1578,1573,1568,1570
1384,1361,1363,1360,1357,1365,1361,1382,1405,1422,1439,1453,1482,1511,1516,1538,1554,1563,1588,1593,1593,1601,1603,1605,1600,1602,1604,1608,1596,1601,1583,1569,1554,1533,1509,1475,1448,1417,1372,1360,1355,1351,1370,1384,1385,1388,1395,1398,1407,1410,1409,1423,1427,1443,1444,1457,1466,1470,1453,1443,1511,1528,1546,1542,1553,1558,1581,1609,1635,1657,1677,1683,1667,1660,1629,1609,1624,1648,1717,1788,1756,1703,1705,1709,1723,1728,1742,1754,1734,1667,1615,1652,1738,1755,1718,1754,1770,1765,1761,1763,1758,1765,1753,1749,1744,1712,1683,1693,1741,1768,1790,1784,1776,1769,1757,1736,1712,1690,1701,1717,1726,1729,1725,1725,1730,1727,1735,1730,1752,1724,1699,1702,1714,1692,1628,1617,1732,1810,1814,1799,1779,1759,1757,1751,1750,1738,1712,1703,1691,1657,1656,1680,1675,1646,1663,1640,1602,1578,1525,1455,1412,1387,1366,1323,1320,1316,1322,1287,1292,1279,1270,1268,1275,1251,1253,1253,1253,1253,1251,1228,1275,1267,1238,1234,1265,1251,1247,1253,1243,1220,1247,1214,1234,1214,1272,1319,1238,1185,1220,1231,1231,1251,1289,1332,1389,1401,1445,1472,1502,1523,1533,1543,1549,1556,1564,1563,1566,1575
1395,1377,1368,1355,1372,1377,1389,1380,1384,1422,1427,1468,1493,1524,1526,1544,1561,1567,1581,1593,1600,1605,1605,1604,1610,1601,1605,1605,1598,1590,1577,1565,1544,1517,1490,1455,1435,1387,1365,1355,1358,1358,1354,1373,1385,1382,1396,1390,1409,1415,1405,1428,1430,1438,1451,1456,1461,1437,1411,1425,1501,1532,1543,1550,1556,1569,1596,1631,1670,1695,1732,1742,1744,1714,1653,1605,1601,1629,1665,1684,1688,1690,1699,1710,1726,1735,1757,1781,1749,1689,1609,1634,1738,1773,1778,1771,1781,1774,1770,1770,1767,1768,1767,1761,1769,1753,1748,1737,1755,1770,1792,1790,1774,1770,1761,1745,1739,1731,1730,1730,1727,1732,1735,1727,1729,1724,1733,1736,1752,1733,1720,1738,1764,1746,1688,1676,1749,1806,1801,1774,1769,1764,1751,1741,1724,1715,1713,1700,1689,1689,1700,1739,1715,1664,1682,1665,1620,1588,1532,1450,1422,1398,1364,1353,1336,1301,1310,1304,1277,1297,1292,1270,1274,1287,1274,1234,1274,1251,1231,1259,1255,1272,1243,1263,1243,1272,1241,1236,1231,1243,1231,1211,1205,1245,1297,1281,1247,1234,1192,1202,1181,1231,1274,1300,1337,1405,1431,1454,1493,1514,1523,1533,1537,1538,1545,1561,1561,1563
1389,1372,1376,1363,1356,1388,1378,1390,1395,1423,1456,1473,1501,1519,1535,1544,1553,1577,1587,1595,1601,1608,1610,1601,1604,1606,1607,1602,1591,1592,1571,1541,1530,1505,1467,1445,1425,1391,1362,1351,1367,1361,1355,1373,1386,1394,1403,1392,1396,1409,1416,1412,1440,1436,1452,1471,1460,1441,1417,1456,1512,1536,1541,1557,1568,1574,1609,1659,1701,1742,1779,1801,1800,1772,1724,1664,1623,1640,1657,1667,1687,1699,1701,1717,1724,1736,1757,1766,1749,1741,1681,1679,1754,1775,1787,1790,1789,1783,1785,1785,1782,1784,1780,1776,1774,1769,1761,1759,1765,1781,1786,1788,1785,1779,1764,1757,1755,1750,1751,1746,1741,1740,1732,1735,1728,1730,1730,1743,1755,1740,1748,1783,1805,1786,1779,1774,1786,1797,1783,1760,1766,1760,1743,1730,1721,1712,1704,1689,1685,1690,1702,1754,1745,1679,1680,1668,1622,1566,1521,1444,1427,1402,1385,1374,1366,1325,1298,1298,1298,1281,1267,1270,1284,1277,1263,1263,1272,1267,1255,1257,1261,1249,1249,1234,1259,1274,1236,1261,1282,1257,1261,1241,1195,1247,1231,1214,1223,1198,1226,1234,1220,1198,1268,1277,1326,1382,1418,1452,1468,1499,1512,1520,1527,1532,1533,1554,1558,1561
1383,1366,1375,1367,1385,1380,1395,1395,1413,1440,1455,1482,1503,1515,1535,1552,1561,1577,1586,1593,1599,1607,1609,1605,1609,1603,1601,1595,1591,1586,1564,1540,1510,1493,1466,1427,1375,1367,1366,1376,1364,1347,1347,1360,1385,1394,1399,1396,1397,1408,1402,1428,1438,1446,1468,1476,1485,1472,1490,1503,1514,1550,1563,1566,1567,1584,1610,1642,1711,1769,1811,1833,1833,1813,1754,1709,1650,1657,1652,1665,1680,1711,1703,1714,1729,1735,1745,1758,1757,1767,1748,1741,1775,1799,1800,1796,1797,1797,1804,1811,1810,1801,1797,1793,1790,1781,1783,1779,1785,1791,1797,1801,1797,1785,1780,1770,1768,1761,1761,1753,1753,1738,1732,1732,1730,1727,1737,1740,1752,1760,1783,1812,1820,1802,1801,1808,1800,1790,1766,1756,1762,1758,1742,1729,1717,1707,1671,1664,1691,1691,1709,1723,1730,1693,1674,1682,1640,1585,1509,1439,1450,1403,1373,1383,1381,1345,1305,1292,1309,1282,1261,1275,1281,1263,1279,1263,1281,1282,1253,1279,1268,1255,1243,1272,1243,1268,1279,1312,1307,1287,1249,1234,1234,1228,1185,1214,1202,1220,1188,1211,1195,1231,1241,1297,1314,1365,1405,1429,1460,1488,1496,1517,1523,1527,1538,1545,1553,1556
1382,1365,1378,1370,1381,1393,1394,1411,1425,1454,1464,1502,1514,1531,1537,1556,1573,1586,1584,1593,1595,1606,1608,1607,1610,1603,1597,1600,1587,1571,1545,1532,1504,1476,1454,1409,1372,1371,1340,1367,1360,1348,1352,1373,1372,1375,1389,1381,1396,1400,1417,1431,1440,1450,1462,1483,1487,1496,1496,1513,1526,1541,1548,1574,1581,1577,1561,1567,1681,1741,1785,1826,1837,1817,1745,1689,1655,1644,1638,1645,1663,1686,1694,1718,1726,1732,1744,1759,1755,1766,1776,1789,1800,1814,1819,1814,1812,1815,1822,1831,1838,1835,1819,1808,1801,1796,1798,1794,1799,1803,1813,1820,1812,1800,1790,1786,1780,1780,1769,1763,1752,1745,1738,1734,1732,1732,1735,1745,1756,1776,1802,1816,1805,1798,1794,1801,1794,1775,1753,1753,1757,1752,1746,1725,1720,1703,1651,1646,1684,1709,1715,1724,1717,1706,1667,1678,1651,1600,1528,1487,1470,1429,1427,1419,1398,1372,1327,1314,1297,1292,1274,1243,1274,1263,1234,1253,1231,1231,1265,1253,1259,1249,1255,1272,1287,1284,1297,1344,1358,1275,1261,1247,1231,1217,1234,1198,1236,1223,1177,1217,1228,1236,1243,1249,1274,1340,1389,1409,1432,1469,1500,1511,1516,1528,1527,1530,1542,1550
1368,1346,1365,1371,1375,1397,1406,1410,1432,1456,1467,1495,1509,1527,1543,1555,1568,1577,1586,1582,1595,1603,1612,1608,1604,1604,1599,1595,1578,1561,1541,1517,1485,1468,1438,1407,1358,1348,1365,1385,1388,1374,1355,1376,1387,1380,1370,1395,1395,1394,1419,1431,1442,1456,1462,1470,1487,1508,1514,1513,1521,1544,1561,1571,1582,1560,1545,1574,1646,1686,1718,1761,1784,1761,1699,1659,1659,1644,1616,1618,1640,1664,1689,1717,1727,1733,1744,1757,1762,1774,1790,1805,1818,1828,1835,1835,1827,1818,1837,1851,1855,1849,1833,1821,1823,1827,1820,1815,1819,1827,1844,1845,1834,1822,1809,1800,1802,1790,1778,1768,1752,1748,1738,1732,1729,1735,1739,1749,1758,1784,1801,1808,1794,1793,1792,1792,1780,1765,1753,1746,1758,1766,1757,1733,1722,1704,1678,1676,1709,1714,1710,1711,1716,1705,1669,1675,1652,1612,1562,1512,1491,1484,1485,1463,1441,1394,1338,1293,1282,1284,1282,1265,1263,1281,1270,1255,1274,1274,1263,1249,1257,1243,1263,1255,1253,1263,1344,1393,1357,1261,1247,1228,1198,1243,1226,1217,1261,1245,1214,1181,1267,1231,1188,1247,1275,1302,1351,1398,1421,1464,1472,1499,1503,1513,1521,1532,1530,1542
1372,1380,1371,1375,1389,1392,1411,1417,1449,1462,1484,1493,1502,1533,1540,1555,1562,1571,1574,1576,1589,1595,1603,1607,1604,1601,1601,1587,1575,1557,1529,1507,1484,1452,1421,1389,1362,1367,1435,1504,1503,1436,1390,1377,1375,1384,1395,1398,1406,1408,1419,1419,1433,1460,1470,1477,1491,1501,1513,1517,1538,1547,1555,1571,1583,1574,1581,1603,1617,1635,1657,1681,1689,1678,1660,1658,1665,1656,1645,1630,1643,1672,1693,1707,1721,1741,1742,1755,1765,1780,1798,1812,1828,1844,1849,1858,1850,1850,1852,1866,1870,1855,1836,1821,1840,1855,1850,1846,1847,1850,1858,1859,1850,1832,1813,1810,1818,1801,1784,1773,1758,1746,1736,1712,1699,1713,1738,1757,1773,1794,1802,1800,1793,1788,1785,1779,1772,1756,1745,1747,1766,1787,1768,1736,1716,1714,1719,1728,1727,1725,1712,1685,1710,1724,1691,1689,1656,1612,1588,1544,1553,1537,1517,1505,1471,1443,1381,1322,1309,1297,1292,1265,1275,1292,1279,1247,1259,1277,1277,1268,1259,1287,1270,1292,1274,1301,1287,1338,1309,1267,1245,1245,1228,1205,1231,1223,1243,1228,1157,1226,1214,1198,1208,1208,1249,1305,1341,1370,1407,1443,1469,1492,1500,1509,1514,1527,1522,1541
1374,1382,1368,1375,1389,1396,1407,1433,1444,1471,1484,1497,1505,1526,1535,1551,1564,1558,1559,1561,1572,1581,1595,1594,1593,1591,1579,1582,1566,1541,1525,1490,1467,1431,1395,1374,1331,1348,1441,1535,1561,1500,1402,1371,1384,1377,1400,1405,1411,1419,1436,1436,1454,1463,1474,1476,1492,1505,1512,1518,1534,1548,1564,1578,1592,1608,1613,1601,1613,1623,1634,1656,1657,1661,1668,1665,1667,1679,1672,1667,1673,1683,1701,1717,1724,1732,1740,1737,1746,1771,1797,1816,1832,1851,1861,1867,1869,1871,1872,1868,1868,1846,1797,1775,1808,1854,1866,1857,1868,1867,1856,1850,1842,1817,1773,1761,1792,1800,1780,1768,1763,1747,1721,1680,1639,1663,1719,1753,1779,1794,1799,1800,1790,1771,1764,1762,1765,1741,1728,1746,1784,1824,1808,1749,1703,1714,1745,1750,1740,1751,1736,1689,1713,1744,1704,1680,1654,1618,1589,1584,1582,1552,1542,1514,1509,1468,1441,1356,1295,1300,1275,1290,1284,1263,1272,1282,1259,1265,1281,1253,1259,1253,1261,1270,1263,1270,1279,1277,1275,1268,1249,1234,1241,1245,1236,1220,1195,1223,1241,1195,1220,1217,1214,1234,1270,1272,1298,1358,1396,1429,1458,1490,1501,1502,1513,1523,1531,1532
1365,1358,1378,1373,1383,1395,1405,1427,1452,1472,1494,1500,1512,1517,1540,1540,1548,1546,1540,1542,1547,1545,1552,1571,1586,1580,1584,1565,1554,1542,1501,1465,1451,1419,1373,1343,1330,1331,1335,1434,1458,1441,1380,1360,1385,1395,1402,1412,1417,1426,1438,1438,1460,1456,1474,1476,1479,1505,1523,1533,1542,1551,1558,1577,1593,1614,1615,1615,1623,1624,1642,1655,1655,1654,1667,1667,1677,1692,1681,1689,1692,1704,1707,1725,1728,1733,1721,1688,1665,1716,1775,1809,1828,1838,1851,1860,1874,1875,1874,1864,1862,1861,1779,1735,1793,1871,1876,1871,1891,1880,1850,1839,1830,1802,1749,1704,1737,1778,1778,1765,1757,1743,1710,1644,1589,1609,1687,1752,1768,1784,1787,1793,1783,1757,1710,1715,1720,1708,1671,1698,1791,1848,1837,1779,1727,1721,1742,1742,1754,1803,1824,1808,1784,1751,1699,1670,1623,1592,1578,1560,1552,1548,1542,1519,1506,1483,1458,1388,1307,1316,1272,1268,1279,1261,1272,1255,1265,1279,1275,1274,1270,1249,1272,1265,1265,1265,1281,1270,1270,1243,1255,1236,1241,1226,1226,1211,1228,1231,1220,1202,1198,1220,1217,1223,1231,1274,1289,1342,1386,1419,1460,1475,1497,1506,1511,1519,1523,1533
1365,1351,1383,1378,1390,1385,1426,1432,1458,1488,1498,1506,1514,1523,1539,1542,1529,1515,1518,1530,1523,1515,1506,1532,1555,1558,1567,1557,1542,1518,1487,1455,1432,1407,1366,1345,1313,1317,1332,1351,1338,1355,1337,1338,1378,1388,1393,1399,1423,1427,1441,1453,1453,1451,1424,1438,1479,1501,1513,1529,1533,1544,1560,1580,1609,1628,1637,1649,1651,1640,1642,1646,1658,1658,1665,1676,1681,1690,1690,1699,1706,1711,1720,1731,1733,1737,1724,1672,1645,1696,1770,1807,1809,1792,1770,1802,1849,1863,1867,1857,1874,1905,1816,1782,1846,1901,1882,1879,1916,1900,1862,1824,1820,1799,1768,1718,1735,1774,1785,1775,1770,1748,1705,1626,1578,1633,1689,1736,1756,1764,1769,1778,1768,1730,1685,1659,1669,1665,1628,1652,1764,1833,1830,1788,1766,1741,1739,1745,1766,1859,1934,1945,1866,1753,1706,1649,1581,1552,1537,1496,1494,1524,1520,1527,1516,1502,1459,1381,1344,1305,1310,1309,1295,1289,1304,1268,1274,1284,1255,1261,1287,1263,1281,1270,1301,1297,1268,1270,1265,1255,1241,1223,1247,1231,1226,1195,1211,1217,1220,1231,1208,1208,1202,1217,1205,1249,1255,1322,1375,1407,1444,1472,1493,1519,1522,1518,1532,1535
1362,1365,1381,1393,1377,1399,1401,1438,1456,1488,1486,1507,1505,1533,1539,1540,1516,1511,1505,1518,1507,1495,1481,1512,1542,1550,1550,1544,1528,1506,1466,1440,1409,1367,1351,1332,1316,1316,1327,1316,1326,1326,1338,1363,1355,1377,1408,1407,1421,1421,1428,1446,1453,1434,1384,1386,1458,1490,1523,1523,1530,1551,1551,1587,1611,1654,1724,1703,1663,1653,1654,1654,1662,1663,1674,1689,1702,1704,1697,1704,1710,1708,1718,1733,1739,1751,1753,1739,1735,1751,1779,1805,1789,1733,1660,1690,1785,1833,1846,1840,1847,1847,1828,1828,1878,1901,1853,1867,1909,1898,1859,1824,1811,1779,1752,1758,1771,1786,1801,1793,1779,1757,1724,1645,1616,1656,1715,1744,1743,1738,1736,1750,1732,1712,1694,1689,1685,1683,1665,1689,1741,1791,1810,1799,1780,1749,1742,1754,1790,1877,1965,1996,1921,1792,1721,1667,1598,1558,1550,1506,1462,1497,1513,1513,1485,1483,1468,1387,1340,1325,1330,1300,1284,1285,1267,1275,1270,1253,1275,1259,1274,1249,1282,1314,1329,1293,1275,1268,1265,1282,1234,1274,1236,1241,1238,1226,1236,1238,1202,1228,1247,1195,1195,1177,1217,1245,1277,1317,1363,1403,1429,1459,1485,1515,1513,1527,1531,1537
1376,1368,1366,1374,1384,1401,1419,1440,1460,1483,1498,1502,1519,1533,1530,1528,1521,1506,1505,1524,1524,1507,1512,1527,1542,1543,1548,1537,1516,1499,1458,1428,1413,1364,1331,1332,1305,1304,1313,1338,1324,1332,1343,1351,1355,1376,1403,1409,1412,1432,1450,1445,1457,1443,1403,1418,1469,1496,1512,1518,1532,1539,1557,1586,1612,1693,1775,1746,1706,1718,1706,1683,1671,1674,1686,1724,1723,1709,1704,1707,1711,1720,1721,1733,1743,1756,1762,1774,1777,1782,1796,1804,1803,1755,1682,1699,1777,1823,1826,1828,1829,1826,1823,1830,1867,1877,1834,1835,1861,1859,1835,1815,1809,1793,1742,1740,1790,1816,1818,1807,1790,1769,1753,1721,1681,1700,1735,1753,1749,1729,1715,1725,1723,1707,1706,1726,1721,1723,1727,1737,1744,1761,1790,1775,1753,1756,1757,1774,1789,1852,1933,1973,1948,1874,1783,1707,1637,1594,1583,1552,1506,1493,1502,1471,1438,1432,1430,1394,1352,1323,1317,1279,1293,1277,1272,1270,1285,1268,1255,1263,1267,1253,1290,1281,1308,1281,1263,1270,1290,1277,1305,1300,1243,1259,1214,1226,1223,1234,1226,1238,1220,1192,1165,1188,1181,1195,1251,1293,1336,1397,1427,1463,1475,1503,1514,1528,1527,1532
1366,1355,1382,1392,1391,1380,1427,1437,1468,1483,1480,1485,1519,1537,1533,1533,1521,1515,1524,1528,1538,1521,1525,1534,1539,1542,1537,1514,1495,1458,1455,1418,1395,1361,1331,1320,1316,1319,1329,1362,1382,1361,1341,1346,1360,1376,1382,1406,1405,1431,1431,1448,1457,1467,1470,1465,1478,1502,1504,1521,1519,1540,1564,1575,1606,1667,1736,1766,1831,1876,1848,1750,1689,1679,1678,1707,1706,1697,1705,1709,1714,1726,1732,1741,1749,1761,1771,1778,1784,1786,1799,1815,1829,1876,1823,1797,1821,1830,1819,1816,1812,1813,1809,1816,1833,1841,1818,1804,1812,1812,1805,1805,1806,1802,1791,1769,1791,1813,1821,1825,1804,1781,1769,1765,1740,1738,1753,1758,1761,1745,1735,1743,1756,1747,1743,1753,1753,1747,1744,1748,1749,1770,1792,1768,1761,1781,1792,1792,1781,1783,1833,1900,1953,1950,1863,1742,1658,1615,1598,1568,1530,1504,1469,1445,1417,1405,1394,1376,1388,1343,1295,1284,1295,1277,1293,1284,1285,1275,1282,1275,1265,1281,1263,1290,1261,1265,1241,1281,1332,1272,1270,1267,1251,1238,1238,1223,1188,1211,1226,1220,1198,1195,1173,1223,1177,1181,1236,1272,1333,1373,1415,1447,1468,1497,1509,1523,1528,1533
1378,1361,1383,1368,1396,1395,1425,1461,1476,1485,1505,1512,1524,1538,1535,1539,1535,1530,1540,1543,1555,1547,1557,1550,1551,1549,1525,1496,1485,1461,1445,1415,1392,1341,1342,1312,1308,1326,1334,1376,1398,1355,1322,1326,1333,1366,1397,1397,1417,1424,1433,1457,1460,1466,1484,1479,1484,1494,1511,1519,1518,1550,1582,1589,1607,1648,1747,1870,1968,2002,1964,1827,1711,1684,1680,1688,1692,1695,1706,1712,1717,1721,1736,1742,1756,1769,1777,1786,1784,1787,1793,1808,1828,1866,1852,1847,1839,1827,1811,1807,1810,1806,1803,1800,1798,1804,1799,1797,1790,1790,1793,1791,1796,1797,1793,1793,1797,1805,1819,1822,1802,1797,1786,1778,1765,1762,1758,1761,1769,1758,1757,1780,1807,1816,1795,1773,1761,1752,1752,1753,1757,1783,1800,1805,1847,1854,1823,1800,1773,1707,1718,1808,1926,1965,1881,1748,1642,1575,1573,1577,1534,1492,1450,1434,1416,1385,1405,1408,1377,1358,1308,1289,1293,1300,1287,1285,1275,1277,1263,1257,1253,1268,1268,1265,1259,1253,1277,1289,1297,1255,1238,1263,1243,1238,1243,1214,1214,1220,1177,1198,1205,1241,1234,1177,1202,1185,1249,1247,1324,1355,1406,1434,1464,1490,1506,1514,1518,1522
1351,1371,1364,1385,1388,1420,1434,1458,1488,1496,1504,1508,1529,1531,1540,1538,1537,1547,1548,1552,1561,1564,1560,1565,1553,1537,1515,1495,1475,1461,1429,1402,1361,1342,1316,1292,1314,1312,1316,1356,1357,1346,1285,1316,1355,1373,1392,1406,1423,1428,1443,1453,1467,1477,1480,1482,1483,1491,1485,1471,1488,1548,1594,1607,1629,1714,1854,1978,2007,2007,2007,1856,1721,1673,1673,1677,1689,1702,1707,1709,1721,1727,1736,1743,1761,1769,1776,1782,1784,1806,1790,1806,1820,1830,1845,1844,1831,1812,1800,1799,1807,1806,1801,1800,1796,1795,1787,1790,1785,1789,1790,1790,1786,1786,1784,1789,1790,1791,1805,1803,1799,1792,1799,1790,1780,1768,1770,1780,1776,1771,1770,1786,1807,1818,1807,1771,1749,1742,1754,1757,1769,1801,1824,1937,2007,1987,1865,1812,1766,1721,1717,1786,1874,1890,1811,1706,1591,1524,1529,1556,1532,1480,1448,1447,1446,1419,1419,1441,1388,1345,1318,1290,1279,1277,1297,1290,1289,1261,1259,1257,1255,1274,1267,1263,1279,1270,1287,1284,1257,1261,1217,1255,1223,1247,1241,1211,1211,1181,1173,1173,1234,1165,1185,1152,1198,1220,1185,1257,1277,1344,1396,1421,1453,1479,1498,1512,1514,1532
1363,1360,1371,1385,1393,1414,1436,1471,1485,1498,1493,1504,1531,1539,1552,1553,1556,1546,1556,1552,1567,1556,1557,1566,1550,1530,1514,1491,1452,1443,1422,1385,1331,1302,1308,1300,1292,1298,1301,1317,1312,1289,1305,1343,1357,1381,1401,1402,1419,1433,1446,1445,1466,1482,1488,1484,1485,1485,1483,1443,1467,1553,1619,1636,1675,1801,1947,2007,2007,2007,2007,1866,1710,1647,1636,1660,1685,1691,1706,1709,1711,1720,1730,1742,1755,1764,1777,1781,1793,1822,1797,1798,1818,1831,1838,1832,1816,1798,1790,1796,1791,1798,1800,1797,1801,1810,1797,1781,1781,1786,1782,1778,1779,1775,1781,1779,1776,1780,1782,1780,1771,1775,1777,1791,1785,1789,1792,1801,1811,1784,1765,1761,1775,1781,1778,1747,1721,1728,1742,1749,1778,1799,1867,2007,2007,2007,1840,1789,1779,1756,1783,1822,1828,1793,1746,1663,1549,1476,1509,1539,1511,1465,1425,1447,1445,1434,1412,1415,1390,1363,1324,1298,1292,1265,1301,1263,1292,1279,1274,1282,1245,1259,1275,1272,1277,1290,1282,1243,1279,1226,1226,1247,1261,1220,1234,1188,1220,1226,1195,1130,1161,1165,1192,1188,1165,1192,1205,1253,1277,1327,1346,1410,1430,1465,1486,1502,1517,1528
1352,1377,1361,1372,1396,1428,1457,1467,1488,1509,1505,1511,1542,1551,1551,1562,1562,1553,1560,1554,1566,1568,1563,1559,1544,1526,1512,1469,1452,1427,1382,1351,1314,1284,1297,1282,1267,1302,1285,1295,1312,1318,1319,1367,1386,1393,1394,1409,1419,1413,1445,1458,1462,1469,1480,1476,1465,1485,1498,1488,1492,1573,1635,1656,1727,1876,2007,2007,2007,2007,2007,1843,1694,1640,1629,1645,1678,1693,1701,1702,1672,1682,1719,1739,1746,1754,1771,1773,1779,1787,1786,1799,1818,1826,1820,1812,1799,1786,1784,1788,1787,1790,1801,1801,1800,1819,1807,1782,1774,1776,1778,1769,1770,1767,1766,1767,1772,1769,1766,1751,1711,1695,1717,1758,1781,1804,1822,1823,1821,1791,1767,1764,1762,1755,1747,1726,1714,1714,1729,1739,1769,1787,1890,2007,2007,1976,1789,1752,1773,1770,1810,1821,1817,1782,1731,1665,1578,1519,1525,1527,1500,1455,1448,1450,1418,1398,1402,1413,1393,1393,1335,1329,1304,1298,1302,1312,1261,1292,1274,1265,1268,1285,1265,1265,1284,1261,1285,1284,1234,1249,1243,1249,1214,1228,1234,1234,1208,1173,1181,1169,1211,1148,1173,1173,1214,1195,1181,1236,1274,1297,1346,1395,1426,1452,1471,1494,1515,1527
1362,1353,1368,1394,1414,1432,1463,1482,1497,1516,1516,1539,1544,1557,1569,1572,1563,1568,1569,1563,1568,1567,1568,1555,1534,1534,1503,1461,1442,1417,1368,1330,1295,1281,1263,1270,1263,1247,1302,1300,1268,1312,1342,1380,1396,1398,1400,1404,1418,1432,1440,1451,1466,1466,1472,1468,1421,1450,1511,1533,1537,1569,1615,1651,1771,1924,2007,1968,1922,1977,1968,1804,1706,1678,1670,1674,1689,1699,1697,1657,1608,1650,1715,1736,1739,1745,1750,1767,1774,1785,1791,1800,1814,1818,1805,1793,1784,1777,1780,1784,1782,1795,1797,1798,1798,1794,1786,1773,1765,1764,1769,1765,1759,1761,1763,1764,1762,1770,1757,1742,1693,1638,1637,1700,1757,1784,1807,1824,1803,1780,1772,1763,1761,1752,1742,1728,1716,1710,1719,1733,1750,1778,1847,1930,1944,1853,1786,1760,1760,1768,1797,1800,1801,1780,1733,1683,1632,1576,1567,1560,1507,1471,1488,1470,1402,1360,1376,1400,1394,1383,1353,1324,1343,1331,1304,1295,1298,1259,1275,1274,1275,1265,1251,1279,1272,1290,1277,1253,1261,1259,1211,1241,1231,1217,1263,1165,1214,1245,1217,1211,1181,1173,1105,1192,1169,1177,1234,1220,1251,1295,1346,1367,1409,1436,1477,1494,1506,1515
1346,1356,1365,1393,1421,1428,1462,1483,1513,1507,1526,1548,1555,1566,1573,1574,1573,1580,1574,1570,1570,1567,1567,1557,1534,1529,1488,1460,1437,1401,1367,1302,1247,1268,1255,1274,1259,1282,1279,1277,1277,1316,1323,1376,1386,1391,1384,1390,1417,1428,1436,1451,1468,1461,1478,1473,1451,1467,1528,1540,1553,1572,1614,1680,1824,1945,1909,1739,1660,1777,1867,1742,1695,1683,1685,1689,1697,1702,1692,1657,1615,1671,1718,1730,1729,1736,1748,1748,1761,1772,1780,1795,1804,1801,1790,1777,1772,1766,1771,1776,1784,1798,1801,1793,1799,1795,1776,1745,1718,1736,1763,1770,1769,1757,1757,1759,1760,1773,1762,1760,1719,1654,1624,1649,1709,1754,1770,1785,1789,1793,1774,1760,1758,1754,1742,1722,1705,1712,1718,1727,1727,1730,1780,1816,1818,1786,1764,1758,1757,1761,1787,1804,1833,1839,1801,1727,1641,1600,1604,1594,1575,1554,1520,1469,1432,1357,1363,1365,1383,1375,1358,1334,1365,1362,1287,1308,1295,1279,1257,1265,1285,1251,1267,1272,1261,1284,1255,1251,1263,1272,1265,1251,1238,1226,1236,1195,1198,1181,1185,1157,1205,1214,1169,1198,1161,1214,1122,1247,1220,1287,1324,1371,1400,1434,1461,1490,1501,1520
1345,1358,1382,1398,1419,1443,1473,1499,1520,1532,1540,1544,1563,1578,1573,1579,1586,1579,1587,1577,1574,1578,1574,1565,1543,1518,1489,1456,1430,1400,1353,1302,1259,1268,1259,1277,1272,1275,1292,1298,1305,1287,1317,1337,1363,1357,1364,1382,1413,1422,1433,1460,1461,1467,1486,1496,1505,1515,1539,1560,1573,1579,1612,1667,1811,1911,1780,1616,1606,1701,1761,1697,1684,1690,1687,1691,1699,1701,1701,1689,1690,1712,1727,1734,1727,1735,1742,1747,1757,1757,1756,1767,1773,1768,1751,1745,1750,1754,1766,1769,1779,1786,1800,1788,1792,1800,1781,1724,1656,1638,1709,1753,1765,1757,1753,1753,1763,1770,1770,1765,1753,1731,1691,1657,1658,1714,1752,1769,1787,1801,1783,1761,1760,1756,1741,1703,1666,1694,1725,1723,1697,1658,1677,1730,1746,1738,1727,1743,1753,1762,1785,1820,1900,1952,1894,1791,1687,1621,1607,1603,1578,1569,1533,1487,1432,1383,1383,1378,1398,1383,1387,1378,1403,1363,1323,1301,1289,1270,1268,1259,1263,1281,1268,1284,1274,1253,1281,1272,1247,1238,1228,1238,1249,1247,1241,1245,1217,1188,1192,1202,1208,1157,1188,1226,1198,1185,1185,1205,1223,1245,1301,1348,1395,1425,1454,1483,1511,1508
1352,1365,1393,1390,1432,1443,1483,1509,1518,1526,1542,1554,1570,1579,1589,1592,1588,1592,1578,1576,1573,1576,1571,1563,1543,1521,1491,1461,1422,1385,1327,1292,1261,1205,1249,1265,1253,1275,1281,1287,1282,1324,1304,1309,1331,1343,1368,1399,1413,1423,1442,1449,1465,1462,1478,1491,1512,1537,1552,1571,1574,1585,1595,1632,1731,1830,1718,1638,1695,1743,1704,1688,1678,1683,1694,1698,1702,1707,1712,1714,1717,1726,1729,1732,1743,1739,1745,1743,1748,1757,1756,1756,1748,1740,1694,1671,1712,1741,1757,1766,1774,1780,1793,1792,1796,1799,1780,1717,1628,1592,1655,1720,1741,1744,1748,1751,1767,1773,1774,1767,1765,1758,1744,1712,1659,1673,1731,1760,1765,1753,1757,1758,1761,1751,1746,1715,1661,1670,1717,1725,1676,1607,1597,1640,1668,1694,1702,1727,1754,1762,1782,1854,1973,1995,1880,1785,1697,1622,1615,1631,1570,1533,1494,1495,1445,1371,1389,1403,1424,1357,1396,1391,1411,1356,1305,1290,1297,1284,1287,1272,1282,1279,1297,1313,1323,1312,1293,1274,1238,1261,1214,1205,1223,1234,1223,1173,1177,1169,1202,1198,1185,1192,1214,1173,1198,1192,1192,1205,1217,1253,1301,1343,1381,1415,1443,1477,1498,1503
1365,1374,1398,1413,1428,1454,1496,1507,1530,1541,1549,1573,1581,1587,1587,1600,1596,1597,1589,1587,1576,1581,1569,1554,1545,1521,1481,1451,1427,1372,1320,1265,1277,1270,1259,1241,1226,1259,1292,1281,1287,1292,1295,1316,1327,1347,1372,1391,1404,1432,1437,1448,1445,1462,1486,1503,1519,1544,1564,1586,1608,1628,1652,1682,1785,1867,1760,1682,1725,1725,1673,1681,1680,1687,1694,1706,1709,1709,1710,1716,1726,1730,1723,1733,1746,1757,1742,1743,1749,1753,1763,1771,1770,1749,1689,1655,1690,1730,1750,1757,1773,1774,1780,1787,1790,1798,1775,1741,1646,1610,1652,1713,1726,1725,1734,1742,1765,1775,1770,1765,1760,1746,1741,1722,1708,1704,1731,1751,1738,1709,1713,1749,1757,1754,1749,1737,1708,1712,1720,1720,1676,1622,1604,1641,1681,1690,1692,1714,1751,1762,1781,1867,2004,2007,2003,1891,1751,1662,1627,1601,1552,1502,1485,1506,1430,1399,1380,1396,1446,1364,1361,1399,1403,1342,1325,1376,1365,1290,1257,1272,1285,1312,1345,1404,1405,1363,1322,1253,1255,1236,1226,1234,1226,1214,1241,1205,1181,1195,1202,1202,1198,1202,1161,1161,1161,1181,1169,1177,1228,1255,1277,1312,1362,1410,1433,1458,1486,1512
1357,1370,1394,1405,1429,1463,1500,1517,1535,1547,1555,1576,1581,1595,1594,1604,1599,1600,1598,1588,1584,1577,1575,1556,1539,1514,1485,1440,1414,1348,1313,1267,1245,1274,1259,1243,1268,1284,1272,1285,1297,1289,1320,1323,1344,1340,1372,1402,1417,1423,1444,1440,1430,1446,1460,1508,1538,1551,1580,1605,1643,1704,1766,1844,1942,1971,1829,1691,1669,1685,1670,1681,1684,1682,1694,1704,1709,1709,1714,1721,1728,1732,1732,1731,1746,1756,1744,1745,1751,1752,1761,1771,1779,1775,1738,1710,1715,1730,1752,1760,1770,1774,1769,1775,1785,1787,1774,1765,1728,1695,1695,1718,1724,1718,1728,1733,1746,1759,1765,1763,1745,1724,1673,1651,1681,1726,1753,1753,1749,1714,1710,1729,1742,1753,1751,1747,1746,1742,1742,1731,1697,1670,1664,1694,1716,1721,1722,1731,1755,1766,1801,1866,1985,2007,2007,1897,1763,1690,1640,1567,1508,1489,1485,1490,1454,1423,1383,1384,1383,1356,1332,1389,1402,1351,1326,1430,1386,1281,1279,1275,1292,1326,1380,1412,1410,1395,1326,1251,1238,1243,1214,1226,1211,1255,1195,1188,1177,1205,1173,1217,1177,1198,1220,1165,1161,1157,1205,1169,1192,1220,1282,1318,1357,1395,1428,1443,1481,1500
1360,1399,1402,1409,1436,1469,1485,1533,1540,1553,1568,1584,1598,1588,1597,1597,1598,1594,1595,1589,1582,1579,1570,1557,1538,1500,1480,1432,1405,1353,1308,1277,1236,1241,1220,1247,1267,1238,1253,1290,1253,1298,1309,1322,1322,1352,1356,1387,1415,1420,1438,1433,1428,1413,1433,1505,1544,1561,1589,1626,1691,1772,1857,1942,2004,2006,1891,1740,1693,1686,1672,1689,1685,1694,1701,1705,1713,1717,1718,1729,1732,1734,1732,1727,1730,1741,1738,1736,1742,1751,1762,1771,1779,1778,1763,1748,1749,1747,1758,1758,1770,1771,1764,1766,1763,1767,1774,1772,1747,1716,1715,1729,1722,1723,1722,1731,1747,1757,1754,1750,1741,1723,1670,1628,1653,1725,1750,1761,1755,1754,1741,1726,1706,1714,1748,1765,1758,1758,1762,1754,1731,1716,1717,1726,1724,1736,1735,1744,1752,1774,1826,1875,1947,2007,1944,1805,1749,1694,1635,1541,1500,1519,1535,1514,1468,1453,1406,1388,1363,1351,1346,1368,1418,1400,1314,1371,1329,1290,1282,1314,1290,1307,1350,1324,1350,1351,1282,1268,1247,1234,1214,1217,1231,1198,1181,1217,1228,1202,1208,1211,1214,1177,1195,1217,1152,1202,1185,1195,1236,1228,1247,1300,1332,1377,1409,1447,1477,1492
1354,1386,1399,1423,1443,1470,1511,1537,1545,1556,1579,1591,1597,1596,1604,1604,1599,1599,1598,1589,1581,1577,1565,1551,1530,1505,1466,1430,1398,1329,1301,1270,1255,1263,1208,1255,1251,1245,1277,1253,1274,1302,1308,1313,1322,1323,1337,1385,1396,1417,1430,1438,1429,1417,1447,1528,1556,1582,1619,1668,1745,1837,1913,1967,2004,1997,1909,1780,1702,1681,1681,1685,1692,1704,1708,1715,1716,1719,1724,1734,1738,1743,1742,1729,1730,1723,1721,1721,1743,1753,1761,1772,1785,1784,1773,1760,1753,1760,1757,1757,1756,1751,1750,1753,1756,1769,1770,1766,1750,1734,1708,1720,1727,1732,1741,1745,1761,1768,1774,1746,1727,1727,1722,1703,1706,1733,1753,1749,1753,1763,1761,1742,1695,1675,1724,1752,1765,1764,1765,1761,1750,1739,1738,1727,1723,1723,1724,1747,1758,1782,1822,1866,1917,2007,1974,1871,1836,1742,1623,1535,1544,1578,1586,1552,1509,1476,1421,1395,1383,1410,1360,1340,1390,1353,1297,1302,1300,1277,1279,1302,1290,1298,1284,1275,1300,1287,1268,1231,1251,1236,1220,1243,1195,1195,1195,1238,1231,1265,1285,1249,1195,1205,1202,1161,1192,1185,1148,1161,1202,1208,1263,1293,1322,1368,1411,1440,1474,1488
1377,1389,1409,1434,1434,1475,1527,1550,1541,1567,1583,1596,1595,1604,1603,1604,1601,1589,1594,1584,1578,1572,1567,1546,1527,1492,1455,1429,1395,1331,1272,1263,1255,1223,1231,1236,1245,1290,1268,1309,1351,1366,1360,1338,1320,1327,1340,1344,1384,1409,1430,1439,1469,1468,1505,1561,1594,1630,1680,1734,1810,1893,1939,1961,1948,1890,1790,1717,1683,1683,1675,1676,1693,1712,1718,1723,1721,1727,1732,1739,1744,1753,1753,1739,1724,1695,1669,1674,1716,1743,1760,1777,1789,1789,1777,1762,1758,1760,1758,1751,1745,1729,1717,1719,1727,1748,1760,1758,1761,1754,1736,1733,1733,1736,1749,1768,1782,1775,1778,1761,1732,1718,1741,1753,1757,1749,1743,1738,1749,1756,1766,1757,1730,1709,1725,1749,1760,1768,1768,1760,1749,1738,1736,1730,1709,1689,1682,1717,1750,1771,1808,1836,1906,2007,2007,2007,1964,1795,1670,1619,1600,1611,1620,1581,1522,1507,1452,1445,1451,1464,1397,1340,1305,1302,1285,1305,1300,1268,1277,1251,1287,1285,1298,1285,1279,1274,1238,1220,1245,1217,1208,1192,1188,1217,1143,1205,1185,1214,1223,1220,1152,1143,1148,1157,1157,1143,1139,1211,1161,1231,1238,1272,1304,1354,1403,1432,1468,1488
1373,1397,1420,1430,1451,1482,1525,1548,1545,1569,1595,1592,1601,1603,1601,1606,1596,1590,1587,1581,1581,1573,1551,1544,1505,1478,1453,1420,1356,1316,1300,1259,1226,1261,1228,1255,1251,1228,1289,1322,1355,1395,1390,1346,1329,1329,1318,1364,1383,1417,1432,1465,1487,1508,1534,1585,1625,1674,1735,1800,1865,1908,1909,1877,1833,1766,1707,1694,1678,1670,1659,1666,1684,1698,1715,1730,1730,1739,1740,1749,1754,1761,1753,1746,1739,1705,1672,1668,1709,1743,1761,1774,1784,1797,1783,1768,1759,1757,1755,1749,1733,1720,1684,1652,1640,1647,1678,1736,1758,1757,1752,1752,1749,1747,1756,1769,1790,1786,1779,1782,1767,1755,1757,1770,1788,1769,1747,1736,1743,1756,1761,1764,1755,1748,1742,1745,1745,1756,1762,1757,1745,1738,1730,1731,1718,1670,1621,1644,1694,1726,1764,1797,1881,1994,2007,2007,2007,1853,1730,1709,1648,1610,1606,1572,1538,1531,1502,1538,1557,1521,1410,1329,1302,1318,1284,1272,1285,1275,1272,1275,1277,1292,1282,1261,1272,1268,1267,1214,1267,1261,1220,1169,1198,1185,1220,1234,1238,1198,1214,1234,1195,1234,1169,1202,1169,1192,1173,1226,1202,1223,1234,1285,1317,1336,1391,1435,1467,1483
1386,1384,1424,1434,1443,1483,1544,1550,1554,1578,1595,1599,1604,1602,1598,1603,1602,1590,1589,1584,1573,1567,1556,1532,1507,1485,1434,1410,1361,1326,1287,1249,1226,1241,1231,1234,1259,1234,1270,1302,1333,1380,1373,1318,1313,1302,1323,1367,1402,1405,1435,1472,1497,1527,1566,1601,1658,1714,1770,1833,1873,1867,1812,1760,1730,1707,1690,1679,1669,1664,1640,1638,1662,1687,1702,1712,1722,1732,1743,1747,1750,1761,1760,1758,1753,1741,1727,1721,1734,1755,1764,1776,1790,1790,1789,1766,1760,1757,1754,1749,1735,1717,1672,1612,1551,1535,1602,1705,1756,1762,1758,1749,1748,1751,1753,1753,1765,1781,1769,1793,1793,1786,1798,1797,1797,1776,1758,1747,1753,1765,1765,1762,1765,1756,1742,1725,1718,1736,1749,1746,1715,1685,1689,1715,1735,1697,1623,1624,1671,1709,1729,1761,1793,1887,2007,2007,2007,1958,1783,1718,1679,1650,1608,1569,1527,1573,1566,1594,1582,1532,1396,1331,1307,1284,1290,1274,1257,1297,1275,1267,1268,1284,1302,1277,1268,1263,1251,1251,1220,1217,1234,1226,1173,1226,1202,1211,1211,1220,1243,1231,1165,1202,1161,1202,1188,1192,1136,1181,1202,1205,1241,1289,1302,1337,1403,1423,1456,1485
1374,1381,1421,1432,1450,1492,1536,1552,1562,1581,1600,1608,1597,1604,1605,1605,1598,1588,1580,1581,1570,1561,1546,1538,1501,1461,1423,1404,1356,1314,1275,1270,1238,1234,1243,1236,1249,1255,1274,1289,1270,1290,1297,1298,1293,1318,1312,1374,1386,1417,1445,1466,1499,1526,1576,1624,1682,1735,1793,1828,1829,1782,1723,1729,1753,1708,1684,1678,1679,1661,1645,1653,1663,1686,1700,1703,1718,1724,1723,1720,1726,1745,1750,1752,1744,1749,1751,1749,1755,1764,1764,1779,1790,1800,1792,1771,1755,1760,1749,1742,1726,1701,1653,1609,1560,1572,1636,1702,1756,1764,1753,1742,1727,1723,1731,1733,1727,1726,1722,1775,1801,1809,1823,1820,1785,1770,1768,1761,1761,1769,1766,1780,1775,1762,1729,1695,1679,1707,1734,1735,1687,1645,1643,1700,1720,1709,1695,1671,1698,1730,1745,1767,1776,1885,2007,2007,2007,2007,1830,1769,1748,1671,1595,1561,1531,1561,1566,1573,1566,1497,1380,1333,1297,1300,1285,1272,1284,1274,1297,1275,1270,1274,1268,1274,1259,1247,1251,1228,1241,1192,1231,1202,1195,1181,1195,1188,1241,1279,1347,1304,1220,1195,1185,1181,1053,1214,1198,1198,1188,1228,1247,1272,1314,1361,1406,1429,1461,1480
1380,1405,1429,1434,1466,1490,1550,1559,1566,1592,1601,1605,1605,1608,1604,1607,1598,1593,1581,1575,1574,1565,1549,1531,1487,1454,1434,1399,1345,1285,1253,1236,1247,1223,1231,1265,1214,1259,1243,1270,1259,1255,1257,1270,1300,1320,1338,1357,1382,1440,1454,1476,1500,1540,1588,1644,1695,1741,1775,1775,1757,1719,1690,1739,1779,1735,1700,1680,1674,1671,1667,1681,1695,1700,1702,1710,1715,1700,1661,1637,1659,1703,1726,1738,1734,1739,1738,1743,1753,1759,1765,1770,1786,1799,1794,1778,1762,1757,1749,1729,1709,1654,1593,1581,1598,1643,1690,1728,1761,1760,1749,1730,1701,1663,1664,1683,1715,1709,1709,1766,1812,1821,1842,1838,1797,1759,1757,1765,1771,1765,1762,1786,1792,1770,1710,1656,1659,1690,1735,1746,1720,1684,1674,1680,1672,1695,1737,1736,1743,1772,1801,1820,1876,2007,2007,2007,2007,2007,1886,1913,1825,1674,1577,1541,1541,1553,1566,1556,1517,1459,1390,1325,1268,1277,1289,1249,1261,1270,1279,1290,1263,1281,1275,1255,1241,1272,1241,1274,1226,1220,1181,1226,1214,1208,1205,1188,1275,1415,1462,1375,1259,1211,1181,1165,1136,1185,1217,1185,1157,1195,1241,1263,1323,1344,1394,1430,1463,1479
1394,1399,1430,1459,1455,1497,1553,1569,1573,1595,1599,1608,1604,1603,1602,1607,1594,1595,1585,1573,1568,1564,1547,1523,1499,1451,1424,1392,1338,1301,1263,1217,1243,1208,1243,1220,1236,1220,1263,1234,1241,1277,1267,1253,1302,1324,1342,1341,1393,1432,1448,1469,1518,1556,1600,1650,1694,1722,1715,1712,1785,1779,1732,1710,1732,1733,1712,1690,1676,1676,1681,1707,1706,1707,1710,1710,1710,1700,1666,1635,1650,1690,1717,1727,1726,1733,1736,1746,1745,1753,1758,1771,1784,1795,1800,1787,1770,1761,1743,1724,1684,1605,1534,1523,1550,1632,1707,1748,1761,1761,1757,1744,1701,1633,1592,1620,1674,1734,1748,1779,1825,1819,1828,1826,1789,1765,1738,1749,1766,1762,1753,1765,1769,1756,1703,1659,1683,1715,1749,1758,1753,1746,1743,1713,1685,1701,1712,1726,1764,1809,1837,1870,1991,2007,2007,2007,2007,1971,1914,1962,1877,1699,1598,1544,1552,1543,1531,1538,1477,1436,1395,1336,1284,1274,1275,1261,1275,1253,1251,1277,1274,1287,1259,1290,1259,1270,1255,1247,1234,1220,1228,1173,1208,1177,1220,1241,1253,1351,1384,1287,1226,1211,1157,1165,1177,1195,1177,1165,1181,1169,1217,1243,1300,1341,1382,1415,1462,1476
1382,1402,1424,1442,1483,1510,1547,1564,1584,1608,1614,1607,1604,1605,1598,1590,1591,1579,1581,1566,1570,1556,1540,1514,1488,1451,1422,1395,1341,1267,1236,1234,1214,1226,1263,1228,1226,1261,1238,1245,1263,1245,1282,1272,1297,1319,1331,1348,1385,1414,1443,1479,1520,1568,1608,1653,1691,1682,1670,1679,1748,1741,1699,1704,1770,1765,1730,1697,1685,1678,1688,1707,1712,1707,1709,1706,1707,1706,1695,1683,1697,1709,1715,1717,1717,1726,1726,1738,1749,1749,1749,1760,1778,1796,1800,1793,1773,1761,1746,1721,1674,1605,1535,1504,1540,1622,1705,1731,1738,1751,1757,1750,1728,1670,1604,1614,1668,1735,1775,1787,1800,1798,1791,1792,1799,1807,1754,1749,1775,1762,1738,1739,1745,1745,1735,1727,1725,1743,1768,1780,1779,1781,1768,1744,1697,1671,1664,1705,1794,1826,1859,1931,2007,2007,2007,2007,2007,1975,1982,2007,1923,1761,1624,1581,1558,1514,1505,1513,1460,1429,1395,1334,1304,1285,1263,1265,1270,1267,1263,1255,1255,1253,1257,1263,1245,1245,1234,1259,1202,1188,1217,1192,1211,1214,1202,1177,1177,1188,1247,1241,1223,1208,1165,1148,1133,1115,1127,1161,1139,1148,1241,1245,1305,1325,1387,1416,1449,1479
1392,1404,1429,1452,1473,1508,1553,1564,1594,1616,1608,1610,1600,1604,1591,1587,1585,1576,1581,1569,1560,1549,1528,1503,1474,1440,1405,1363,1333,1289,1228,1245,1208,1245,1217,1198,1238,1234,1241,1226,1228,1287,1261,1279,1304,1319,1350,1351,1366,1388,1440,1456,1519,1565,1609,1661,1676,1660,1656,1656,1659,1667,1672,1714,1816,1802,1724,1697,1692,1688,1683,1700,1717,1699,1707,1714,1710,1715,1715,1715,1711,1712,1692,1671,1673,1681,1696,1725,1739,1736,1734,1749,1760,1765,1779,1785,1774,1765,1749,1742,1718,1677,1603,1571,1595,1662,1707,1707,1698,1718,1745,1761,1752,1711,1639,1641,1689,1741,1776,1794,1793,1774,1769,1765,1797,1824,1784,1767,1770,1766,1757,1746,1746,1753,1749,1754,1749,1760,1784,1798,1797,1789,1772,1766,1739,1709,1698,1761,1819,1833,1892,2003,2007,2007,2007,2007,2007,2007,2007,2007,1891,1761,1643,1619,1579,1528,1520,1514,1465,1465,1412,1332,1305,1284,1281,1298,1279,1275,1301,1274,1272,1268,1268,1270,1257,1249,1211,1253,1231,1223,1188,1214,1217,1198,1169,1223,1217,1205,1198,1192,1192,1195,1220,1195,1181,1198,1169,1185,1165,1202,1241,1274,1298,1352,1375,1409,1436,1462
1402,1412,1439,1457,1487,1500,1543,1568,1608,1617,1615,1603,1601,1593,1591,1586,1581,1579,1575,1575,1560,1546,1524,1503,1469,1432,1402,1365,1301,1279,1241,1247,1234,1202,1236,1231,1245,1220,1231,1243,1251,1253,1270,1274,1312,1323,1336,1344,1351,1378,1411,1455,1514,1554,1611,1656,1676,1633,1621,1632,1638,1651,1669,1696,1735,1723,1695,1697,1698,1684,1687,1695,1710,1701,1712,1715,1715,1714,1716,1717,1713,1711,1682,1622,1570,1587,1650,1711,1738,1721,1683,1706,1721,1732,1742,1766,1780,1769,1762,1757,1742,1723,1699,1674,1680,1704,1704,1689,1676,1712,1736,1757,1761,1744,1714,1697,1736,1770,1785,1800,1793,1773,1751,1745,1751,1761,1770,1797,1787,1790,1783,1769,1760,1757,1743,1719,1715,1759,1785,1801,1805,1793,1784,1777,1768,1756,1774,1824,1830,1837,1874,1958,2007,2007,2007,2007,2007,2007,2004,1972,1867,1759,1720,1670,1576,1534,1515,1505,1482,1454,1400,1371,1338,1300,1308,1284,1292,1274,1257,1268,1251,1277,1255,1272,1270,1277,1231,1261,1268,1249,1214,1205,1228,1211,1211,1236,1173,1208,1185,1214,1208,1226,1234,1208,1214,1148,1202,1208,1195,1165,1185,1259,1289,1330,1343,1383,1427,1458
1392,1421,1442,1460,1482,1507,1539,1577,1615,1625,1615,1608,1597,1590,1594,1593,1594,1588,1575,1571,1557,1538,1532,1499,1466,1433,1410,1343,1318,1247,1228,1236,1195,1220,1220,1236,1243,1277,1214,1236,1245,1255,1263,1268,1284,1290,1320,1347,1332,1365,1406,1450,1497,1543,1589,1646,1658,1645,1644,1639,1683,1696,1689,1745,1736,1693,1696,1709,1700,1696,1687,1692,1699,1710,1709,1714,1713,1710,1719,1718,1718,1715,1701,1654,1575,1554,1626,1706,1739,1683,1616,1664,1714,1723,1743,1770,1784,1769,1758,1751,1755,1747,1739,1722,1718,1717,1698,1681,1701,1743,1765,1761,1769,1775,1778,1774,1779,1812,1805,1811,1797,1768,1750,1736,1714,1695,1734,1770,1801,1801,1793,1779,1769,1750,1725,1680,1669,1715,1754,1780,1796,1792,1787,1780,1777,1771,1803,1821,1800,1778,1773,1802,1906,2007,2007,2007,2007,2007,2007,2007,1896,1785,1736,1652,1556,1506,1471,1470,1435,1420,1393,1364,1332,1292,1284,1290,1289,1282,1247,1265,1268,1259,1268,1275,1231,1257,1223,1267,1274,1228,1253,1177,1208,1228,1198,1228,1173,1169,1173,1211,1185,1188,1231,1195,1169,1181,1205,1133,1136,1161,1220,1275,1270,1314,1330,1384,1423,1451
1401,1421,1441,1465,1477,1510,1541,1583,1619,1619,1617,1603,1604,1597,1599,1590,1585,1582,1575,1569,1544,1539,1527,1507,1467,1432,1391,1343,1302,1275,1220,1223,1241,1245,1188,1217,1234,1251,1251,1238,1243,1272,1245,1238,1275,1289,1314,1304,1329,1368,1398,1437,1467,1514,1571,1629,1658,1654,1658,1647,1728,1743,1692,1742,1729,1733,1715,1713,1710,1700,1691,1697,1702,1714,1714,1714,1717,1715,1715,1718,1720,1723,1710,1678,1628,1601,1651,1711,1739,1710,1676,1720,1774,1786,1787,1791,1779,1769,1757,1753,1754,1750,1749,1744,1730,1720,1715,1724,1745,1768,1782,1774,1771,1790,1790,1793,1800,1801,1794,1762,1721,1728,1742,1733,1711,1690,1724,1763,1797,1807,1785,1776,1773,1762,1739,1709,1688,1678,1701,1742,1786,1793,1784,1756,1749,1768,1791,1788,1743,1735,1742,1761,1850,2007,2007,2007,2007,2007,2007,2007,1910,1760,1660,1572,1498,1462,1437,1425,1402,1377,1374,1356,1309,1277,1277,1287,1284,1275,1289,1270,1253,1274,1263,1249,1236,1238,1253,1245,1279,1268,1243,1220,1198,1198,1231,1148,1169,1198,1192,1195,1181,1185,1169,1188,1177,1161,1188,1127,1139,1136,1185,1198,1245,1302,1344,1380,1419,1456
1398,1426,1455,1462,1475,1499,1540,1586,1622,1627,1616,1606,1600,1604,1597,1595,1589,1579,1578,1562,1547,1541,1530,1502,1453,1425,1399,1348,1307,1241,1253,1245,1211,1226,1217,1214,1231,1241,1249,1231,1243,1251,1255,1253,1279,1293,1285,1313,1324,1357,1386,1413,1411,1443,1517,1604,1654,1652,1654,1642,1670,1695,1661,1685,1725,1835,1796,1737,1735,1713,1696,1695,1699,1716,1718,1720,1721,1721,1715,1718,1721,1724,1717,1699,1674,1683,1716,1745,1757,1757,1761,1775,1800,1807,1800,1791,1754,1735,1739,1746,1757,1753,1754,1748,1746,1748,1753,1752,1766,1766,1782,1775,1775,1783,1797,1794,1811,1819,1827,1765,1700,1707,1732,1748,1729,1701,1734,1773,1805,1812,1794,1780,1769,1770,1769,1762,1740,1690,1682,1722,1773,1788,1757,1715,1723,1752,1770,1761,1723,1810,1946,1976,2004,2007,2007,2007,2007,2007,2007,2007,1884,1730,1638,1548,1475,1454,1435,1417,1400,1386,1389,1388,1332,1284,1295,1293,1285,1279,1277,1257,1293,1285,1243,1267,1245,1255,1245,1249,1279,1261,1220,1181,1231,1198,1169,1152,1177,1211,1208,1211,1177,1177,1198,1148,1198,1157,1177,1161,1148,1220,1226,1214,1268,1268,1344,1391,1421,1460
1399,1419,1451,1462,1484,1502,1550,1585,1630,1635,1619,1606,1598,1599,1597,1589,1585,1582,1582,1570,1552,1545,1530,1494,1458,1418,1400,1360,1313,1267,1238,1220,1255,1198,1220,1238,1192,1231,1214,1245,1247,1245,1272,1241,1261,1275,1301,1284,1317,1333,1378,1405,1388,1429,1494,1590,1652,1694,1713,1690,1667,1694,1659,1669,1710,1787,1763,1710,1744,1726,1698,1705,1707,1733,1727,1727,1716,1721,1726,1720,1721,1718,1722,1720,1717,1727,1742,1756,1772,1774,1782,1791,1797,1807,1804,1790,1747,1710,1710,1735,1757,1768,1759,1749,1747,1761,1757,1756,1761,1755,1749,1757,1768,1770,1785,1797,1806,1811,1842,1818,1770,1745,1756,1759,1727,1670,1683,1737,1775,1784,1786,1784,1766,1775,1780,1777,1758,1720,1706,1736,1769,1779,1763,1742,1742,1736,1742,1771,1786,1879,2007,2007,2007,2007,2007,2007,2007,2007,2007,1954,1829,1686,1595,1514,1466,1447,1438,1413,1391,1401,1423,1413,1325,1302,1298,1282,1274,1289,1284,1270,1236,1265,1268,1259,1249,1265,1231,1247,1238,1228,1217,1192,1177,1220,1236,1251,1211,1133,1165,1192,1136,1165,1169,1136,1152,1195,1198,1173,1195,1188,1195,1226,1263,1285,1333,1390,1419,1449
1398,1419,1449,1462,1496,1514,1540,1599,1626,1629,1618,1601,1594,1588,1604,1584,1584,1582,1584,1568,1567,1549,1527,1499,1463,1428,1398,1351,1272,1255,1211,1228,1202,1245,1173,1220,1198,1249,1205,1234,1220,1251,1223,1253,1249,1275,1279,1292,1313,1360,1395,1401,1431,1454,1521,1600,1663,1718,1765,1764,1694,1679,1658,1654,1689,1720,1703,1708,1752,1741,1712,1702,1704,1727,1745,1733,1729,1724,1735,1725,1720,1717,1719,1720,1720,1734,1746,1752,1761,1769,1775,1785,1791,1793,1799,1785,1753,1736,1714,1732,1760,1772,1761,1758,1761,1759,1757,1758,1759,1736,1706,1697,1714,1735,1757,1774,1779,1798,1809,1811,1810,1793,1808,1779,1730,1664,1650,1690,1754,1771,1785,1782,1772,1780,1781,1785,1770,1753,1742,1765,1779,1786,1785,1785,1724,1659,1678,1768,1811,1921,2007,2007,2007,2007,2007,2007,2007,2007,1928,1796,1722,1616,1556,1493,1464,1433,1456,1434,1413,1443,1449,1447,1331,1324,1322,1290,1265,1251,1257,1247,1263,1259,1289,1272,1226,1234,1236,1245,1261,1205,1223,1223,1226,1220,1263,1275,1228,1208,1177,1165,1192,1165,1188,1185,1205,1173,1231,1202,1181,1188,1217,1217,1257,1322,1353,1397,1410,1458
1421,1423,1452,1467,1496,1516,1547,1595,1631,1626,1618,1602,1598,1591,1593,1587,1586,1581,1571,1572,1569,1548,1535,1487,1460,1428,1389,1333,1274,1220,1238,1223,1223,1241,1198,1205,1223,1238,1226,1231,1255,1220,1255,1268,1253,1287,1282,1295,1332,1367,1383,1399,1434,1479,1538,1604,1661,1730,1805,1811,1724,1638,1634,1638,1657,1678,1692,1710,1771,1742,1712,1696,1693,1718,1759,1756,1720,1721,1741,1726,1711,1701,1703,1702,1712,1724,1732,1741,1742,1749,1753,1764,1773,1779,1779,1778,1769,1760,1750,1754,1776,1778,1770,1762,1761,1760,1764,1766,1755,1727,1694,1674,1694,1730,1757,1769,1758,1784,1807,1813,1813,1817,1835,1798,1738,1654,1622,1666,1734,1762,1777,1776,1774,1774,1763,1752,1765,1774,1773,1786,1790,1792,1805,1813,1721,1638,1637,1764,1862,2007,2007,2007,2007,2007,2007,2007,2007,2007,1847,1726,1662,1584,1513,1472,1441,1440,1448,1440,1424,1446,1444,1436,1340,1302,1320,1277,1274,1263,1249,1261,1297,1277,1274,1297,1220,1274,1236,1228,1243,1249,1185,1181,1188,1241,1295,1277,1223,1152,1198,1152,1185,1165,1161,1165,1181,1169,1226,1208,1208,1148,1208,1226,1265,1316,1353,1393,1419,1456
1415,1415,1439,1468,1499,1517,1543,1600,1624,1628,1615,1605,1596,1596,1595,1592,1587,1581,1583,1582,1566,1546,1529,1494,1449,1423,1381,1336,1285,1241,1228,1226,1220,1217,1214,1226,1231,1220,1211,1198,1228,1245,1223,1231,1285,1238,1304,1297,1307,1335,1363,1380,1422,1473,1528,1583,1647,1715,1797,1811,1720,1632,1626,1636,1645,1672,1723,1750,1798,1749,1712,1701,1689,1700,1737,1739,1708,1697,1707,1705,1692,1681,1656,1650,1697,1724,1731,1723,1719,1705,1710,1730,1749,1764,1771,1769,1778,1778,1769,1776,1797,1801,1785,1779,1769,1773,1775,1764,1745,1741,1722,1703,1715,1739,1768,1776,1766,1776,1799,1817,1825,1823,1821,1791,1757,1706,1663,1694,1729,1770,1775,1778,1778,1767,1733,1695,1695,1747,1780,1792,1798,1797,1815,1799,1711,1629,1656,1769,1887,2007,2007,2007,2007,2007,2007,2007,2007,1981,1808,1687,1597,1540,1482,1454,1434,1440,1440,1420,1418,1431,1415,1408,1340,1312,1292,1297,1284,1272,1263,1263,1343,1317,1267,1263,1277,1267,1243,1259,1268,1217,1195,1198,1214,1255,1275,1259,1211,1152,1157,1143,1152,1143,1188,1169,1185,1139,1136,1217,1177,1205,1195,1238,1228,1314,1355,1405,1428,1452
1407,1424,1442,1454,1501,1514,1544,1589,1623,1621,1609,1603,1601,1598,1593,1595,1594,1588,1583,1568,1565,1549,1525,1490,1452,1438,1393,1320,1281,1279,1245,1205,1234,1211,1238,1198,1173,1202,1214,1234,1217,1253,1234,1261,1255,1247,1279,1300,1301,1309,1342,1382,1418,1461,1507,1551,1615,1670,1733,1756,1673,1630,1619,1631,1653,1689,1717,1758,1738,1721,1720,1708,1694,1693,1697,1699,1695,1689,1689,1681,1678,1650,1606,1639,1695,1717,1721,1720,1718,1699,1689,1709,1734,1749,1757,1762,1769,1773,1776,1781,1786,1786,1776,1776,1776,1770,1752,1742,1741,1749,1757,1747,1747,1753,1778,1788,1790,1809,1831,1838,1845,1851,1821,1785,1745,1710,1689,1696,1724,1759,1786,1785,1783,1759,1705,1659,1656,1746,1813,1809,1812,1828,1812,1788,1733,1683,1717,1806,1895,2007,2007,2007,2007,2007,2007,1975,1978,1866,1722,1610,1551,1519,1477,1444,1417,1440,1441,1427,1405,1428,1393,1386,1340,1317,1301,1289,1290,1279,1282,1281,1334,1327,1263,1251,1231,1245,1217,1255,1241,1253,1226,1228,1228,1247,1236,1228,1192,1234,1217,1211,1202,1205,1202,1226,1220,1177,1208,1148,1157,1208,1202,1238,1268,1319,1358,1409,1425,1446
1415,1413,1447,1470,1496,1522,1540,1589,1620,1617,1605,1596,1600,1595,1595,1595,1590,1590,1580,1581,1571,1544,1523,1492,1445,1415,1366,1346,1298,1236,1192,1208,1217,1192,1202,1205,1211,1211,1238,1251,1181,1231,1211,1241,1247,1251,1261,1277,1309,1318,1342,1370,1394,1441,1499,1530,1575,1623,1669,1674,1623,1610,1627,1614,1640,1658,1691,1748,1742,1741,1724,1716,1696,1687,1687,1697,1682,1684,1684,1683,1676,1651,1641,1689,1706,1719,1721,1726,1724,1725,1717,1723,1738,1745,1753,1761,1768,1766,1769,1774,1777,1785,1780,1768,1770,1762,1746,1732,1736,1758,1759,1749,1754,1765,1784,1790,1793,1811,1838,1838,1839,1858,1827,1770,1720,1692,1674,1682,1712,1749,1779,1796,1788,1762,1708,1686,1774,1873,1881,1846,1856,1891,1837,1798,1768,1745,1794,1846,1916,2007,2007,2007,2007,2007,1858,1816,1818,1698,1605,1548,1535,1519,1464,1426,1402,1418,1417,1403,1415,1450,1393,1357,1348,1351,1355,1300,1309,1298,1259,1263,1304,1300,1253,1251,1228,1236,1238,1249,1247,1223,1202,1185,1223,1226,1157,1231,1236,1253,1231,1247,1272,1259,1234,1214,1247,1208,1243,1208,1181,1188,1214,1228,1268,1308,1342,1397,1435,1454
1405,1416,1457,1466,1509,1523,1544,1580,1616,1615,1611,1597,1591,1596,1585,1593,1589,1592,1584,1578,1557,1555,1522,1491,1463,1426,1377,1326,1274,1247,1208,1253,1234,1238,1223,1226,1195,1243,1181,1231,1247,1231,1228,1253,1243,1249,1245,1270,1307,1314,1324,1350,1399,1423,1472,1515,1554,1594,1629,1621,1593,1598,1612,1614,1628,1656,1659,1691,1754,1812,1733,1711,1700,1689,1701,1704,1689,1690,1693,1681,1669,1672,1680,1697,1709,1710,1723,1728,1721,1730,1736,1731,1745,1745,1753,1757,1759,1757,1758,1767,1763,1755,1753,1749,1759,1761,1757,1734,1742,1744,1737,1715,1736,1770,1786,1788,1784,1792,1806,1815,1827,1832,1804,1746,1700,1692,1681,1678,1708,1742,1774,1786,1786,1768,1741,1774,1912,2000,1959,1893,1870,1873,1848,1810,1800,1808,1872,1872,1897,1965,2007,2007,2007,2007,1894,1762,1723,1636,1591,1573,1541,1512,1480,1425,1416,1399,1428,1414,1417,1415,1374,1353,1374,1364,1304,1279,1300,1272,1290,1293,1226,1275,1220,1249,1257,1241,1231,1234,1257,1255,1236,1228,1245,1228,1177,1173,1217,1249,1217,1265,1317,1284,1220,1272,1255,1202,1223,1188,1214,1173,1185,1245,1243,1302,1358,1398,1428,1456
1408,1424,1439,1462,1502,1515,1544,1587,1608,1616,1607,1595,1596,1593,1588,1592,1596,1579,1586,1576,1568,1552,1527,1486,1444,1419,1360,1317,1261,1265,1217,1198,1217,1173,1205,1202,1214,1220,1208,1202,1195,1245,1214,1241,1241,1251,1272,1279,1279,1272,1307,1336,1365,1417,1460,1499,1542,1572,1606,1600,1577,1583,1608,1617,1631,1657,1655,1665,1700,1730,1713,1714,1706,1703,1696,1668,1666,1700,1696,1687,1669,1672,1679,1697,1704,1707,1714,1722,1721,1729,1735,1736,1746,1756,1752,1750,1741,1723,1722,1723,1740,1732,1728,1732,1742,1753,1770,1757,1729,1702,1663,1649,1701,1755,1784,1783,1780,1779,1788,1800,1824,1813,1775,1730,1701,1703,1702,1709,1732,1752,1770,1785,1783,1775,1763,1786,1873,1927,1914,1888,1839,1861,1868,1809,1811,1840,1888,1866,1900,1939,2007,2007,2007,2007,2007,1793,1670,1608,1607,1584,1556,1537,1479,1451,1428,1424,1450,1421,1402,1372,1364,1395,1399,1372,1324,1292,1297,1307,1274,1290,1272,1279,1245,1241,1249,1253,1228,1259,1261,1238,1251,1211,1236,1205,1177,1165,1198,1253,1228,1205,1259,1241,1195,1202,1208,1208,1202,1195,1214,1236,1211,1228,1257,1318,1357,1404,1435,1452
1403,1421,1436,1459,1501,1533,1538,1581,1609,1611,1608,1593,1588,1596,1583,1594,1587,1587,1588,1575,1562,1552,1519,1482,1451,1423,1376,1326,1285,1217,1223,1205,1198,1188,1214,1198,1223,1247,1249,1214,1211,1268,1241,1234,1245,1214,1238,1245,1275,1289,1300,1323,1351,1408,1447,1480,1530,1555,1588,1609,1593,1575,1591,1612,1616,1624,1638,1658,1667,1681,1692,1726,1723,1715,1712,1642,1615,1687,1716,1681,1670,1680,1690,1694,1701,1705,1716,1717,1723,1720,1735,1745,1748,1753,1753,1749,1736,1695,1671,1670,1708,1721,1723,1726,1722,1730,1743,1740,1710,1666,1626,1623,1690,1749,1780,1778,1771,1775,1777,1785,1797,1801,1775,1747,1736,1736,1728,1727,1744,1761,1771,1785,1786,1775,1770,1770,1775,1794,1830,1834,1797,1811,1812,1797,1811,1801,1838,1841,1867,1899,1996,2007,2007,2007,2007,1867,1699,1640,1638,1623,1625,1583,1542,1472,1454,1470,1490,1440,1402,1389,1357,1371,1351,1331,1314,1312,1282,1282,1265,1259,1274,1231,1236,1223,1238,1234,1220,1253,1238,1198,1223,1234,1226,1257,1263,1214,1181,1220,1208,1238,1277,1265,1214,1208,1165,1195,1173,1192,1223,1234,1181,1253,1251,1329,1365,1401,1439,1453
1409,1423,1446,1460,1498,1511,1539,1575,1612,1610,1609,1603,1591,1587,1591,1584,1591,1576,1581,1568,1562,1551,1536,1489,1450,1411,1375,1314,1285,1220,1247,1217,1177,1228,1188,1161,1195,1185,1208,1234,1208,1195,1234,1251,1226,1251,1255,1251,1287,1305,1297,1313,1352,1381,1432,1468,1505,1530,1554,1605,1605,1593,1595,1617,1621,1621,1624,1648,1667,1670,1689,1757,1753,1729,1739,1694,1667,1674,1685,1663,1652,1668,1685,1685,1691,1699,1704,1701,1705,1704,1712,1722,1739,1750,1753,1755,1745,1730,1717,1717,1726,1733,1735,1729,1726,1725,1725,1707,1675,1656,1648,1663,1697,1740,1750,1752,1762,1772,1775,1778,1784,1800,1805,1793,1775,1757,1750,1750,1751,1758,1781,1792,1786,1774,1765,1760,1763,1769,1781,1775,1730,1735,1734,1764,1775,1736,1738,1791,1840,1868,1941,2007,2007,2007,2007,1919,1748,1698,1715,1748,1716,1598,1544,1481,1462,1464,1463,1440,1402,1385,1366,1362,1325,1308,1312,1302,1279,1295,1282,1238,1267,1247,1249,1251,1236,1228,1238,1243,1223,1223,1223,1245,1220,1234,1228,1223,1236,1211,1181,1301,1393,1292,1226,1143,1195,1185,1185,1192,1217,1208,1205,1247,1298,1320,1368,1398,1443,1459
1411,1419,1427,1459,1485,1519,1535,1576,1604,1619,1605,1596,1590,1594,1590,1576,1583,1586,1576,1572,1565,1554,1538,1495,1465,1421,1387,1333,1279,1241,1188,1195,1211,1185,1208,1205,1226,1198,1234,1236,1214,1236,1234,1234,1257,1234,1217,1270,1255,1292,1297,1325,1325,1381,1427,1463,1501,1515,1539,1588,1610,1601,1588,1597,1609,1616,1624,1640,1659,1677,1681,1713,1717,1721,1717,1701,1693,1686,1674,1650,1632,1639,1659,1676,1687,1701,1701,1687,1665,1642,1650,1693,1726,1748,1754,1753,1752,1751,1749,1752,1754,1751,1739,1742,1744,1739,1732,1718,1698,1682,1687,1701,1730,1743,1729,1718,1745,1766,1778,1769,1777,1791,1812,1827,1807,1775,1765,1759,1734,1710,1768,1812,1798,1783,1757,1711,1704,1739,1757,1731,1713,1706,1684,1706,1732,1714,1726,1798,1833,1855,1899,1937,2007,2007,2007,1917,1774,1769,1769,1735,1630,1559,1488,1454,1439,1402,1405,1427,1417,1402,1372,1370,1334,1281,1281,1300,1297,1277,1272,1265,1245,1243,1265,1247,1202,1263,1177,1192,1165,1185,1249,1249,1208,1255,1211,1228,1208,1241,1211,1322,1366,1274,1195,1188,1173,1181,1195,1208,1198,1208,1223,1261,1301,1341,1362,1412,1439,1466
1405,1405,1430,1451,1477,1517,1532,1564,1599,1610,1608,1593,1589,1589,1589,1586,1575,1574,1573,1567,1564,1541,1536,1503,1443,1425,1381,1320,1282,1255,1202,1236,1127,1231,1188,1185,1211,1228,1188,1211,1245,1231,1223,1231,1241,1226,1228,1251,1270,1295,1270,1307,1329,1345,1409,1451,1481,1516,1544,1573,1603,1606,1590,1581,1583,1599,1624,1636,1644,1670,1677,1716,1705,1710,1720,1710,1707,1690,1689,1677,1649,1624,1627,1645,1683,1701,1701,1689,1633,1570,1574,1644,1715,1740,1753,1757,1757,1753,1757,1756,1757,1759,1758,1757,1754,1749,1742,1741,1731,1720,1722,1735,1752,1755,1742,1726,1741,1764,1761,1746,1749,1785,1808,1843,1834,1810,1785,1778,1756,1730,1783,1835,1838,1807,1761,1695,1664,1717,1750,1739,1721,1700,1640,1644,1691,1706,1732,1787,1828,1840,1861,1836,1860,1990,2007,1867,1780,1841,1756,1664,1574,1513,1490,1470,1443,1427,1425,1435,1434,1429,1380,1383,1358,1320,1272,1279,1304,1302,1282,1289,1272,1253,1249,1249,1217,1223,1236,1211,1177,1205,1249,1245,1211,1208,1214,1208,1223,1198,1139,1231,1228,1185,1195,1202,1173,1185,1181,1169,1198,1173,1228,1297,1302,1338,1376,1413,1442,1465
1404,1407,1433,1450,1463,1507,1522,1553,1590,1610,1601,1596,1588,1590,1585,1585,1586,1575,1572,1578,1571,1549,1533,1497,1463,1425,1393,1334,1257,1267,1249,1188,1211,1195,1188,1220,1157,1181,1220,1198,1249,1188,1238,1220,1249,1223,1236,1245,1274,1289,1298,1302,1314,1333,1384,1429,1468,1498,1526,1565,1573,1583,1582,1544,1555,1581,1607,1615,1633,1657,1675,1712,1703,1711,1726,1736,1739,1720,1700,1700,1673,1662,1669,1681,1704,1709,1722,1698,1631,1546,1544,1618,1705,1735,1749,1757,1751,1756,1760,1761,1765,1766,1765,1783,1781,1757,1755,1763,1757,1757,1754,1753,1761,1751,1732,1739,1759,1768,1761,1726,1720,1761,1795,1846,1873,1855,1812,1813,1806,1808,1850,1834,1834,1807,1776,1750,1730,1736,1757,1734,1705,1693,1655,1653,1679,1680,1706,1780,1842,1850,1867,1828,1817,1903,1873,1753,1721,1777,1705,1628,1548,1480,1488,1514,1494,1479,1461,1445,1441,1425,1401,1380,1384,1316,1290,1293,1302,1272,1295,1312,1334,1281,1263,1265,1243,1247,1228,1223,1253,1272,1236,1245,1231,1249,1214,1177,1185,1223,1211,1220,1169,1185,1169,1161,1173,1173,1226,1236,1181,1202,1223,1279,1292,1337,1391,1417,1442,1475
1416,1403,1433,1451,1453,1504,1514,1551,1588,1606,1597,1594,1591,1596,1583,1577,1578,1573,1573,1570,1565,1549,1528,1503,1476,1420,1396,1329,1285,1249,1223,1245,1211,1205,1205,1208,1188,1152,1208,1234,1198,1214,1231,1255,1251,1257,1238,1257,1255,1263,1263,1268,1316,1331,1375,1411,1436,1450,1488,1525,1548,1573,1571,1540,1542,1565,1586,1602,1637,1654,1663,1678,1691,1715,1743,1733,1719,1704,1674,1652,1652,1666,1688,1738,1779,1746,1726,1717,1663,1583,1582,1631,1706,1742,1761,1755,1754,1753,1759,1753,1760,1768,1771,1779,1774,1765,1770,1789,1781,1770,1773,1771,1759,1725,1702,1738,1764,1779,1772,1743,1722,1741,1770,1819,1872,1878,1834,1834,1829,1833,1852,1802,1790,1775,1749,1760,1760,1699,1710,1729,1722,1694,1637,1647,1687,1723,1743,1828,1928,1914,1901,1866,1847,1798,1676,1604,1592,1645,1672,1632,1563,1501,1513,1555,1545,1495,1437,1421,1427,1430,1410,1364,1374,1329,1285,1292,1290,1263,1282,1327,1330,1295,1290,1275,1263,1249,1247,1241,1277,1259,1247,1198,1228,1226,1208,1217,1198,1214,1243,1257,1234,1133,1185,1205,1205,1205,1177,1188,1253,1223,1245,1263,1298,1343,1403,1430,1451,1471
1401,1407,1429,1448,1458,1491,1513,1542,1576,1602,1608,1592,1588,1590,1581,1590,1573,1572,1572,1568,1562,1552,1528,1511,1466,1433,1399,1356,1298,1253,1245,1228,1165,1202,1177,1181,1181,1228,1192,1220,1220,1173,1208,1231,1236,1220,1238,1265,1275,1253,1267,1289,1298,1337,1364,1437,1457,1457,1460,1487,1531,1564,1569,1581,1592,1591,1596,1613,1630,1656,1666,1670,1689,1717,1750,1733,1711,1685,1653,1621,1628,1663,1740,1870,1900,1808,1732,1727,1715,1681,1656,1681,1718,1749,1762,1759,1747,1743,1752,1748,1752,1757,1770,1770,1767,1766,1770,1787,1790,1785,1770,1766,1756,1716,1723,1764,1783,1787,1786,1774,1746,1734,1741,1770,1835,1873,1843,1821,1822,1826,1813,1782,1773,1747,1699,1697,1729,1695,1724,1765,1781,1745,1680,1658,1694,1761,1824,1873,1948,1958,1943,1887,1832,1805,1682,1604,1566,1585,1655,1654,1620,1574,1576,1592,1551,1468,1422,1409,1401,1397,1395,1341,1398,1326,1289,1267,1277,1281,1259,1293,1300,1281,1249,1270,1243,1292,1241,1202,1223,1214,1251,1245,1205,1234,1195,1208,1192,1214,1236,1259,1198,1195,1181,1152,1198,1220,1130,1181,1181,1205,1241,1265,1300,1344,1406,1427,1458,1476
1409,1404,1422,1437,1440,1475,1504,1529,1569,1596,1597,1597,1579,1588,1576,1588,1574,1570,1569,1567,1557,1550,1529,1508,1477,1440,1395,1365,1285,1259,1185,1220,1211,1181,1217,1214,1157,1198,1202,1195,1211,1195,1214,1241,1234,1234,1251,1274,1282,1247,1267,1268,1292,1323,1399,1452,1457,1453,1472,1488,1516,1550,1575,1605,1635,1623,1597,1615,1630,1643,1672,1683,1682,1712,1734,1728,1714,1686,1657,1652,1653,1681,1764,1884,1891,1791,1741,1736,1743,1742,1743,1734,1729,1738,1735,1724,1678,1675,1711,1737,1758,1767,1758,1763,1765,1764,1771,1785,1794,1795,1787,1780,1771,1757,1771,1786,1792,1797,1792,1780,1757,1739,1733,1762,1806,1849,1833,1799,1793,1797,1789,1776,1775,1756,1718,1693,1698,1761,1840,1823,1841,1838,1739,1709,1733,1807,1888,1892,1920,1961,1956,1894,1783,1782,1725,1656,1616,1588,1636,1648,1646,1636,1652,1616,1523,1439,1421,1403,1390,1399,1376,1348,1377,1354,1275,1270,1275,1259,1268,1241,1279,1292,1263,1274,1270,1362,1297,1267,1234,1275,1272,1247,1211,1214,1198,1152,1220,1223,1202,1195,1148,1198,1220,1202,1185,1148,1185,1185,1208,1195,1247,1245,1301,1357,1397,1431,1454,1483
1408,1409,1432,1429,1449,1479,1512,1529,1567,1586,1589,1589,1588,1581,1585,1577,1574,1576,1565,1564,1553,1547,1540,1504,1475,1438,1393,1368,1309,1268,1231,1205,1226,1177,1223,1202,1198,1169,1195,1211,1169,1202,1173,1241,1226,1238,1236,1270,1268,1265,1281,1310,1313,1323,1388,1431,1450,1456,1447,1471,1506,1530,1563,1605,1633,1632,1597,1612,1629,1664,1678,1684,1663,1670,1685,1688,1683,1680,1681,1677,1687,1698,1727,1766,1762,1717,1694,1707,1737,1761,1769,1762,1745,1727,1707,1658,1591,1578,1630,1701,1752,1759,1761,1765,1761,1764,1773,1790,1802,1792,1794,1787,1789,1791,1797,1805,1805,1807,1806,1794,1784,1779,1775,1784,1806,1814,1795,1753,1754,1767,1771,1765,1781,1806,1780,1742,1685,1775,1880,1865,1874,1877,1783,1750,1851,1963,1992,1943,1935,1956,1929,1889,1854,1784,1684,1618,1622,1605,1639,1646,1658,1665,1642,1583,1521,1471,1439,1405,1404,1423,1365,1326,1338,1338,1295,1279,1292,1287,1275,1281,1342,1368,1309,1275,1268,1343,1300,1241,1272,1301,1298,1255,1205,1214,1185,1181,1173,1181,1188,1202,1181,1165,1139,1133,1173,1133,1122,1173,1202,1228,1234,1249,1309,1352,1404,1412,1443,1475
1417,1387,1415,1421,1450,1464,1496,1516,1564,1577,1593,1592,1587,1583,1585,1575,1567,1570,1566,1567,1555,1551,1536,1514,1472,1432,1404,1360,1310,1265,1247,1202,1205,1177,1188,1169,1220,1143,1188,1234,1217,1205,1220,1236,1202,1243,1231,1265,1257,1282,1307,1318,1298,1307,1344,1401,1421,1421,1419,1449,1482,1520,1554,1596,1625,1628,1608,1621,1633,1655,1667,1664,1655,1651,1661,1668,1669,1682,1690,1700,1697,1699,1713,1726,1742,1719,1670,1670,1718,1761,1771,1769,1751,1730,1704,1640,1570,1540,1559,1628,1721,1758,1765,1758,1769,1770,1780,1798,1808,1795,1798,1804,1807,1809,1818,1820,1813,1815,1813,1812,1807,1800,1791,1810,1864,1829,1767,1722,1728,1757,1762,1773,1811,1798,1774,1748,1718,1786,1867,1880,1896,1898,1847,1843,1933,2007,2007,1994,2007,2007,1949,1856,1867,1798,1667,1626,1616,1605,1612,1618,1618,1605,1567,1510,1472,1456,1430,1401,1408,1385,1363,1335,1312,1304,1310,1277,1275,1289,1295,1361,1383,1350,1325,1313,1272,1263,1281,1265,1275,1302,1279,1255,1243,1198,1205,1169,1148,1181,1177,1188,1161,1192,1181,1143,1192,1177,1208,1185,1152,1217,1241,1263,1322,1354,1405,1432,1456,1481
1417,1413,1419,1423,1433,1473,1492,1519,1548,1573,1591,1593,1587,1580,1574,1571,1563,1563,1571,1556,1561,1552,1539,1510,1478,1451,1422,1353,1316,1241,1251,1226,1238,1177,1205,1188,1192,1202,1188,1195,1226,1211,1211,1238,1220,1208,1257,1220,1274,1287,1297,1319,1297,1289,1333,1336,1351,1371,1395,1428,1470,1507,1539,1581,1619,1610,1591,1634,1645,1639,1651,1668,1664,1665,1652,1636,1645,1680,1692,1702,1709,1721,1756,1791,1822,1806,1777,1765,1760,1761,1761,1754,1743,1738,1714,1673,1622,1587,1578,1620,1715,1757,1765,1769,1771,1779,1790,1814,1813,1801,1806,1811,1823,1831,1839,1834,1830,1827,1826,1821,1816,1806,1794,1832,1924,1874,1792,1732,1731,1738,1749,1773,1785,1765,1766,1753,1764,1832,1909,1957,1973,1971,1960,1957,2003,2007,2007,2007,2007,2007,1985,1903,1824,1760,1695,1628,1602,1586,1590,1569,1546,1529,1515,1482,1441,1434,1432,1429,1400,1377,1354,1350,1337,1313,1297,1282,1263,1281,1326,1309,1323,1282,1310,1318,1307,1241,1217,1238,1236,1255,1236,1217,1192,1188,1195,1181,1202,1173,1139,1173,1148,1214,1188,1177,1173,1205,1165,1192,1208,1208,1247,1259,1331,1378,1402,1424,1444,1483
1427,1412,1416,1427,1440,1465,1487,1509,1540,1574,1590,1593,1580,1576,1576,1573,1562,1568,1569,1566,1565,1555,1533,1509,1473,1454,1417,1355,1308,1277,1234,1220,1228,1173,1236,1217,1208,1202,1220,1231,1228,1223,1185,1234,1220,1169,1236,1257,1282,1282,1310,1293,1305,1279,1297,1323,1348,1351,1388,1395,1439,1497,1522,1551,1616,1605,1573,1612,1638,1630,1652,1686,1681,1662,1622,1606,1647,1692,1708,1712,1719,1749,1779,1806,1833,1838,1833,1824,1812,1781,1769,1741,1725,1712,1705,1704,1694,1681,1676,1702,1739,1761,1768,1776,1774,1780,1787,1806,1821,1816,1808,1823,1831,1840,1852,1853,1850,1841,1836,1830,1813,1774,1761,1801,1853,1826,1777,1741,1761,1739,1708,1729,1722,1743,1762,1774,1826,1907,1984,2007,2007,2007,2007,2007,2007,2007,2007,2007,2007,1938,1867,1863,1852,1775,1694,1640,1603,1600,1610,1563,1523,1511,1495,1473,1466,1463,1446,1430,1402,1398,1371,1357,1327,1313,1287,1290,1308,1295,1290,1275,1287,1279,1259,1259,1279,1265,1255,1249,1272,1228,1231,1228,1220,1173,1148,1205,1161,1185,1169,1238,1181,1157,1177,1188,1202,1192,1202,1220,1226,1249,1241,1289,1338,1381,1419,1438,1460,1497
1422,1403,1417,1411,1440,1461,1485,1515,1543,1573,1588,1594,1589,1575,1572,1565,1556,1563,1563,1570,1560,1544,1530,1517,1490,1447,1425,1376,1319,1284,1249,1185,1165,1214,1177,1202,1211,1177,1181,1195,1236,1192,1195,1223,1223,1228,1192,1220,1243,1268,1251,1267,1284,1284,1297,1317,1326,1334,1360,1383,1410,1472,1508,1535,1591,1592,1569,1587,1615,1647,1668,1682,1690,1668,1630,1645,1681,1701,1711,1721,1742,1749,1757,1765,1786,1835,1868,1845,1818,1764,1740,1711,1683,1642,1645,1680,1717,1732,1742,1751,1761,1776,1775,1779,1775,1780,1783,1806,1819,1818,1810,1823,1829,1845,1857,1860,1856,1846,1828,1821,1808,1777,1765,1792,1786,1770,1738,1726,1749,1717,1674,1654,1645,1674,1728,1782,1823,1872,1989,2007,2007,2007,2007,2007,2007,2007,2007,2007,1999,1978,1931,1860,1813,1742,1693,1648,1582,1586,1596,1572,1540,1507,1477,1490,1472,1454,1430,1414,1398,1391,1378,1353,1333,1301,1302,1301,1287,1302,1268,1263,1263,1236,1214,1245,1234,1261,1297,1375,1367,1289,1205,1188,1211,1169,1217,1217,1205,1208,1177,1157,1217,1177,1173,1208,1208,1238,1198,1198,1223,1259,1251,1305,1335,1388,1426,1455,1471,1502
1429,1409,1415,1421,1438,1457,1486,1518,1534,1575,1596,1595,1590,1583,1563,1565,1552,1560,1561,1576,1569,1554,1537,1519,1497,1467,1432,1389,1318,1293,1241,1245,1195,1188,1211,1205,1231,1188,1214,1228,1198,1214,1217,1188,1195,1214,1214,1214,1202,1263,1253,1267,1275,1275,1284,1300,1322,1342,1354,1360,1394,1449,1493,1532,1562,1585,1567,1576,1604,1628,1649,1690,1729,1698,1663,1694,1703,1720,1731,1747,1746,1749,1748,1753,1778,1821,1856,1833,1764,1690,1660,1649,1615,1551,1558,1628,1708,1741,1758,1770,1778,1779,1782,1779,1773,1782,1790,1795,1808,1816,1812,1842,1839,1838,1851,1854,1847,1824,1809,1806,1807,1789,1761,1761,1791,1797,1787,1766,1762,1732,1701,1642,1611,1634,1697,1766,1760,1758,1902,2007,2007,2007,2007,2007,2007,2007,2007,2007,2007,2007,2007,1892,1777,1699,1651,1593,1541,1564,1588,1594,1575,1529,1468,1465,1456,1428,1411,1397,1390,1403,1406,1391,1348,1314,1313,1301,1289,1272,1267,1247,1241,1223,1211,1245,1259,1292,1341,1441,1452,1324,1249,1195,1188,1247,1275,1220,1181,1148,1198,1228,1195,1208,1181,1177,1211,1285,1223,1231,1241,1253,1231,1310,1348,1392,1433,1452,1496,1500
1428,1400,1414,1423,1437,1459,1485,1506,1542,1568,1589,1599,1589,1576,1574,1551,1550,1557,1558,1564,1566,1563,1543,1521,1492,1464,1419,1366,1337,1282,1205,1220,1214,1202,1195,1236,1192,1181,1249,1208,1231,1211,1198,1223,1226,1226,1217,1192,1205,1236,1261,1253,1223,1281,1275,1297,1293,1331,1330,1340,1382,1410,1438,1485,1517,1562,1580,1589,1598,1591,1613,1743,1847,1789,1714,1703,1706,1733,1754,1754,1746,1742,1744,1755,1772,1791,1791,1769,1732,1694,1659,1642,1574,1512,1529,1606,1704,1757,1770,1779,1789,1784,1780,1779,1779,1781,1780,1785,1795,1800,1809,1825,1836,1830,1835,1844,1843,1813,1797,1799,1804,1786,1733,1734,1795,1808,1819,1810,1793,1783,1727,1650,1606,1616,1651,1726,1787,1810,1927,2007,2007,2007,2007,2007,2007,2007,2007,2007,2007,2007,2007,1846,1734,1661,1590,1560,1554,1599,1623,1619,1603,1545,1482,1445,1415,1402,1388,1398,1405,1412,1440,1425,1357,1336,1309,1295,1274,1261,1267,1259,1263,1231,1238,1243,1245,1263,1275,1340,1348,1281,1217,1217,1181,1245,1284,1198,1173,1152,1214,1192,1195,1173,1185,1198,1185,1228,1214,1238,1265,1228,1238,1318,1351,1398,1434,1456,1491,1505
1434,1405,1409,1427,1445,1463,1483,1508,1538,1562,1590,1589,1590,1580,1571,1561,1542,1540,1557,1570,1569,1562,1554,1525,1498,1473,1429,1397,1342,1285,1249,1226,1169,1188,1161,1169,1208,1214,1217,1202,1188,1185,1198,1226,1195,1223,1220,1226,1241,1228,1236,1249,1268,1268,1272,1284,1293,1331,1323,1338,1357,1376,1421,1460,1504,1545,1574,1596,1582,1551,1598,1778,1899,1836,1721,1711,1715,1751,1805,1793,1756,1745,1748,1744,1756,1758,1757,1757,1745,1735,1722,1703,1626,1563,1575,1642,1722,1760,1776,1789,1791,1780,1779,1778,1775,1775,1784,1787,1789,1796,1807,1812,1817,1810,1808,1818,1848,1828,1802,1806,1809,1791,1742,1732,1808,1820,1831,1811,1779,1769,1730,1674,1634,1623,1654,1723,1872,1964,2007,2007,2007,2007,2007,2007,2007,2007,2007,2007,2007,2007,1963,1744,1671,1632,1565,1546,1552,1602,1628,1629,1609,1544,1506,1464,1410,1374,1383,1400,1418,1405,1404,1405,1355,1325,1307,1290,1272,1267,1251,1253,1228,1251,1257,1259,1214,1234,1238,1245,1243,1245,1205,1181,1181,1217,1208,1231,1177,1205,1157,1208,1214,1208,1165,1198,1192,1165,1198,1236,1217,1217,1279,1313,1357,1417,1445,1464,1492,1509
1456,1427,1416,1431,1441,1454,1473,1508,1523,1557,1593,1594,1597,1586,1573,1562,1537,1536,1538,1564,1569,1565,1552,1538,1512,1492,1451,1408,1354,1305,1263,1245,1211,1185,1236,1195,1214,1223,1234,1226,1198,1217,1217,1234,1202,1228,1231,1205,1220,1245,1247,1226,1275,1265,1274,1298,1289,1313,1320,1314,1346,1372,1392,1441,1501,1524,1547,1596,1602,1590,1638,1714,1783,1753,1706,1703,1714,1748,1819,1827,1772,1753,1753,1753,1750,1750,1753,1749,1755,1749,1741,1730,1685,1650,1662,1704,1741,1766,1772,1769,1765,1757,1753,1749,1748,1757,1762,1778,1782,1797,1810,1820,1817,1798,1757,1757,1803,1816,1821,1838,1843,1803,1775,1771,1817,1834,1838,1822,1775,1774,1779,1730,1691,1675,1685,1749,1932,2007,2007,2007,2007,2007,2007,2007,2007,2007,2007,2007,2007,1924,1790,1650,1600,1594,1557,1530,1531,1582,1623,1622,1620,1548,1517,1482,1417,1386,1385,1419,1415,1365,1343,1336,1338,1326,1285,1292,1272,1249,1265,1245,1261,1255,1220,1257,1247,1202,1217,1208,1173,1236,1195,1192,1214,1202,1208,1198,1192,1202,1188,1234,1185,1188,1188,1211,1177,1148,1169,1198,1243,1241,1287,1332,1386,1413,1451,1462,1483,1506
1466,1438,1424,1421,1434,1447,1470,1490,1516,1550,1572,1597,1595,1588,1586,1567,1547,1536,1538,1546,1563,1560,1560,1543,1528,1497,1460,1419,1381,1333,1257,1238,1226,1185,1143,1192,1188,1211,1223,1188,1226,1236,1188,1205,1234,1192,1202,1226,1220,1236,1234,1249,1255,1287,1272,1285,1295,1309,1323,1325,1319,1354,1375,1405,1451,1487,1517,1579,1597,1587,1629,1657,1689,1701,1693,1700,1707,1723,1778,1824,1791,1763,1750,1746,1752,1747,1745,1752,1749,1751,1742,1734,1718,1715,1720,1738,1763,1762,1766,1765,1757,1721,1695,1680,1687,1708,1727,1761,1786,1797,1817,1828,1809,1785,1732,1711,1761,1800,1821,1841,1846,1817,1809,1818,1826,1837,1849,1810,1761,1782,1771,1748,1729,1713,1750,1845,2007,2007,2007,2007,2007,2007,2007,2007,2007,2007,2007,2007,2007,1849,1710,1621,1555,1560,1555,1531,1558,1634,1610,1594,1566,1534,1505,1470,1429,1386,1398,1430,1393,1351,1338,1332,1316,1322,1285,1268,1253,1249,1238,1214,1234,1228,1238,1231,1236,1231,1228,1231,1188,1220,1169,1226,1220,1198,1208,1173,1157,1177,1169,1157,1161,1169,1133,1173,1161,1169,1161,1195,1214,1259,1287,1337,1366,1419,1436,1468,1485,1507
1491,1451,1434,1428,1433,1457,1456,1481,1524,1548,1581,1596,1603,1590,1583,1583,1565,1542,1539,1547,1564,1574,1554,1549,1530,1506,1473,1429,1389,1324,1267,1243,1220,1234,1228,1211,1214,1188,1228,1192,1181,1188,1234,1234,1185,1211,1223,1228,1241,1220,1226,1234,1263,1268,1261,1310,1289,1305,1316,1309,1324,1336,1346,1363,1398,1434,1488,1556,1597,1602,1617,1626,1660,1702,1689,1693,1697,1709,1733,1797,1824,1776,1756,1750,1738,1746,1744,1742,1749,1745,1744,1741,1738,1739,1742,1760,1760,1766,1766,1757,1736,1714,1696,1706,1714,1730,1747,1766,1786,1798,1811,1823,1818,1801,1760,1757,1771,1799,1819,1857,1900,1890,1853,1836,1846,1842,1820,1740,1732,1780,1771,1765,1748,1755,1825,1945,1994,1992,2007,2007,2007,2007,2007,2007,2007,2007,2007,2007,1933,1774,1669,1628,1576,1552,1545,1548,1572,1612,1582,1514,1485,1496,1507,1476,1426,1409,1404,1410,1367,1354,1318,1307,1308,1310,1300,1284,1267,1274,1247,1251,1231,1245,1234,1257,1214,1220,1220,1211,1223,1228,1228,1220,1198,1173,1208,1177,1177,1165,1192,1188,1165,1165,1139,1152,1161,1195,1185,1188,1214,1267,1325,1333,1387,1419,1452,1472,1500,1515
1517,1472,1437,1433,1442,1445,1474,1492,1505,1538,1568,1595,1596,1596,1589,1587,1575,1566,1552,1557,1568,1572,1570,1554,1537,1525,1485,1439,1415,1360,1290,1234,1211,1195,1231,1181,1195,1247,1217,1231,1234,1195,1223,1177,1211,1192,1217,1226,1198,1234,1234,1247,1255,1251,1247,1289,1267,1282,1314,1309,1293,1317,1329,1334,1371,1411,1463,1540,1578,1613,1626,1625,1656,1726,1690,1685,1702,1706,1730,1820,1896,1809,1769,1749,1747,1742,1745,1739,1742,1742,1740,1739,1741,1743,1750,1762,1770,1758,1752,1739,1723,1715,1723,1742,1751,1756,1764,1771,1785,1806,1813,1819,1819,1816,1804,1796,1770,1791,1824,1911,1980,1931,1860,1873,1894,1861,1819,1770,1774,1798,1806,1805,1806,1871,1975,2007,1955,1889,1963,2007,2007,2007,2007,2007,2007,2007,2007,2007,1854,1715,1667,1628,1586,1541,1520,1549,1550,1563,1543,1486,1454,1486,1490,1462,1421,1415,1402,1382,1358,1335,1304,1329,1305,1298,1268,1285,1268,1255,1265,1223,1231,1257,1228,1208,1245,1234,1223,1226,1217,1220,1247,1161,1181,1188,1157,1181,1198,1115,1211,1208,1161,1188,1202,1205,1173,1173,1181,1185,1198,1238,1322,1347,1391,1425,1458,1485,1501,1506
1526,1486,1459,1443,1436,1443,1470,1480,1505,1530,1558,1589,1597,1590,1590,1588,1587,1579,1571,1561,1565,1572,1571,1564,1542,1529,1499,1463,1415,1357,1312,1284,1231,1228,1214,1195,1211,1177,1238,1236,1226,1195,1217,1205,1223,1220,1226,1234,1231,1208,1220,1243,1214,1211,1274,1279,1287,1272,1287,1320,1297,1330,1326,1331,1345,1400,1431,1497,1545,1581,1613,1637,1653,1663,1675,1707,1778,1771,1733,1786,1860,1791,1765,1749,1746,1739,1736,1746,1743,1749,1743,1739,1736,1736,1747,1768,1779,1749,1727,1729,1717,1723,1730,1749,1758,1769,1770,1779,1781,1795,1813,1825,1825,1832,1819,1817,1803,1800,1817,1858,1890,1860,1855,1927,1914,1889,1863,1837,1852,1848,1866,1891,1960,2007,2007,2007,2007,2007,1943,2007,2007,2007,2007,2007,2007,2007,2007,2007,1789,1676,1651,1621,1582,1535,1500,1494,1510,1562,1519,1482,1480,1452,1485,1485,1498,1430,1399,1376,1345,1301,1312,1342,1350,1329,1293,1287,1279,1274,1263,1208,1272,1301,1301,1236,1228,1238,1236,1195,1211,1241,1231,1205,1152,1188,1211,1148,1177,1185,1177,1205,1185,1188,1192,1157,1181,1214,1214,1208,1214,1265,1320,1362,1407,1427,1450,1495,1503,1504
1544,1503,1460,1446,1425,1441,1466,1471,1500,1524,1549,1588,1595,1598,1598,1589,1592,1578,1579,1574,1575,1578,1573,1569,1554,1535,1503,1460,1425,1374,1324,1238,1217,1211,1255,1177,1195,1214,1223,1202,1202,1198,1236,1188,1238,1253,1208,1220,1208,1195,1255,1251,1211,1243,1261,1259,1255,1285,1317,1313,1309,1347,1355,1365,1368,1366,1415,1446,1508,1544,1574,1614,1647,1668,1687,1757,1905,1918,1808,1729,1718,1665,1652,1702,1736,1740,1736,1757,1769,1753,1755,1752,1750,1745,1735,1749,1740,1681,1677,1710,1730,1739,1750,1755,1765,1769,1770,1780,1786,1801,1831,1829,1818,1838,1858,1918,1935,1866,1820,1817,1818,1828,1844,1895,1915,1960,1913,1898,1884,1874,1921,2007,2007,2007,2007,2007,2007,2007,2007,2007,2007,2007,2007,2007,2007,2007,2007,2007,1769,1660,1621,1591,1557,1524,1490,1493,1514,1522,1478,1482,1491,1439,1451,1478,1490,1415,1380,1360,1332,1314,1295,1335,1329,1334,1292,1281,1267,1313,1282,1253,1247,1298,1290,1251,1188,1217,1220,1181,1245,1231,1226,1214,1202,1192,1217,1177,1173,1211,1169,1152,1188,1217,1202,1228,1226,1169,1198,1195,1257,1272,1325,1357,1407,1440,1466,1486,1505,1516
1560,1528,1477,1448,1447,1436,1458,1468,1502,1513,1541,1577,1595,1599,1596,1590,1597,1597,1591,1587,1580,1583,1577,1569,1549,1538,1503,1460,1432,1386,1344,1301,1211,1251,1198,1208,1247,1211,1228,1181,1185,1188,1245,1228,1195,1202,1217,1236,1198,1234,1214,1241,1228,1249,1265,1268,1290,1298,1304,1310,1320,1338,1364,1371,1350,1364,1387,1415,1452,1500,1539,1580,1633,1667,1697,1765,1912,1982,1886,1724,1666,1580,1553,1634,1705,1731,1739,1774,1780,1765,1760,1765,1755,1749,1738,1729,1669,1591,1611,1694,1745,1758,1760,1769,1774,1771,1774,1780,1797,1887,1974,1912,1831,1901,2007,2007,2007,1999,1852,1812,1818,1824,1851,1890,1910,2007,2007,1958,1908,1937,2007,2007,2007,2007,2007,2007,2007,2007,2007,2007,2007,2007,2007,2007,2007,2007,1988,1914,1749,1680,1638,1608,1581,1522,1490,1493,1481,1473,1474,1464,1476,1449,1463,1421,1412,1370,1352,1342,1320,1312,1316,1301,1334,1324,1319,1316,1355,1400,1292,1228,1214,1245,1243,1192,1234,1177,1165,1205,1202,1188,1165,1188,1161,1188,1139,1157,1188,1195,1173,1195,1181,1185,1198,1220,1243,1195,1231,1228,1279,1307,1357,1388,1419,1443,1461,1492,1510,1504
1561,1532,1496,1447,1432,1442,1445,1487,1499,1509,1540,1572,1596,1596,1598,1602,1604,1600,1593,1596,1584,1588,1584,1574,1562,1526,1510,1480,1434,1392,1338,1282,1231,1220,1217,1192,1169,1192,1165,1152,1157,1249,1205,1185,1236,1231,1202,1217,1228,1223,1195,1257,1226,1261,1263,1236,1297,1287,1309,1300,1298,1305,1332,1354,1351,1381,1378,1385,1416,1449,1482,1544,1596,1633,1668,1720,1808,1901,1863,1719,1673,1642,1624,1630,1667,1694,1715,1732,1736,1733,1730,1733,1748,1760,1745,1763,1706,1611,1639,1738,1763,1769,1773,1772,1774,1778,1772,1789,1809,1915,2000,1917,1865,2007,2007,2007,2007,2007,1890,1823,1816,1832,1868,1900,1960,2007,2007,1985,1976,2007,2007,2007,2007,2007,2007,2007,2007,2007,2007,1962,1958,1871,1833,1820,1851,1813,1749,1711,1685,1666,1628,1636,1621,1519,1488,1492,1470,1452,1462,1452,1439,1480,1475,1409,1374,1350,1343,1341,1327,1316,1337,1298,1329,1336,1305,1301,1352,1329,1253,1249,1223,1223,1274,1234,1181,1226,1208,1220,1295,1275,1238,1198,1188,1185,1217,1223,1177,1157,1192,1223,1188,1165,1198,1223,1220,1228,1217,1245,1290,1353,1381,1405,1419,1447,1464,1485,1506,1512
1563,1534,1498,1453,1439,1435,1443,1467,1500,1518,1527,1572,1588,1610,1602,1595,1594,1597,1598,1596,1591,1593,1580,1574,1567,1540,1515,1485,1441,1400,1358,1313,1253,1223,1198,1217,1208,1188,1195,1157,1226,1220,1211,1205,1198,1214,1185,1226,1214,1214,1238,1236,1270,1245,1289,1251,1270,1267,1275,1289,1297,1290,1309,1302,1338,1352,1356,1353,1377,1409,1450,1486,1544,1578,1625,1665,1658,1661,1696,1677,1661,1683,1695,1653,1672,1681,1694,1699,1704,1700,1709,1710,1730,1755,1750,1768,1728,1698,1735,1777,1773,1769,1768,1770,1771,1772,1777,1792,1813,1840,1868,1829,1861,2007,2007,2007,2007,2007,1892,1827,1807,1846,1882,1932,2007,2007,2007,2007,2007,2007,2007,2007,2007,2007,2007,2007,2007,2007,2007,1882,1780,1739,1711,1713,1706,1696,1657,1637,1649,1640,1584,1573,1566,1517,1498,1468,1444,1427,1429,1418,1427,1439,1425,1354,1345,1350,1327,1325,1290,1322,1300,1292,1308,1302,1297,1293,1253,1267,1259,1241,1231,1234,1226,1226,1217,1177,1277,1343,1391,1368,1308,1231,1185,1220,1220,1169,1165,1157,1139,1198,1169,1202,1205,1169,1192,1169,1249,1238,1281,1333,1381,1405,1439,1461,1486,1501,1515,1524
1545,1545,1506,1473,1443,1429,1439,1466,1493,1510,1534,1557,1589,1599,1602,1601,1604,1604,1605,1588,1591,1590,1583,1573,1553,1541,1520,1498,1460,1410,1340,1319,1270,1220,1208,1202,1195,1223,1188,1188,1214,1208,1236,1208,1231,1231,1226,1217,1198,1220,1234,1241,1281,1265,1268,1238,1261,1259,1292,1277,1268,1290,1295,1289,1327,1329,1323,1341,1344,1366,1425,1449,1476,1533,1573,1591,1582,1581,1605,1630,1636,1651,1667,1656,1673,1683,1689,1699,1704,1698,1699,1711,1717,1749,1800,1862,1796,1764,1818,1837,1793,1778,1768,1759,1753,1757,1779,1842,1909,1848,1817,1808,1835,1981,2007,2007,2007,1980,1858,1816,1778,1856,1892,1902,1968,2007,2007,2007,2007,2007,2007,2007,2007,2007,2007,2007,2005,1904,1882,1812,1699,1695,1664,1647,1636,1623,1601,1597,1610,1614,1596,1549,1543,1492,1450,1441,1423,1428,1415,1398,1407,1375,1354,1333,1332,1317,1326,1320,1324,1325,1304,1287,1285,1295,1263,1284,1290,1247,1259,1228,1234,1226,1214,1177,1205,1238,1323,1423,1440,1401,1344,1243,1185,1188,1177,1195,1217,1157,1205,1181,1181,1165,1157,1217,1173,1188,1236,1228,1292,1341,1374,1409,1421,1452,1493,1504,1510,1521
1538,1545,1516,1477,1455,1436,1436,1458,1484,1517,1528,1549,1578,1604,1604,1608,1597,1598,1604,1599,1592,1588,1578,1566,1557,1539,1521,1492,1466,1414,1364,1323,1292,1247,1231,1220,1205,1208,1177,1198,1192,1130,1192,1192,1198,1211,1195,1217,1228,1228,1241,1220,1249,1247,1270,1255,1253,1268,1282,1290,1281,1310,1308,1274,1302,1297,1307,1326,1337,1357,1383,1411,1444,1470,1518,1545,1565,1575,1605,1612,1606,1628,1650,1667,1682,1683,1694,1703,1701,1707,1697,1704,1719,1761,1886,1952,1836,1816,1913,1930,1814,1780,1770,1756,1722,1712,1766,1856,1940,1862,1806,1810,1819,1873,2000,1997,1911,1895,1835,1802,1801,1854,1879,1912,1912,1929,2007,2007,2007,2007,2007,2007,2007,2007,2007,1931,1836,1783,1797,1764,1712,1723,1694,1656,1617,1579,1569,1603,1634,1613,1573,1520,1506,1455,1417,1428,1411,1451,1491,1418,1374,1384,1371,1333,1332,1302,1322,1320,1324,1316,1277,1275,1295,1330,1307,1274,1298,1259,1241,1234,1195,1236,1226,1188,1211,1277,1282,1363,1394,1387,1323,1249,1173,1148,1226,1195,1169,1188,1157,1195,1188,1185,1192,1217,1192,1261,1228,1255,1310,1348,1395,1422,1437,1465,1491,1500,1523,1522
1516,1523,1514,1485,1458,1442,1449,1465,1482,1515,1532,1552,1582,1603,1607,1605,1602,1601,1603,1600,1586,1591,1587,1571,1569,1540,1522,1497,1465,1430,1377,1341,1314,1261,1211,1214,1198,1188,1220,1139,1181,1198,1211,1202,1195,1198,1223,1202,1223,1236,1226,1214,1238,1205,1249,1245,1257,1275,1257,1274,1295,1292,1292,1279,1295,1313,1301,1341,1342,1342,1347,1378,1399,1439,1508,1545,1538,1545,1574,1602,1596,1624,1654,1655,1674,1676,1667,1664,1656,1692,1704,1702,1708,1745,1804,1833,1817,1824,1839,1849,1828,1794,1778,1765,1734,1717,1765,1888,1980,1891,1807,1830,1818,1812,1868,1939,1896,1856,1807,1803,1838,1883,1939,2007,1998,1961,2007,2007,2007,2007,2007,2007,2007,2007,2007,1849,1770,1729,1724,1779,1785,1772,1715,1655,1607,1583,1555,1591,1625,1604,1543,1503,1503,1476,1424,1409,1402,1445,1495,1425,1360,1380,1374,1347,1337,1293,1310,1277,1310,1302,1297,1304,1347,1361,1302,1277,1275,1298,1236,1226,1217,1202,1202,1173,1249,1245,1228,1275,1317,1335,1279,1228,1208,1211,1231,1181,1202,1169,1208,1195,1152,1211,1161,1177,1192,1245,1223,1292,1312,1356,1405,1417,1448,1473,1493,1494,1510,1513
1485,1506,1510,1480,1467,1440,1457,1462,1481,1512,1538,1548,1580,1599,1615,1604,1615,1605,1607,1602,1597,1594,1584,1581,1569,1550,1530,1518,1471,1454,1415,1362,1324,1275,1241,1198,1202,1188,1205,1223,1208,1214,1211,1208,1177,1198,1226,1192,1234,1202,1245,1223,1214,1257,1243,1263,1257,1267,1259,1267,1268,1277,1313,1245,1284,1253,1300,1292,1307,1335,1316,1335,1381,1428,1485,1506,1514,1524,1545,1593,1609,1612,1628,1632,1645,1651,1629,1624,1638,1650,1667,1691,1704,1721,1745,1774,1788,1787,1797,1807,1825,1793,1809,1843,1794,1771,1784,1835,1867,1825,1812,1840,1834,1813,1858,1975,1942,1846,1789,1799,1872,1879,1948,2007,2007,2007,2007,2007,2007,2007,2003,1980,1988,1929,1821,1765,1691,1664,1742,1816,1882,1872,1731,1662,1588,1573,1545,1556,1566,1567,1547,1513,1512,1513,1470,1429,1421,1411,1407,1411,1360,1360,1387,1381,1329,1309,1298,1275,1309,1300,1327,1305,1308,1305,1263,1265,1284,1265,1267,1217,1214,1202,1236,1234,1300,1287,1228,1253,1220,1277,1245,1243,1185,1192,1165,1195,1214,1157,1115,1161,1192,1195,1148,1181,1198,1249,1247,1277,1345,1385,1424,1429,1452,1485,1500,1503,1510,1519
1462,1481,1511,1490,1466,1465,1460,1451,1472,1520,1538,1557,1573,1592,1608,1615,1611,1608,1599,1604,1598,1597,1590,1584,1573,1555,1535,1524,1501,1461,1435,1393,1354,1295,1238,1228,1228,1236,1217,1185,1181,1214,1192,1185,1161,1202,1223,1192,1188,1217,1202,1223,1231,1261,1214,1265,1275,1228,1257,1268,1293,1285,1300,1282,1290,1302,1301,1297,1300,1317,1304,1342,1385,1430,1499,1478,1471,1502,1519,1547,1570,1586,1594,1609,1629,1631,1623,1612,1621,1632,1655,1678,1693,1716,1742,1793,1846,1854,1861,1837,1809,1806,1851,1898,1832,1816,1820,1840,1835,1817,1805,1805,1806,1816,1842,1940,1939,1860,1796,1879,1949,1944,1939,2007,2007,2007,2007,2007,2007,2007,1905,1876,1820,1764,1724,1688,1637,1617,1692,1735,1843,1852,1720,1652,1548,1522,1543,1555,1543,1525,1512,1497,1503,1509,1484,1447,1429,1406,1384,1375,1335,1350,1390,1353,1320,1285,1300,1300,1307,1312,1322,1301,1279,1267,1243,1249,1270,1243,1236,1249,1238,1220,1185,1195,1305,1270,1228,1192,1243,1231,1226,1247,1173,1192,1198,1214,1226,1245,1243,1161,1211,1185,1165,1205,1228,1236,1284,1318,1344,1391,1428,1444,1467,1485,1497,1511,1515,1521
1450,1458,1492,1490,1480,1452,1450,1465,1461,1504,1522,1555,1562,1581,1604,1616,1611,1606,1602,1600,1601,1592,1589,1586,1574,1564,1554,1537,1507,1480,1455,1411,1358,1330,1272,1223,1236,1238,1192,1231,1185,1198,1226,1188,1188,1214,1247,1173,1228,1181,1217,1238,1195,1198,1241,1245,1226,1243,1247,1275,1285,1275,1282,1295,1272,1268,1290,1307,1285,1293,1314,1337,1362,1390,1415,1441,1438,1432,1451,1503,1541,1569,1572,1591,1617,1635,1612,1603,1605,1621,1642,1663,1688,1715,1763,1857,1969,2007,2007,1984,1886,1850,1835,1835,1840,1895,1970,2007,2007,1938,1859,1801,1780,1792,1791,1817,1834,1850,1939,2007,2007,2007,2007,1970,1974,2007,2007,2007,2007,1975,1819,1769,1744,1721,1676,1638,1594,1588,1643,1683,1726,1729,1670,1595,1510,1508,1523,1556,1573,1527,1477,1473,1509,1503,1463,1443,1415,1412,1370,1366,1332,1312,1338,1305,1301,1305,1302,1268,1312,1305,1292,1324,1285,1282,1309,1243,1253,1298,1270,1241,1226,1236,1208,1205,1220,1223,1231,1198,1211,1202,1188,1202,1165,1228,1192,1251,1228,1238,1241,1205,1208,1188,1217,1238,1245,1253,1289,1338,1374,1399,1432,1452,1467,1483,1508,1525,1529,1526
1429,1434,1473,1480,1470,1459,1458,1465,1473,1502,1530,1556,1567,1580,1597,1611,1616,1613,1609,1599,1601,1601,1593,1587,1586,1570,1567,1554,1519,1488,1461,1440,1383,1314,1282,1228,1202,1238,1177,1223,1231,1208,1188,1169,1181,1192,1173,1181,1185,1169,1192,1211,1202,1181,1228,1226,1251,1268,1263,1241,1245,1274,1255,1270,1301,1282,1268,1290,1281,1282,1285,1293,1326,1344,1362,1384,1402,1398,1430,1460,1488,1518,1545,1566,1587,1608,1596,1588,1603,1617,1628,1645,1679,1723,1799,1950,2007,2007,2007,2007,2007,1988,1944,1900,1955,2007,2007,2007,2007,2007,2007,1856,1789,1770,1761,1748,1783,1911,2007,2007,2007,2007,2007,2007,2007,2007,2007,2007,2007,2007,1805,1740,1721,1679,1628,1585,1557,1554,1594,1626,1630,1634,1600,1523,1481,1487,1512,1621,1670,1568,1512,1467,1511,1464,1429,1430,1425,1399,1375,1344,1319,1318,1301,1305,1297,1287,1284,1285,1295,1298,1275,1261,1290,1361,1352,1282,1259,1300,1270,1231,1223,1259,1202,1181,1173,1226,1211,1192,1181,1173,1208,1226,1208,1208,1202,1205,1181,1198,1202,1195,1188,1231,1205,1192,1192,1259,1285,1351,1386,1420,1450,1454,1467,1483,1503,1502,1522,1532
1398,1427,1458,1462,1472,1477,1461,1465,1468,1487,1508,1543,1567,1580,1594,1606,1614,1613,1610,1599,1607,1600,1589,1591,1588,1577,1575,1558,1541,1502,1466,1432,1395,1326,1300,1265,1241,1226,1195,1165,1205,1195,1220,1173,1177,1214,1198,1214,1181,1198,1226,1192,1223,1217,1226,1249,1257,1251,1217,1274,1243,1249,1289,1293,1267,1297,1287,1284,1298,1293,1292,1284,1312,1319,1324,1344,1367,1383,1403,1436,1457,1505,1503,1521,1548,1579,1577,1564,1579,1613,1627,1640,1666,1729,1868,2007,2007,2007,2007,2007,2007,2007,2007,2007,2007,2007,2007,2007,2007,2007,2007,1939,1818,1768,1753,1739,1812,2007,2007,2007,2007,2007,2007,2007,2007,2007,2007,2007,2007,1991,1792,1718,1694,1639,1584,1552,1538,1542,1562,1589,1581,1568,1526,1471,1454,1460,1532,1652,1643,1549,1503,1457,1497,1441,1401,1402,1427,1421,1435,1360,1305,1318,1290,1309,1309,1295,1275,1265,1274,1255,1253,1301,1350,1402,1325,1277,1274,1263,1257,1268,1275,1220,1223,1198,1148,1198,1247,1214,1202,1177,1238,1161,1136,1130,1177,1173,1211,1169,1185,1192,1181,1226,1185,1195,1253,1257,1325,1364,1399,1431,1452,1459,1477,1479,1496,1507,1522,1525
1424,1398,1435,1452,1461,1465,1462,1452,1472,1496,1512,1530,1564,1569,1590,1608,1611,1611,1608,1606,1602,1597,1596,1591,1590,1587,1580,1562,1544,1520,1480,1452,1405,1355,1305,1245,1220,1238,1214,1226,1173,1211,1198,1220,1223,1198,1181,1217,1188,1220,1214,1143,1202,1214,1208,1236,1231,1281,1272,1259,1265,1265,1272,1268,1279,1284,1268,1301,1293,1323,1275,1292,1282,1300,1313,1326,1336,1358,1390,1407,1473,1499,1473,1477,1523,1563,1583,1582,1586,1616,1627,1651,1687,1790,2007,2007,2007,2007,2007,2007,2007,2007,2007,2007,2007,2007,2007,2007,2007,2007,2007,2007,1837,1769,1746,1753,1850,2007,2007,2007,2007,2007,2007,2007,2007,2007,2007,2007,2007,1824,1715,1684,1662,1625,1575,1551,1548,1547,1555,1566,1570,1521,1485,1442,1448,1480,1569,1615,1569,1506,1447,1429,1448,1424,1391,1384,1396,1447,1422,1361,1325,1322,1309,1293,1277,1268,1274,1277,1247,1287,1275,1308,1348,1313,1287,1279,1261,1243,1231,1243,1247,1220,1231,1195,1177,1195,1211,1169,1202,1188,1195,1208,1198,1211,1143,1185,1169,1195,1136,1139,1188,1211,1205,1247,1257,1292,1343,1377,1413,1441,1461,1479,1487,1497,1502,1517,1526,1531
1410,1415,1432,1432,1450,1460,1450,1458,1468,1488,1512,1524,1554,1563,1577,1596,1609,1613,1604,1604,1589,1588,1585,1587,1579,1576,1578,1563,1548,1520,1491,1453,1415,1364,1322,1272,1270,1220,1236,1220,1234,1195,1205,1195,1169,1188,1211,1217,1192,1234,1208,1228,1205,1236,1220,1265,1243,1249,1267,1249,1257,1251,1272,1267,1270,1284,1297,1293,1300,1298,1301,1268,1277,1318,1287,1305,1333,1351,1372,1368,1418,1432,1425,1437,1471,1514,1587,1584,1577,1605,1624,1661,1727,1902,2007,2007,2007,2007,2007,2007,2007,2007,2007,2007,2007,2007,2007,2007,2007,2007,2007,2007,1897,1768,1742,1760,1833,2007,2007,2007,2007,2007,2007,2007,2007,1909,1869,1841,1756,1670,1657,1680,1661,1631,1596,1585,1625,1590,1580,1595,1567,1557,1503,1436,1467,1498,1570,1564,1519,1454,1400,1411,1411,1409,1391,1365,1345,1397,1353,1373,1350,1290,1290,1279,1277,1265,1267,1275,1279,1268,1259,1281,1326,1275,1292,1241,1257,1265,1234,1259,1234,1205,1198,1205,1226,1148,1226,1249,1188,1177,1177,1188,1169,1185,1177,1195,1188,1205,1173,1130,1185,1185,1202,1253,1300,1308,1377,1401,1430,1449,1468,1487,1501,1501,1517,1521,1533,1534
1409,1393,1416,1414,1425,1450,1450,1457,1463,1480,1501,1521,1561,1564,1582,1601,1610,1614,1605,1603,1603,1588,1588,1585,1578,1572,1579,1557,1552,1535,1501,1471,1421,1383,1353,1302,1253,1192,1228,1217,1177,1217,1202,1198,1181,1241,1188,1195,1202,1173,1223,1234,1226,1241,1220,1226,1245,1226,1234,1263,1274,1249,1255,1295,1287,1275,1297,1295,1298,1282,1279,1300,1284,1287,1309,1304,1319,1330,1330,1375,1402,1402,1415,1430,1436,1493,1530,1513,1532,1562,1599,1659,1748,1967,2007,2007,2007,2007,2007,2007,1997,2007,2007,2007,2007,2007,2007,2007,2007,2007,2007,2007,1934,1769,1732,1752,1793,1970,2007,1987,2003,2007,2007,2007,2007,1863,1764,1699,1631,1627,1660,1667,1651,1622,1580,1614,1670,1677,1680,1627,1564,1564,1506,1449,1466,1472,1484,1506,1491,1432,1414,1434,1422,1429,1376,1361,1342,1346,1377,1423,1333,1316,1297,1270,1297,1261,1247,1257,1270,1277,1270,1272,1282,1259,1249,1226,1234,1234,1223,1238,1255,1245,1214,1192,1181,1208,1214,1238,1234,1192,1228,1205,1220,1192,1208,1185,1211,1161,1202,1185,1211,1185,1198,1238,1292,1342,1395,1417,1434,1460,1484,1505,1512,1521,1514,1536,1540,1541
1402,1403,1405,1406,1418,1424,1444,1460,1473,1477,1489,1518,1550,1563,1574,1595,1607,1611,1606,1603,1599,1593,1592,1579,1569,1575,1556,1557,1551,1537,1513,1476,1448,1405,1363,1324,1275,1228,1236,1208,1226,1205,1226,1169,1188,1198,1198,1198,1211,1208,1217,1231,1198,1169,1205,1238,1243,1192,1253,1253,1234,1259,1255,1255,1279,1243,1292,1281,1270,1267,1274,1285,1272,1255,1308,1323,1298,1301,1346,1402,1436,1451,1451,1450,1470,1446,1487,1490,1512,1532,1581,1629,1701,1889,2007,2007,2007,2007,2007,2007,2007,2007,2007,2007,2007,2007,2007,2007,2007,2007,2007,2007,1918,1756,1722,1720,1748,1834,1977,2007,2007,2007,2007,2007,1935,1776,1689,1630,1589,1614,1644,1653,1631,1599,1571,1600,1695,1668,1629,1575,1518,1488,1458,1417,1419,1434,1441,1461,1439,1406,1457,1459,1401,1391,1392,1365,1341,1326,1332,1358,1317,1301,1307,1298,1290,1275,1295,1270,1275,1249,1265,1265,1243,1253,1238,1243,1202,1169,1161,1236,1202,1205,1217,1173,1202,1226,1255,1255,1214,1255,1255,1211,1226,1205,1208,1231,1185,1185,1192,1195,1177,1236,1223,1263,1326,1374,1404,1430,1461,1485,1498,1512,1514,1521,1536,1542,1542,1538
1408,1400,1395,1395,1415,1434,1454,1440,1456,1471,1492,1512,1541,1564,1571,1581,1601,1612,1606,1606,1595,1590,1584,1580,1574,1574,1570,1552,1553,1534,1520,1477,1447,1430,1380,1338,1300,1259,1231,1192,1202,1185,1177,1188,1192,1220,1198,1208,1236,1205,1217,1198,1231,1234,1234,1236,1241,1257,1241,1234,1251,1241,1261,1259,1259,1243,1259,1268,1274,1259,1272,1245,1285,1289,1295,1293,1302,1309,1357,1428,1441,1454,1453,1470,1506,1476,1501,1486,1504,1540,1558,1591,1663,1775,1894,1987,2006,1985,1981,1976,2007,2007,2007,2007,2007,2007,2007,2007,1919,2007,2007,2007,1834,1727,1695,1694,1718,1753,1832,1920,2000,2007,1968,1847,1746,1684,1632,1595,1583,1600,1616,1614,1606,1581,1549,1565,1657,1641,1614,1561,1503,1466,1429,1430,1403,1419,1433,1440,1409,1413,1558,1501,1393,1378,1425,1398,1357,1332,1308,1293,1301,1310,1341,1371,1293,1330,1350,1317,1265,1253,1234,1236,1249,1241,1245,1188,1228,1220,1241,1247,1238,1169,1220,1192,1208,1185,1223,1202,1247,1322,1298,1217,1234,1202,1185,1243,1223,1231,1185,1188,1214,1211,1243,1290,1334,1374,1416,1442,1464,1489,1509,1528,1523,1529,1541,1542,1544,1540
1428,1403,1401,1396,1419,1428,1447,1450,1465,1467,1478,1508,1528,1551,1566,1584,1593,1608,1603,1603,1604,1594,1586,1588,1580,1573,1565,1559,1553,1535,1518,1483,1459,1431,1399,1364,1318,1281,1259,1214,1236,1202,1214,1217,1185,1198,1188,1247,1157,1217,1236,1205,1238,1253,1198,1214,1249,1214,1234,1267,1274,1251,1267,1257,1251,1281,1281,1245,1263,1284,1277,1298,1275,1300,1316,1274,1290,1310,1345,1385,1422,1420,1426,1463,1543,1562,1556,1481,1506,1529,1556,1557,1656,1712,1737,1791,1815,1774,1785,1797,1807,1799,1805,1816,1841,1908,1945,1874,1809,1864,1862,1785,1711,1680,1663,1692,1695,1710,1707,1732,1761,1753,1720,1692,1659,1618,1581,1559,1573,1575,1589,1583,1568,1545,1545,1551,1627,1619,1578,1529,1470,1434,1413,1436,1427,1430,1403,1428,1439,1443,1512,1428,1351,1344,1366,1408,1403,1308,1298,1281,1287,1305,1323,1382,1322,1371,1350,1274,1259,1220,1251,1236,1257,1267,1257,1192,1217,1241,1214,1223,1214,1173,1220,1185,1205,1198,1198,1195,1181,1238,1249,1195,1198,1231,1241,1220,1211,1226,1169,1169,1234,1251,1279,1304,1364,1405,1431,1457,1481,1505,1516,1517,1535,1535,1539,1547,1549,1536
1433,1391,1395,1400,1402,1410,1440,1436,1454,1472,1487,1506,1516,1541,1560,1580,1588,1602,1607,1602,1597,1597,1585,1590,1584,1580,1571,1575,1559,1544,1529,1493,1475,1455,1415,1397,1341,1293,1259,1231,1205,1223,1223,1181,1188,1139,1202,1228,1188,1214,1181,1226,1238,1208,1185,1217,1202,1236,1249,1220,1253,1236,1251,1267,1257,1243,1275,1267,1263,1287,1292,1275,1285,1300,1314,1293,1275,1270,1313,1336,1365,1378,1374,1406,1469,1519,1485,1437,1463,1499,1502,1529,1615,1647,1659,1673,1701,1670,1680,1695,1687,1675,1671,1681,1691,1709,1746,1746,1697,1681,1670,1643,1621,1624,1630,1659,1653,1649,1618,1608,1618,1615,1604,1597,1587,1569,1544,1537,1548,1554,1548,1543,1526,1547,1608,1600,1574,1548,1501,1465,1434,1384,1395,1381,1402,1412,1375,1398,1407,1429,1416,1346,1327,1309,1323,1378,1329,1293,1261,1275,1272,1307,1304,1268,1265,1302,1265,1236,1265,1236,1257,1228,1241,1245,1241,1238,1241,1261,1251,1247,1236,1223,1214,1205,1181,1208,1169,1152,1161,1228,1257,1245,1177,1220,1157,1198,1165,1185,1195,1205,1223,1257,1295,1337,1377,1415,1441,1468,1491,1502,1524,1521,1534,1539,1543,1544,1552,1534
1426,1412,1398,1402,1412,1416,1420,1429,1454,1465,1487,1505,1510,1537,1570,1581,1585,1596,1596,1591,1591,1592,1595,1589,1583,1584,1578,1573,1568,1560,1534,1508,1493,1449,1432,1390,1346,1317,1267,1245,1234,1223,1205,1208,1165,1205,1198,1185,1161,1231,1208,1211,1214,1205,1202,1243,1220,1226,1202,1234,1253,1279,1247,1236,1247,1255,1243,1281,1228,1249,1270,1268,1287,1272,1289,1268,1261,1265,1282,1292,1289,1308,1333,1341,1377,1391,1393,1402,1406,1429,1429,1472,1563,1606,1628,1637,1620,1597,1603,1620,1661,1664,1628,1616,1608,1604,1601,1549,1557,1588,1590,1565,1570,1576,1574,1598,1607,1575,1543,1546,1552,1543,1542,1529,1537,1536,1531,1538,1529,1501,1493,1495,1528,1541,1573,1568,1490,1445,1425,1421,1393,1372,1375,1371,1371,1368,1356,1384,1380,1402,1387,1355,1304,1313,1284,1295,1277,1281,1267,1251,1275,1322,1352,1285,1261,1243,1241,1211,1226,1208,1245,1259,1259,1217,1211,1243,1251,1265,1255,1192,1247,1205,1195,1205,1195,1208,1192,1205,1181,1136,1208,1202,1211,1195,1192,1148,1223,1136,1236,1249,1228,1251,1297,1371,1398,1438,1458,1487,1499,1518,1528,1530,1534,1534,1544,1540,1537,1524
1429,1417,1409,1419,1402,1413,1417,1440,1445,1458,1476,1492,1510,1534,1557,1580,1582,1593,1597,1597,1597,1598,1596,1590,1586,1582,1588,1579,1589,1564,1554,1523,1511,1475,1438,1405,1365,1340,1297,1259,1251,1238,1181,1198,1211,1205,1202,1214,1185,1165,1173,1136,1195,1198,1198,1211,1217,1223,1202,1173,1253,1274,1285,1249,1251,1253,1261,1245,1284,1265,1234,1277,1272,1263,1275,1274,1265,1270,1279,1263,1304,1275,1289,1324,1331,1354,1355,1380,1390,1393,1395,1429,1480,1530,1564,1570,1536,1531,1543,1605,1655,1644,1588,1548,1544,1546,1529,1500,1514,1555,1552,1527,1531,1527,1519,1530,1550,1514,1483,1491,1502,1514,1496,1488,1484,1513,1493,1505,1482,1449,1438,1449,1467,1465,1496,1490,1434,1422,1405,1390,1358,1360,1353,1365,1361,1378,1410,1411,1386,1400,1387,1332,1313,1316,1292,1304,1285,1251,1281,1259,1267,1285,1314,1301,1268,1247,1231,1226,1220,1202,1223,1274,1217,1198,1202,1177,1231,1177,1257,1226,1188,1198,1214,1169,1208,1152,1188,1195,1220,1169,1198,1161,1192,1161,1152,1192,1205,1228,1255,1220,1263,1302,1347,1397,1417,1435,1475,1499,1513,1521,1525,1528,1541,1543,1539,1540,1527,1520
1451,1429,1421,1404,1409,1393,1427,1427,1443,1455,1478,1493,1512,1534,1546,1575,1584,1598,1601,1603,1599,1594,1597,1592,1586,1581,1582,1589,1587,1575,1575,1553,1534,1504,1453,1427,1395,1345,1326,1268,1243,1241,1234,1220,1198,1217,1211,1188,1205,1198,1211,1226,1217,1220,1202,1211,1226,1214,1234,1223,1238,1268,1275,1238,1243,1259,1247,1247,1281,1243,1281,1275,1265,1257,1267,1217,1270,1281,1329,1282,1292,1301,1313,1292,1329,1340,1345,1354,1371,1386,1387,1398,1417,1437,1469,1482,1473,1477,1505,1581,1622,1623,1564,1490,1515,1504,1510,1486,1492,1502,1503,1487,1486,1478,1466,1467,1467,1454,1437,1443,1472,1474,1464,1480,1472,1453,1460,1472,1429,1420,1419,1435,1443,1424,1445,1421,1400,1384,1395,1368,1343,1357,1348,1348,1386,1494,1538,1482,1421,1393,1398,1345,1314,1292,1279,1282,1243,1255,1253,1265,1268,1282,1310,1281,1268,1270,1234,1185,1226,1245,1234,1245,1202,1192,1247,1214,1208,1205,1253,1247,1223,1234,1205,1208,1177,1228,1181,1192,1226,1188,1208,1185,1208,1173,1198,1188,1165,1198,1236,1255,1261,1324,1376,1420,1429,1465,1484,1505,1512,1523,1543,1541,1541,1535,1531,1526,1518,1515
1472,1441,1417,1405,1410,1402,1405,1429,1431,1453,1485,1501,1507,1523,1532,1564,1578,1603,1596,1606,1602,1600,1596,1594,1591,1586,1587,1591,1585,1576,1573,1568,1554,1524,1491,1450,1419,1384,1346,1290,1257,1234,1211,1238,1208,1161,1208,1169,1223,1161,1173,1185,1211,1188,1188,1198,1198,1223,1208,1238,1247,1253,1238,1265,1272,1249,1251,1275,1259,1259,1255,1238,1263,1261,1279,1263,1279,1298,1313,1316,1267,1305,1272,1309,1310,1323,1332,1330,1352,1362,1364,1372,1390,1390,1417,1421,1430,1452,1458,1525,1563,1547,1486,1450,1462,1454,1483,1477,1468,1461,1447,1453,1440,1445,1423,1430,1425,1408,1405,1420,1422,1430,1473,1525,1510,1446,1419,1407,1399,1393,1426,1444,1449,1438,1433,1408,1377,1377,1364,1351,1343,1341,1342,1376,1446,1550,1460,1394,1357,1353,1346,1338,1310,1284,1263,1267,1238,1259,1274,1275,1281,1241,1272,1287,1234,1236,1217,1220,1226,1253,1234,1234,1249,1173,1217,1217,1208,1226,1214,1181,1228,1238,1157,1192,1165,1231,1195,1157,1214,1217,1257,1192,1198,1238,1192,1228,1228,1185,1228,1265,1298,1338,1408,1427,1448,1473,1499,1516,1527,1532,1544,1542,1548,1534,1529,1517,1508,1517
1473,1454,1428,1416,1405,1400,1419,1429,1434,1448,1474,1501,1501,1522,1539,1555,1574,1590,1600,1607,1604,1597,1592,1590,1594,1589,1588,1588,1591,1582,1578,1566,1555,1541,1503,1472,1451,1411,1363,1309,1272,1241,1226,1214,1214,1202,1236,1177,1181,1181,1234,1169,1198,1208,1177,1195,1205,1211,1195,1220,1228,1214,1247,1236,1263,1265,1257,1267,1245,1253,1253,1279,1261,1251,1274,1270,1247,1255,1281,1274,1284,1279,1287,1320,1313,1308,1312,1322,1335,1360,1346,1355,1356,1371,1380,1390,1395,1413,1427,1451,1467,1464,1438,1429,1419,1425,1429,1450,1461,1436,1436,1409,1419,1415,1418,1403,1387,1380,1398,1404,1405,1417,1430,1443,1445,1413,1387,1381,1394,1376,1432,1516,1486,1455,1443,1405,1368,1358,1355,1333,1338,1341,1335,1445,1517,1482,1382,1335,1309,1308,1313,1312,1318,1284,1267,1257,1259,1261,1255,1290,1267,1259,1243,1253,1228,1226,1214,1181,1231,1245,1228,1217,1217,1234,1208,1202,1177,1169,1173,1238,1223,1205,1202,1192,1195,1211,1238,1205,1223,1267,1281,1198,1177,1195,1169,1202,1238,1234,1257,1295,1330,1376,1427,1439,1471,1491,1513,1523,1537,1544,1553,1543,1552,1546,1530,1515,1508,1530
1482,1441,1432,1414,1409,1405,1406,1412,1431,1439,1473,1486,1517,1526,1532,1548,1570,1586,1600,1608,1600,1603,1602,1599,1602,1589,1583,1588,1587,1596,1586,1576,1565,1556,1530,1504,1463,1442,1394,1345,1317,1274,1231,1236,1220,1177,1208,1177,1188,1185,1192,1214,1185,1185,1205,1208,1161,1202,1211,1236,1214,1220,1202,1255,1241,1228,1268,1243,1226,1234,1257,1270,1231,1255,1281,1274,1247,1241,1277,1268,1265,1290,1300,1301,1297,1326,1313,1310,1333,1334,1340,1338,1341,1342,1343,1358,1374,1390,1395,1417,1415,1413,1413,1417,1418,1422,1436,1435,1438,1415,1402,1396,1398,1394,1399,1380,1375,1394,1375,1399,1387,1390,1387,1372,1386,1395,1392,1366,1363,1365,1395,1434,1435,1421,1395,1394,1362,1336,1345,1324,1336,1323,1326,1401,1440,1394,1336,1312,1298,1301,1307,1309,1290,1270,1277,1277,1272,1231,1255,1255,1255,1257,1220,1257,1247,1247,1249,1195,1234,1234,1226,1165,1238,1214,1211,1217,1214,1214,1181,1205,1231,1169,1181,1173,1217,1208,1236,1181,1161,1185,1241,1211,1205,1195,1231,1220,1208,1241,1268,1301,1355,1411,1431,1462,1482,1502,1527,1528,1540,1539,1543,1554,1555,1544,1531,1517,1529,1552
1494,1463,1439,1416,1409,1405,1402,1413,1424,1434,1457,1482,1504,1528,1532,1545,1570,1587,1601,1607,1607,1604,1610,1605,1597,1594,1593,1595,1593,1595,1586,1588,1569,1552,1537,1512,1491,1466,1418,1374,1319,1281,1249,1234,1195,1188,1208,1157,1231,1208,1208,1198,1214,1214,1228,1226,1220,1195,1205,1245,1228,1223,1231,1243,1228,1234,1270,1241,1223,1241,1249,1251,1265,1261,1277,1247,1257,1279,1270,1270,1275,1268,1295,1295,1290,1287,1304,1298,1292,1319,1330,1335,1323,1336,1343,1355,1368,1368,1376,1385,1393,1397,1385,1395,1394,1425,1434,1427,1409,1384,1374,1356,1388,1360,1364,1368,1347,1357,1382,1368,1384,1364,1371,1367,1366,1370,1389,1404,1388,1378,1371,1381,1381,1396,1381,1354,1350,1331,1322,1347,1300,1316,1324,1318,1350,1343,1320,1308,1298,1310,1305,1289,1295,1270,1259,1274,1255,1267,1257,1245,1261,1277,1234,1220,1255,1263,1220,1223,1245,1228,1251,1211,1220,1165,1261,1251,1188,1220,1223,1211,1192,1208,1236,1208,1198,1226,1231,1185,1181,1173,1241,1185,1195,1185,1245,1205,1220,1247,1292,1336,1395,1422,1438,1460,1495,1518,1535,1540,1544,1539,1552,1556,1548,1548,1528,1535,1551,1559
1512,1467,1443,1419,1413,1387,1404,1402,1413,1419,1452,1469,1516,1526,1540,1546,1569,1585,1597,1615,1619,1608,1608,1601,1603,1603,1595,1594,1594,1593,1588,1590,1579,1567,1545,1530,1508,1472,1443,1413,1366,1313,1270,1245,1226,1236,1208,1192,1198,1226,1228,1217,1157,1205,1223,1208,1198,1177,1226,1202,1169,1185,1228,1234,1220,1238,1251,1257,1259,1251,1259,1241,1251,1265,1277,1241,1234,1255,1253,1282,1293,1247,1292,1275,1289,1302,1307,1277,1300,1292,1331,1326,1320,1342,1346,1344,1342,1362,1366,1355,1373,1368,1365,1380,1378,1380,1399,1370,1366,1350,1357,1352,1355,1356,1357,1361,1341,1357,1362,1360,1340,1356,1350,1367,1330,1362,1388,1402,1398,1391,1382,1375,1368,1367,1353,1333,1348,1342,1329,1320,1320,1298,1322,1330,1325,1323,1336,1310,1316,1292,1301,1285,1305,1289,1272,1263,1281,1251,1234,1247,1318,1364,1274,1228,1263,1247,1231,1220,1249,1208,1223,1214,1202,1228,1231,1241,1195,1231,1214,1217,1192,1208,1208,1198,1185,1238,1211,1177,1195,1247,1202,1220,1208,1247,1310,1277,1255,1241,1310,1358,1408,1445,1467,1481,1513,1521,1533,1540,1550,1543,1546,1565,1563,1546,1537,1543,1560,1584
1513,1476,1458,1428,1419,1397,1390,1395,1399,1403,1423,1456,1485,1516,1529,1559,1565,1585,1603,1613,1616,1616,1618,1604,1606,1605,1596,1605,1604,1592,1598,1591,1573,1568,1562,1546,1527,1493,1472,1430,1398,1352,1300,1275,1226,1214,1226,1192,1211,1181,1211,1208,1152,1192,1220,1220,1185,1217,1181,1195,1208,1220,1211,1243,1223,1223,1257,1251,1228,1241,1236,1245,1267,1245,1251,1257,1243,1251,1255,1257,1267,1255,1255,1268,1289,1284,1295,1293,1287,1302,1300,1304,1318,1327,1313,1323,1346,1355,1337,1353,1354,1354,1352,1364,1372,1371,1380,1377,1354,1344,1342,1331,1336,1355,1396,1395,1353,1337,1347,1356,1338,1340,1350,1350,1343,1342,1362,1385,1364,1395,1404,1375,1363,1350,1329,1327,1327,1325,1330,1331,1317,1316,1290,1325,1301,1330,1348,1316,1302,1277,1281,1298,1292,1275,1255,1263,1274,1290,1265,1245,1289,1307,1277,1263,1277,1290,1255,1234,1282,1255,1198,1249,1243,1245,1245,1185,1223,1226,1205,1188,1220,1217,1165,1139,1152,1181,1188,1161,1169,1188,1223,1217,1265,1228,1314,1253,1265,1301,1346,1385,1423,1452,1476,1504,1513,1530,1543,1545,1548,1546,1558,1572,1552,1560,1551,1556,1576,1579
1528,1496,1472,1432,1435,1410,1404,1404,1410,1402,1421,1440,1471,1509,1534,1558,1570,1575,1596,1608,1623,1623,1617,1605,1608,1598,1595,1601,1597,1598,1597,1595,1584,1578,1574,1557,1540,1514,1495,1456,1422,1373,1331,1293,1249,1247,1211,1234,1228,1202,1185,1223,1208,1198,1214,1205,1228,1188,1238,1202,1205,1211,1223,1220,1220,1220,1217,1243,1243,1236,1270,1263,1275,1277,1268,1267,1259,1255,1243,1259,1247,1275,1285,1255,1292,1281,1282,1270,1270,1287,1295,1301,1308,1323,1323,1334,1332,1331,1336,1330,1343,1343,1348,1344,1337,1344,1396,1374,1326,1344,1334,1327,1351,1374,1409,1413,1337,1335,1346,1323,1350,1363,1343,1325,1322,1338,1385,1374,1351,1362,1381,1377,1337,1326,1309,1305,1322,1324,1336,1313,1323,1317,1293,1287,1305,1317,1318,1312,1270,1243,1282,1275,1298,1274,1281,1268,1270,1290,1301,1268,1255,1247,1259,1231,1261,1267,1217,1231,1220,1253,1214,1220,1236,1198,1214,1245,1195,1192,1198,1195,1181,1173,1169,1157,1226,1208,1208,1214,1211,1205,1211,1148,1226,1234,1275,1270,1277,1322,1366,1409,1436,1464,1482,1510,1518,1528,1530,1535,1541,1556,1567,1566,1567,1557,1559,1566,1569,1569
1546,1509,1493,1451,1430,1405,1409,1398,1390,1388,1402,1419,1449,1485,1511,1542,1564,1568,1589,1603,1613,1628,1622,1618,1599,1599,1602,1597,1596,1603,1596,1595,1599,1584,1575,1565,1553,1535,1517,1490,1449,1412,1382,1317,1293,1241,1234,1192,1169,1177,1226,1211,1192,1236,1195,1202,1136,1165,1157,1234,1217,1208,1202,1231,1253,1217,1220,1245,1251,1257,1259,1279,1277,1270,1277,1274,1241,1253,1263,1228,1265,1272,1275,1268,1272,1255,1284,1290,1274,1298,1268,1301,1293,1309,1308,1313,1316,1352,1332,1308,1345,1326,1342,1330,1324,1325,1318,1333,1320,1325,1331,1312,1325,1341,1354,1366,1332,1335,1322,1341,1360,1372,1363,1341,1331,1343,1366,1337,1336,1336,1376,1336,1319,1300,1316,1298,1337,1381,1355,1314,1316,1308,1298,1290,1287,1289,1300,1270,1263,1277,1277,1281,1318,1284,1272,1251,1301,1352,1385,1383,1289,1243,1259,1231,1257,1261,1234,1226,1226,1236,1202,1188,1173,1208,1157,1148,1228,1195,1223,1161,1173,1185,1169,1177,1130,1198,1177,1198,1169,1195,1208,1205,1211,1223,1245,1241,1300,1363,1383,1435,1448,1473,1489,1512,1513,1522,1530,1529,1538,1548,1568,1568,1563,1565,1571,1578,1572,1567
1552,1528,1509,1471,1434,1424,1413,1388,1384,1391,1394,1417,1438,1460,1495,1528,1558,1569,1574,1589,1609,1624,1622,1614,1605,1605,1601,1602,1600,1600,1598,1602,1595,1589,1585,1571,1563,1555,1529,1513,1492,1434,1412,1347,1325,1279,1249,1228,1251,1195,1177,1223,1157,1205,1214,1234,1143,1205,1223,1211,1211,1198,1228,1173,1205,1220,1208,1202,1243,1261,1245,1274,1284,1255,1241,1265,1253,1249,1267,1243,1263,1282,1272,1261,1259,1289,1275,1265,1279,1302,1300,1292,1268,1272,1285,1313,1329,1347,1347,1336,1331,1333,1336,1325,1326,1322,1330,1317,1333,1302,1310,1322,1318,1320,1331,1322,1332,1312,1333,1333,1398,1421,1414,1417,1405,1354,1313,1320,1344,1341,1319,1304,1316,1320,1307,1331,1366,1377,1323,1301,1282,1293,1295,1297,1295,1295,1282,1275,1274,1270,1245,1275,1300,1289,1247,1274,1293,1350,1412,1438,1298,1265,1263,1261,1217,1211,1238,1217,1234,1217,1165,1217,1217,1202,1208,1139,1202,1198,1192,1205,1169,1192,1169,1223,1165,1231,1205,1188,1177,1241,1205,1226,1192,1247,1243,1285,1334,1386,1423,1452,1460,1487,1502,1515,1517,1511,1516,1523,1530,1548,1571,1563,1563,1571,1570,1580,1573,1568
1563,1548,1517,1488,1453,1423,1411,1405,1381,1396,1392,1399,1404,1448,1470,1526,1549,1555,1582,1592,1608,1626,1624,1613,1616,1608,1602,1600,1614,1601,1601,1601,1602,1597,1589,1578,1584,1562,1543,1529,1504,1472,1438,1386,1351,1305,1255,1241,1211,1198,1195,1198,1152,1205,1220,1231,1236,1181,1195,1228,1226,1192,1161,1245,1228,1236,1231,1231,1251,1259,1267,1265,1277,1277,1261,1253,1285,1261,1268,1255,1277,1263,1251,1251,1263,1272,1261,1263,1265,1287,1275,1277,1285,1289,1281,1317,1322,1317,1337,1312,1314,1305,1304,1320,1322,1301,1309,1320,1298,1325,1312,1304,1331,1316,1322,1313,1323,1318,1309,1335,1401,1438,1405,1449,1453,1371,1325,1324,1345,1326,1317,1302,1308,1325,1310,1300,1325,1334,1289,1297,1289,1282,1287,1275,1279,1287,1251,1253,1279,1289,1292,1253,1275,1270,1253,1255,1267,1282,1316,1345,1335,1290,1255,1268,1205,1243,1220,1217,1231,1228,1143,1226,1198,1195,1143,1165,1188,1202,1205,1202,1220,1173,1211,1157,1192,1217,1157,1208,1223,1181,1220,1205,1198,1257,1275,1329,1352,1406,1429,1450,1476,1497,1507,1516,1519,1523,1519,1521,1516,1544,1553,1556,1564,1564,1577,1580,1566,1555
1570,1555,1532,1496,1450,1436,1432,1398,1398,1377,1385,1384,1401,1435,1467,1512,1535,1565,1572,1576,1593,1613,1628,1622,1614,1606,1605,1604,1608,1603,1600,1607,1595,1590,1595,1593,1588,1579,1559,1542,1517,1492,1457,1429,1389,1336,1290,1259,1234,1217,1228,1247,1214,1231,1205,1181,1188,1226,1188,1249,1217,1241,1202,1205,1223,1198,1245,1243,1257,1255,1236,1228,1253,1261,1257,1223,1253,1270,1265,1236,1249,1243,1220,1261,1274,1275,1282,1281,1270,1275,1251,1259,1282,1284,1285,1298,1310,1325,1346,1336,1331,1313,1309,1324,1331,1301,1304,1314,1322,1297,1302,1314,1309,1322,1319,1316,1312,1324,1325,1337,1394,1438,1385,1348,1330,1310,1317,1312,1300,1324,1292,1309,1300,1308,1314,1298,1277,1284,1285,1297,1297,1293,1268,1275,1268,1259,1279,1274,1290,1275,1257,1268,1277,1251,1270,1268,1236,1238,1263,1323,1346,1253,1245,1257,1217,1192,1181,1198,1223,1214,1198,1236,1211,1208,1161,1165,1220,1217,1177,1214,1177,1217,1198,1226,1165,1173,1177,1223,1195,1198,1238,1243,1251,1281,1317,1338,1394,1434,1463,1481,1485,1512,1513,1523,1534,1539,1543,1542,1538,1544,1557,1561,1570,1574,1571,1570,1555,1557
1575,1568,1543,1511,1478,1452,1427,1410,1392,1399,1374,1396,1398,1419,1448,1492,1522,1556,1573,1586,1591,1596,1615,1619,1624,1608,1603,1605,1610,1605,1604,1606,1597,1607,1596,1590,1592,1587,1576,1557,1538,1514,1477,1440,1416,1372,1327,1282,1255,1211,1220,1223,1165,1223,1208,1188,1241,1161,1220,1208,1188,1211,1220,1205,1208,1208,1251,1238,1220,1259,1211,1223,1253,1241,1243,1272,1234,1270,1238,1249,1247,1267,1255,1267,1253,1241,1253,1261,1285,1265,1290,1274,1268,1261,1277,1265,1293,1323,1338,1344,1298,1298,1320,1304,1309,1292,1284,1316,1298,1327,1319,1298,1309,1312,1295,1319,1309,1336,1316,1342,1390,1402,1338,1322,1302,1292,1292,1319,1274,1285,1301,1304,1284,1297,1261,1282,1307,1287,1282,1263,1295,1282,1277,1293,1289,1275,1297,1352,1323,1287,1272,1243,1253,1255,1202,1243,1245,1241,1249,1292,1275,1228,1214,1188,1226,1220,1245,1188,1234,1236,1243,1226,1205,1220,1195,1202,1185,1188,1161,1185,1236,1255,1312,1243,1181,1188,1169,1231,1188,1208,1208,1236,1238,1287,1337,1381,1433,1441,1478,1489,1500,1516,1525,1537,1534,1542,1550,1557,1553,1552,1561,1574,1571,1573,1575,1560,1555,1554
1577,1562,1547,1529,1502,1461,1433,1415,1387,1406,1372,1381,1400,1407,1426,1469,1495,1528,1566,1581,1589,1599,1606,1610,1615,1614,1599,1600,1610,1609,1608,1604,1605,1606,1607,1603,1598,1597,1580,1573,1553,1536,1503,1474,1433,1404,1360,1309,1270,1245,1234,1208,1220,1217,1185,1185,1198,1198,1181,1202,1245,1217,1251,1165,1236,1157,1188,1226,1247,1231,1236,1245,1234,1228,1255,1247,1255,1257,1247,1243,1238,1231,1255,1236,1259,1267,1268,1251,1274,1284,1305,1309,1309,1274,1279,1300,1292,1309,1301,1313,1287,1298,1326,1331,1316,1300,1304,1297,1314,1305,1293,1295,1313,1308,1313,1327,1317,1300,1319,1318,1310,1335,1307,1305,1290,1298,1292,1295,1302,1295,1300,1279,1285,1302,1287,1287,1298,1287,1281,1270,1287,1263,1267,1268,1253,1270,1272,1298,1281,1268,1236,1261,1265,1236,1263,1259,1214,1251,1245,1257,1270,1253,1217,1205,1188,1208,1205,1228,1195,1214,1205,1208,1202,1236,1214,1198,1173,1181,1202,1105,1211,1301,1305,1195,1195,1143,1205,1195,1165,1177,1192,1223,1277,1319,1380,1407,1436,1479,1499,1515,1521,1527,1519,1529,1538,1544,1549,1564,1563,1567,1567,1575,1583,1576,1566,1556,1561,1565
1583,1574,1565,1542,1517,1489,1456,1428,1414,1391,1386,1377,1384,1371,1417,1432,1480,1515,1552,1570,1587,1589,1598,1599,1611,1612,1614,1605,1616,1616,1611,1610,1606,1614,1605,1608,1609,1595,1587,1581,1564,1555,1524,1493,1459,1421,1387,1343,1309,1249,1259,1234,1223,1205,1195,1217,1208,1181,1205,1214,1211,1192,1198,1157,1208,1223,1181,1208,1231,1255,1228,1236,1231,1272,1245,1255,1234,1238,1243,1251,1257,1243,1277,1259,1261,1263,1270,1251,1302,1292,1331,1341,1319,1297,1268,1292,1282,1307,1282,1295,1274,1308,1297,1297,1323,1289,1293,1312,1316,1317,1297,1305,1305,1313,1300,1310,1316,1308,1302,1285,1295,1298,1297,1274,1289,1307,1316,1317,1314,1300,1268,1289,1290,1312,1298,1268,1265,1274,1272,1277,1295,1261,1253,1236,1261,1267,1257,1281,1249,1268,1255,1257,1245,1259,1245,1257,1217,1226,1249,1236,1255,1257,1226,1220,1205,1161,1253,1243,1226,1208,1185,1177,1173,1253,1243,1198,1228,1247,1211,1211,1152,1188,1177,1157,1188,1148,1198,1214,1217,1247,1243,1259,1307,1346,1398,1428,1476,1489,1512,1529,1537,1540,1532,1536,1533,1542,1561,1558,1567,1573,1570,1581,1583,1567,1564,1559,1557,1564
1604,1589,1570,1553,1540,1498,1471,1434,1412,1398,1399,1378,1387,1397,1395,1426,1451,1493,1534,1561,1574,1587,1596,1595,1603,1612,1607,1611,1615,1616,1619,1619,1615,1609,1609,1613,1607,1602,1592,1581,1573,1562,1544,1514,1497,1469,1423,1375,1337,1287,1289,1234,1231,1228,1243,1234,1217,1217,1211,1192,1220,1205,1220,1211,1217,1188,1195,1205,1223,1236,1231,1217,1236,1226,1249,1238,1211,1226,1234,1249,1238,1241,1226,1267,1259,1177,1265,1279,1263,1272,1285,1313,1292,1290,1257,1259,1277,1305,1298,1277,1295,1274,1292,1281,1292,1316,1293,1295,1293,1300,1289,1297,1268,1304,1304,1304,1308,1302,1282,1287,1285,1284,1290,1312,1289,1275,1293,1281,1297,1292,1274,1282,1293,1275,1327,1310,1265,1290,1282,1290,1287,1268,1274,1281,1265,1259,1270,1241,1265,1263,1267,1247,1261,1251,1251,1253,1243,1234,1241,1255,1234,1211,1195,1202,1208,1211,1253,1226,1192,1223,1195,1238,1173,1255,1259,1208,1245,1195,1177,1202,1161,1195,1188,1217,1243,1205,1241,1192,1220,1236,1255,1257,1324,1366,1412,1463,1493,1513,1519,1540,1541,1546,1552,1548,1547,1546,1561,1565,1568,1574,1580,1573,1574,1564,1573,1564,1570,1564
1618,1600,1582,1557,1544,1514,1485,1450,1429,1402,1396,1378,1394,1389,1402,1409,1443,1472,1504,1542,1566,1585,1589,1593,1593,1605,1621,1612,1612,1614,1618,1617,1612,1617,1614,1617,1615,1604,1598,1591,1586,1569,1554,1540,1521,1486,1454,1423,1374,1331,1282,1281,1249,1223,1205,1231,1231,1211,1226,1214,1205,1234,1236,1202,1220,1202,1198,1192,1223,1202,1234,1223,1265,1257,1255,1263,1259,1226,1226,1220,1257,1241,1247,1253,1255,1270,1302,1304,1318,1285,1261,1282,1255,1282,1268,1263,1302,1282,1282,1282,1272,1297,1277,1261,1304,1302,1310,1293,1293,1292,1267,1308,1282,1290,1279,1285,1307,1236,1284,1277,1268,1253,1265,1284,1293,1282,1295,1289,1290,1277,1257,1267,1285,1287,1372,1322,1265,1287,1284,1274,1308,1300,1289,1263,1284,1277,1282,1307,1272,1247,1226,1247,1255,1234,1236,1257,1241,1217,1241,1241,1217,1188,1236,1223,1220,1226,1220,1169,1181,1198,1185,1205,1220,1195,1173,1205,1195,1208,1211,1165,1169,1192,1177,1192,1161,1181,1241,1198,1202,1251,1274,1308,1348,1375,1425,1477,1514,1524,1539,1542,1549,1556,1549,1553,1558,1569,1573,1572,1575,1580,1582,1579,1575,1570,1560,1567,1570,1558
1631,1609,1584,1572,1550,1524,1498,1472,1432,1428,1393,1391,1388,1382,1382,1412,1426,1444,1480,1518,1560,1586,1591,1589,1588,1605,1619,1617,1610,1621,1618,1619,1616,1620,1620,1618,1614,1606,1607,1599,1596,1585,1569,1544,1529,1488,1467,1439,1413,1357,1319,1275,1245,1249,1220,1188,1253,1211,1198,1234,1205,1251,1226,1228,1211,1220,1217,1198,1211,1238,1226,1231,1228,1234,1226,1228,1238,1263,1231,1238,1247,1238,1231,1267,1251,1223,1297,1318,1297,1272,1245,1247,1265,1263,1275,1265,1282,1284,1293,1259,1270,1268,1270,1289,1293,1308,1319,1324,1290,1292,1290,1307,1289,1293,1282,1274,1290,1249,1261,1257,1261,1277,1284,1272,1275,1287,1281,1261,1267,1267,1268,1289,1257,1304,1384,1320,1282,1285,1279,1287,1405,1473,1373,1274,1277,1281,1292,1289,1261,1251,1241,1228,1234,1243,1214,1263,1243,1217,1236,1173,1245,1202,1202,1205,1169,1185,1220,1217,1177,1169,1188,1202,1185,1188,1177,1214,1198,1157,1177,1214,1177,1161,1177,1188,1173,1188,1185,1231,1234,1279,1309,1332,1352,1390,1435,1482,1520,1536,1548,1554,1556,1556,1556,1561,1559,1574,1578,1574,1582,1585,1579,1577,1564,1558,1560,1569,1575,1563
1650,1615,1594,1575,1559,1533,1520,1478,1458,1430,1419,1395,1389,1387,1384,1400,1413,1423,1458,1495,1537,1575,1585,1589,1593,1596,1616,1618,1617,1619,1620,1619,1615,1622,1622,1623,1619,1612,1612,1605,1595,1590,1581,1566,1536,1508,1486,1453,1430,1388,1350,1329,1255,1257,1245,1251,1223,1223,1202,1205,1208,1234,1245,1202,1223,1185,1195,1205,1241,1259,1257,1234,1257,1214,1214,1247,1255,1228,1226,1220,1247,1261,1251,1247,1270,1249,1245,1267,1241,1268,1257,1234,1238,1259,1253,1267,1282,1263,1267,1261,1257,1267,1245,1275,1284,1302,1279,1302,1307,1302,1279,1284,1318,1290,1275,1261,1287,1275,1270,1285,1270,1263,1268,1277,1282,1281,1272,1270,1263,1253,1272,1234,1247,1293,1316,1305,1275,1275,1253,1268,1410,1498,1408,1293,1292,1259,1281,1270,1255,1255,1259,1234,1259,1274,1257,1228,1236,1249,1185,1234,1202,1211,1181,1226,1165,1198,1188,1165,1214,1192,1195,1234,1173,1208,1217,1185,1214,1226,1214,1195,1143,1177,1173,1188,1188,1202,1205,1231,1255,1300,1333,1350,1370,1400,1443,1498,1525,1543,1543,1548,1558,1564,1563,1554,1562,1556,1575,1581,1580,1582,1582,1579,1574,1561,1575,1569,1567,1555
1670,1634,1614,1593,1566,1542,1528,1499,1462,1462,1420,1407,1398,1395,1395,1389,1401,1416,1458,1480,1519,1553,1587,1592,1592,1597,1597,1605,1620,1613,1621,1621,1616,1624,1625,1620,1623,1617,1611,1608,1605,1594,1588,1563,1552,1520,1515,1481,1454,1427,1388,1362,1293,1292,1238,1217,1253,1241,1257,1234,1169,1205,1217,1228,1211,1202,1202,1245,1236,1245,1236,1223,1226,1234,1259,1234,1238,1243,1245,1226,1231,1234,1268,1255,1214,1263,1255,1261,1263,1270,1259,1255,1243,1257,1265,1263,1295,1257,1245,1257,1275,1267,1257,1261,1287,1267,1284,1297,1293,1300,1289,1259,1289,1251,1270,1270,1251,1272,1272,1272,1265,1253,1270,1255,1249,1265,1277,1268,1272,1249,1267,1274,1251,1265,1253,1270,1265,1272,1270,1292,1305,1318,1305,1285,1257,1272,1274,1253,1257,1263,1238,1251,1245,1263,1272,1247,1181,1277,1223,1228,1220,1205,1192,1202,1226,1208,1255,1205,1188,1161,1205,1185,1192,1226,1185,1133,1231,1205,1228,1177,1202,1181,1202,1188,1211,1238,1251,1297,1304,1336,1353,1351,1383,1414,1454,1488,1523,1534,1556,1550,1552,1557,1565,1556,1553,1560,1574,1589,1587,1589,1580,1578,1573,1571,1568,1570,1564,1548
1693,1660,1632,1604,1579,1564,1532,1512,1482,1465,1438,1415,1412,1398,1396,1371,1383,1411,1430,1464,1497,1527,1557,1590,1594,1598,1597,1602,1614,1606,1620,1618,1620,1622,1623,1621,1620,1614,1608,1615,1608,1595,1590,1583,1569,1548,1542,1514,1485,1450,1416,1372,1338,1304,1257,1274,1253,1282,1245,1214,1223,1211,1220,1217,1220,1205,1188,1198,1228,1249,1214,1217,1234,1243,1226,1211,1243,1238,1249,1243,1214,1223,1272,1255,1247,1241,1257,1251,1274,1245,1245,1255,1231,1265,1267,1243,1270,1249,1249,1261,1270,1265,1268,1261,1255,1259,1281,1289,1293,1275,1285,1272,1285,1302,1279,1277,1289,1279,1290,1289,1263,1272,1281,1265,1275,1270,1268,1270,1265,1247,1277,1261,1253,1247,1253,1270,1251,1277,1267,1245,1277,1282,1247,1261,1251,1249,1267,1236,1259,1251,1257,1241,1241,1202,1257,1247,1223,1208,1211,1236,1188,1208,1177,1161,1249,1236,1243,1238,1211,1188,1217,1263,1238,1247,1198,1130,1198,1198,1211,1220,1223,1211,1198,1234,1236,1265,1261,1319,1340,1365,1385,1399,1409,1428,1448,1504,1531,1538,1544,1546,1554,1551,1551,1548,1543,1541,1564,1567,1577,1576,1576,1574,1574,1564,1565,1567,1552,1542
1716,1681,1664,1627,1601,1563,1547,1522,1499,1481,1451,1430,1419,1413,1406,1400,1387,1405,1413,1447,1471,1517,1544,1580,1597,1592,1593,1604,1602,1615,1614,1617,1620,1623,1623,1623,1619,1611,1614,1610,1608,1606,1591,1585,1574,1568,1554,1527,1507,1470,1445,1423,1393,1348,1295,1285,1255,1259,1214,1243,1169,1223,1238,1177,1181,1231,1192,1192,1192,1236,1195,1231,1211,1214,1226,1220,1247,1214,1251,1249,1245,1238,1247,1236,1214,1195,1241,1268,1257,1228,1259,1274,1257,1270,1257,1257,1263,1268,1270,1279,1277,1272,1265,1236,1247,1285,1284,1279,1309,1277,1300,1292,1281,1293,1298,1289,1281,1295,1300,1298,1275,1257,1279,1253,1261,1275,1268,1270,1292,1257,1249,1251,1268,1259,1245,1223,1253,1253,1238,1261,1285,1261,1255,1253,1253,1270,1265,1234,1226,1245,1220,1226,1226,1223,1247,1228,1236,1208,1217,1188,1198,1195,1226,1198,1249,1261,1238,1211,1198,1231,1253,1241,1181,1177,1185,1143,1214,1177,1226,1217,1231,1177,1157,1188,1243,1259,1331,1362,1389,1401,1413,1424,1414,1443,1479,1512,1527,1535,1539,1546,1549,1552,1551,1542,1539,1534,1548,1566,1577,1581,1574,1574,1568,1564,1556,1553,1550,1536
1730,1710,1683,1650,1619,1584,1552,1530,1510,1487,1475,1446,1434,1421,1407,1397,1385,1404,1402,1441,1458,1480,1522,1553,1590,1602,1595,1598,1598,1612,1610,1612,1612,1625,1617,1621,1616,1615,1620,1607,1616,1604,1603,1596,1583,1568,1558,1548,1530,1508,1467,1439,1424,1393,1340,1298,1253,1257,1238,1234,1234,1173,1220,1161,1214,1247,1211,1211,1198,1217,1231,1211,1231,1226,1223,1208,1198,1217,1208,1223,1247,1181,1245,1231,1214,1226,1238,1231,1245,1241,1261,1270,1236,1267,1259,1275,1234,1234,1251,1281,1275,1272,1267,1263,1275,1268,1267,1284,1257,1275,1236,1279,1281,1279,1279,1265,1263,1267,1261,1279,1261,1257,1275,1251,1274,1259,1249,1275,1253,1259,1261,1255,1243,1247,1228,1249,1290,1251,1277,1253,1265,1236,1277,1247,1265,1234,1234,1243,1253,1226,1214,1241,1223,1226,1253,1214,1217,1243,1211,1205,1231,1195,1181,1161,1217,1195,1188,1226,1185,1234,1188,1208,1217,1220,1169,1195,1185,1181,1211,1231,1192,1214,1188,1234,1284,1307,1355,1399,1409,1440,1451,1455,1458,1465,1489,1510,1534,1534,1531,1553,1550,1553,1550,1545,1525,1525,1539,1552,1559,1571,1564,1570,1575,1561,1560,1550,1539,1523
1729,1724,1707,1675,1639,1601,1571,1545,1519,1498,1480,1453,1448,1435,1420,1397,1405,1400,1395,1429,1437,1472,1494,1540,1564,1590,1603,1601,1589,1598,1608,1612,1616,1617,1616,1623,1613,1615,1618,1604,1609,1609,1606,1600,1593,1585,1571,1568,1544,1521,1503,1469,1445,1419,1384,1330,1302,1274,1267,1236,1249,1211,1217,1211,1217,1245,1238,1202,1208,1211,1217,1223,1228,1243,1217,1228,1220,1234,1214,1205,1226,1195,1220,1226,1205,1243,1226,1245,1238,1217,1243,1217,1261,1243,1261,1268,1226,1261,1255,1270,1253,1274,1272,1263,1284,1277,1272,1284,1275,1255,1284,1272,1274,1257,1289,1274,1284,1275,1267,1272,1285,1287,1268,1274,1274,1277,1247,1249,1300,1257,1277,1277,1267,1249,1236,1234,1251,1293,1289,1257,1267,1236,1208,1249,1245,1251,1234,1247,1255,1257,1241,1220,1217,1198,1220,1253,1214,1223,1208,1208,1202,1198,1211,1195,1220,1202,1208,1226,1208,1202,1208,1245,1234,1161,1165,1217,1181,1202,1208,1217,1214,1231,1241,1308,1324,1362,1412,1425,1439,1463,1473,1483,1478,1483,1509,1521,1527,1537,1546,1543,1556,1552,1555,1534,1522,1516,1521,1543,1555,1562,1569,1569,1564,1556,1548,1535,1541,1520
1720,1726,1725,1706,1668,1632,1597,1555,1525,1501,1490,1478,1461,1443,1428,1423,1405,1405,1409,1409,1428,1445,1479,1515,1543,1577,1583,1599,1593,1594,1600,1601,1606,1615,1610,1622,1614,1611,1609,1606,1601,1603,1604,1602,1590,1593,1584,1578,1556,1540,1523,1513,1486,1460,1412,1361,1337,1323,1279,1257,1243,1165,1226,1205,1208,1217,1205,1173,1217,1226,1231,1214,1247,1255,1234,1214,1236,1195,1202,1220,1214,1247,1226,1261,1253,1231,1241,1202,1247,1251,1234,1257,1253,1245,1261,1226,1267,1247,1247,1241,1259,1270,1274,1290,1293,1290,1270,1289,1289,1295,1295,1268,1268,1279,1263,1279,1275,1297,1267,1275,1259,1263,1277,1274,1272,1277,1259,1255,1267,1259,1238,1277,1228,1247,1253,1231,1263,1302,1265,1236,1238,1255,1223,1238,1259,1253,1228,1192,1202,1236,1214,1236,1226,1234,1228,1226,1238,1217,1161,1231,1148,1181,1161,1185,1223,1231,1177,1211,1161,1202,1211,1231,1211,1236,1259,1195,1192,1228,1228,1217,1251,1261,1304,1322,1356,1396,1419,1454,1474,1491,1495,1504,1507,1505,1513,1520,1531,1541,1550,1553,1557,1558,1550,1528,1518,1507,1524,1537,1539,1563,1560,1570,1566,1564,1542,1538,1536,1513
1702,1710,1717,1710,1691,1660,1618,1581,1542,1523,1506,1488,1482,1450,1445,1439,1407,1400,1401,1405,1406,1428,1459,1490,1526,1555,1574,1595,1596,1587,1591,1599,1600,1608,1611,1616,1615,1615,1610,1611,1609,1601,1598,1603,1601,1604,1602,1582,1574,1565,1558,1537,1512,1479,1448,1422,1384,1340,1319,1281,1251,1259,1243,1226,1181,1208,1192,1205,1208,1214,1257,1192,1198,1234,1202,1249,1217,1185,1231,1208,1231,1195,1231,1251,1228,1267,1241,1249,1245,1214,1238,1259,1268,1231,1236,1251,1257,1268,1261,1265,1257,1247,1243,1274,1289,1270,1285,1275,1302,1309,1322,1285,1263,1259,1255,1241,1267,1247,1247,1249,1257,1253,1274,1277,1259,1241,1259,1257,1259,1228,1253,1247,1226,1185,1259,1234,1265,1268,1253,1274,1228,1243,1247,1228,1192,1253,1205,1228,1217,1228,1241,1205,1202,1195,1202,1198,1173,1220,1205,1173,1241,1185,1165,1238,1208,1181,1198,1243,1223,1198,1238,1169,1177,1226,1231,1241,1223,1195,1198,1241,1277,1293,1337,1380,1411,1423,1464,1480,1493,1513,1506,1521,1519,1509,1501,1522,1533,1536,1535,1554,1561,1558,1543,1507,1506,1508,1525,1530,1540,1553,1556,1565,1552,1559,1548,1527,1521,1515
1688,1690,1694,1702,1695,1675,1642,1603,1569,1540,1509,1496,1482,1459,1447,1432,1428,1414,1398,1382,1401,1410,1435,1462,1507,1529,1564,1576,1596,1598,1593,1599,1595,1595,1614,1618,1612,1616,1612,1608,1609,1602,1598,1600,1599,1605,1598,1595,1589,1581,1571,1542,1535,1515,1479,1440,1427,1409,1345,1344,1297,1261,1245,1228,1231,1251,1236,1223,1214,1220,1226,1226,1173,1231,1228,1223,1234,1217,1241,1234,1195,1214,1217,1217,1217,1238,1245,1208,1238,1243,1243,1234,1211,1214,1249,1223,1214,1245,1243,1255,1251,1265,1255,1255,1275,1284,1277,1284,1316,1343,1316,1300,1253,1249,1265,1255,1267,1241,1238,1245,1270,1245,1284,1265,1253,1268,1255,1259,1243,1231,1249,1251,1231,1241,1243,1245,1223,1245,1263,1255,1249,1231,1241,1234,1226,1198,1217,1251,1231,1238,1249,1228,1220,1214,1214,1202,1195,1192,1192,1198,1192,1220,1181,1165,1195,1185,1220,1208,1214,1236,1195,1198,1214,1220,1220,1202,1217,1211,1249,1290,1300,1342,1393,1408,1443,1459,1478,1507,1510,1517,1531,1530,1522,1514,1525,1528,1534,1531,1548,1553,1558,1545,1528,1513,1502,1516,1523,1528,1548,1560,1559,1555,1557,1541,1530,1526,1512,1501
1673,1668,1680,1678,1681,1679,1664,1627,1596,1561,1532,1512,1486,1466,1459,1452,1429,1422,1405,1393,1395,1412,1425,1428,1472,1512,1539,1560,1582,1602,1592,1590,1591,1601,1605,1610,1605,1606,1608,1609,1609,1606,1601,1596,1601,1598,1604,1608,1593,1588,1579,1558,1541,1510,1472,1468,1452,1438,1398,1355,1327,1302,1259,1255,1243,1188,1220,1195,1231,1214,1220,1211,1220,1245,1195,1188,1220,1247,1243,1205,1198,1202,1181,1236,1241,1214,1241,1220,1236,1226,1238,1211,1251,1231,1238,1247,1259,1282,1253,1253,1267,1265,1261,1249,1261,1270,1268,1282,1337,1336,1307,1282,1275,1251,1279,1236,1253,1267,1259,1231,1253,1253,1253,1249,1274,1261,1231,1243,1270,1259,1257,1241,1238,1251,1243,1241,1253,1245,1274,1217,1241,1198,1243,1226,1249,1188,1226,1247,1251,1247,1223,1247,1217,1205,1208,1223,1247,1205,1228,1192,1217,1211,1202,1185,1192,1214,1152,1177,1169,1195,1220,1247,1243,1195,1234,1220,1231,1253,1272,1304,1347,1400,1427,1447,1470,1491,1510,1513,1517,1540,1541,1533,1537,1524,1519,1535,1532,1529,1539,1550,1539,1532,1512,1508,1507,1520,1529,1539,1540,1562,1561,1552,1557,1538,1530,1513,1511,1496
1670,1659,1655,1664,1662,1666,1663,1655,1623,1595,1563,1518,1496,1482,1460,1446,1451,1436,1415,1396,1388,1402,1402,1423,1451,1479,1513,1541,1566,1586,1604,1601,1593,1587,1604,1606,1612,1610,1601,1606,1603,1605,1599,1601,1598,1604,1602,1601,1601,1581,1564,1559,1537,1521,1514,1493,1491,1460,1439,1412,1368,1332,1310,1282,1281,1236,1188,1265,1231,1217,1211,1231,1161,1241,1220,1195,1208,1198,1188,1173,1241,1223,1185,1217,1202,1205,1211,1228,1238,1205,1220,1243,1202,1226,1247,1259,1238,1245,1259,1249,1236,1223,1241,1234,1267,1261,1277,1284,1335,1327,1302,1253,1257,1249,1253,1257,1257,1251,1247,1243,1249,1247,1281,1255,1247,1284,1241,1243,1241,1268,1231,1238,1236,1245,1188,1263,1253,1245,1228,1245,1226,1236,1261,1205,1231,1226,1236,1236,1192,1247,1211,1245,1234,1217,1226,1198,1231,1217,1208,1173,1231,1195,1188,1223,1202,1202,1198,1195,1211,1236,1243,1208,1208,1234,1208,1211,1236,1282,1317,1358,1405,1430,1457,1472,1485,1498,1530,1538,1528,1541,1541,1544,1537,1539,1531,1529,1533,1519,1529,1530,1529,1509,1495,1503,1513,1524,1533,1543,1551,1555,1556,1555,1544,1534,1523,1500,1506,1483
1659,1651,1647,1636,1640,1643,1662,1661,1650,1626,1590,1556,1517,1491,1480,1458,1438,1420,1428,1414,1403,1395,1399,1412,1436,1452,1485,1520,1548,1564,1588,1588,1595,1587,1595,1597,1606,1613,1612,1612,1604,1608,1603,1604,1598,1606,1597,1600,1584,1560,1544,1539,1527,1534,1525,1526,1528,1492,1469,1428,1401,1378,1343,1309,1297,1268,1247,1261,1238,1205,1217,1249,1226,1205,1228,1251,1217,1214,1228,1217,1177,1205,1217,1177,1238,1214,1214,1220,1198,1211,1241,1202,1259,1231,1157,1228,1251,1234,1284,1243,1238,1249,1241,1241,1253,1243,1247,1297,1287,1289,1284,1272,1263,1231,1243,1257,1251,1261,1253,1249,1265,1217,1245,1261,1251,1238,1220,1249,1243,1251,1211,1265,1185,1241,1243,1245,1226,1251,1236,1249,1231,1247,1217,1231,1220,1231,1208,1220,1198,1238,1267,1223,1228,1234,1241,1188,1185,1214,1185,1185,1195,1185,1198,1177,1202,1177,1234,1214,1220,1217,1205,1214,1205,1238,1253,1267,1293,1330,1363,1393,1433,1464,1487,1490,1507,1532,1534,1546,1537,1551,1556,1554,1549,1550,1535,1536,1528,1528,1516,1517,1510,1511,1498,1511,1530,1527,1545,1541,1560,1556,1549,1541,1538,1526,1516,1505,1492,1480
1636,1637,1631,1633,1620,1620,1640,1646,1651,1642,1622,1575,1549,1515,1490,1473,1465,1445,1426,1427,1413,1396,1400,1415,1412,1430,1467,1500,1515,1543,1565,1583,1586,1587,1601,1596,1610,1612,1611,1608,1603,1614,1613,1616,1609,1604,1588,1577,1565,1545,1533,1527,1527,1535,1555,1559,1539,1516,1495,1450,1434,1414,1389,1343,1324,1298,1275,1263,1249,1249,1234,1249,1247,1217,1198,1243,1211,1217,1211,1236,1208,1208,1223,1217,1208,1198,1195,1192,1208,1236,1205,1238,1238,1234,1217,1236,1247,1214,1217,1263,1251,1268,1261,1259,1268,1263,1247,1259,1275,1267,1251,1253,1247,1270,1270,1268,1249,1272,1274,1268,1263,1249,1228,1249,1231,1214,1245,1241,1247,1228,1208,1253,1251,1241,1241,1257,1234,1236,1243,1236,1245,1226,1226,1231,1270,1245,1255,1223,1245,1217,1267,1226,1267,1223,1211,1202,1181,1195,1195,1198,1195,1236,1192,1211,1226,1202,1251,1247,1253,1211,1220,1236,1251,1245,1282,1310,1340,1373,1398,1437,1470,1498,1504,1513,1523,1533,1541,1544,1547,1548,1545,1552,1550,1551,1544,1533,1527,1505,1512,1510,1503,1511,1506,1525,1529,1528,1542,1544,1549,1553,1547,1540,1529,1523,1496,1492,1472,1466
1621,1625,1618,1620,1614,1607,1610,1616,1640,1643,1631,1603,1566,1541,1520,1490,1469,1449,1444,1438,1436,1413,1407,1409,1413,1422,1444,1470,1497,1520,1539,1562,1570,1583,1596,1587,1599,1606,1610,1610,1614,1605,1604,1610,1601,1596,1588,1567,1558,1550,1551,1545,1552,1560,1572,1566,1555,1541,1511,1483,1468,1448,1429,1410,1374,1340,1310,1289,1277,1257,1267,1238,1251,1220,1231,1238,1253,1231,1241,1220,1220,1181,1205,1208,1241,1251,1214,1226,1208,1214,1223,1217,1223,1214,1251,1223,1231,1257,1236,1265,1243,1255,1241,1243,1255,1255,1259,1249,1263,1270,1247,1251,1257,1245,1261,1272,1255,1265,1243,1238,1267,1268,1231,1241,1228,1253,1214,1253,1217,1255,1223,1228,1220,1259,1245,1236,1249,1226,1220,1243,1241,1282,1223,1228,1251,1243,1259,1231,1236,1220,1249,1249,1236,1241,1243,1247,1161,1208,1220,1185,1220,1205,1192,1223,1169,1211,1323,1313,1279,1228,1217,1267,1282,1312,1312,1350,1390,1419,1441,1458,1494,1508,1516,1534,1544,1541,1549,1547,1538,1549,1554,1548,1553,1548,1547,1541,1527,1517,1517,1525,1523,1517,1527,1528,1539,1538,1545,1546,1551,1547,1540,1530,1519,1507,1483,1485,1472,1458
1616,1614,1618,1615,1612,1605,1590,1590,1603,1632,1634,1613,1598,1571,1542,1513,1496,1461,1451,1436,1423,1414,1409,1406,1402,1413,1430,1444,1475,1493,1513,1539,1552,1577,1586,1596,1595,1598,1611,1609,1604,1610,1599,1595,1600,1590,1578,1574,1562,1561,1560,1567,1577,1579,1580,1576,1566,1553,1542,1525,1514,1483,1459,1439,1425,1413,1358,1330,1293,1292,1259,1247,1238,1223,1253,1205,1255,1234,1173,1214,1223,1205,1217,1208,1208,1217,1220,1198,1231,1198,1208,1217,1211,1236,1228,1236,1236,1231,1259,1247,1274,1274,1247,1249,1257,1251,1282,1238,1261,1241,1247,1249,1259,1270,1238,1274,1272,1241,1253,1263,1261,1249,1247,1245,1226,1251,1208,1192,1243,1217,1228,1236,1245,1261,1220,1231,1205,1238,1249,1205,1247,1277,1257,1231,1249,1268,1249,1245,1236,1243,1259,1238,1251,1255,1234,1205,1198,1228,1217,1181,1220,1202,1202,1177,1198,1211,1314,1393,1305,1261,1272,1304,1302,1358,1374,1415,1442,1458,1467,1497,1518,1534,1538,1549,1547,1551,1545,1541,1539,1555,1556,1558,1554,1553,1551,1545,1541,1539,1535,1542,1532,1528,1530,1529,1539,1539,1549,1542,1541,1544,1535,1523,1509,1499,1482,1480,1468,1458
1604,1604,1602,1607,1607,1602,1598,1582,1580,1600,1612,1622,1614,1598,1572,1538,1516,1483,1477,1452,1436,1432,1419,1419,1415,1414,1424,1432,1456,1481,1500,1511,1530,1555,1568,1585,1597,1597,1602,1609,1606,1609,1603,1600,1591,1593,1584,1577,1578,1572,1586,1595,1593,1594,1587,1581,1572,1568,1562,1550,1534,1520,1492,1483,1461,1436,1427,1368,1347,1324,1295,1267,1251,1253,1241,1253,1198,1234,1234,1208,1208,1192,1241,1177,1205,1231,1181,1234,1217,1188,1181,1198,1211,1208,1165,1243,1223,1234,1255,1257,1261,1253,1245,1241,1261,1243,1253,1247,1259,1249,1251,1247,1238,1234,1251,1249,1214,1208,1243,1217,1268,1253,1270,1245,1217,1226,1245,1188,1231,1253,1231,1243,1217,1234,1217,1249,1223,1253,1236,1220,1205,1226,1217,1214,1245,1234,1249,1236,1223,1223,1217,1253,1228,1228,1226,1234,1211,1192,1161,1243,1211,1188,1228,1265,1279,1249,1292,1387,1370,1307,1304,1348,1366,1406,1428,1447,1487,1500,1515,1527,1530,1543,1551,1552,1553,1553,1551,1546,1555,1563,1557,1565,1559,1550,1567,1552,1555,1553,1555,1551,1541,1541,1539,1543,1547,1552,1553,1547,1540,1529,1528,1509,1500,1497,1476,1465,1467,1461
1602,1602,1603,1600,1602,1590,1590,1577,1572,1560,1578,1603,1615,1614,1595,1571,1543,1519,1482,1471,1449,1446,1432,1435,1409,1411,1424,1414,1436,1450,1478,1490,1519,1527,1560,1567,1589,1593,1603,1602,1608,1614,1609,1600,1585,1585,1589,1589,1587,1588,1596,1596,1596,1595,1592,1590,1576,1576,1572,1562,1546,1538,1528,1510,1496,1467,1462,1440,1395,1365,1334,1301,1274,1274,1259,1228,1236,1247,1208,1238,1241,1223,1226,1198,1245,1217,1195,1214,1217,1236,1249,1241,1234,1238,1234,1217,1241,1243,1228,1195,1261,1231,1245,1243,1231,1217,1251,1245,1251,1241,1234,1220,1228,1243,1241,1263,1249,1217,1234,1263,1289,1297,1234,1214,1223,1223,1211,1238,1208,1257,1251,1249,1245,1241,1247,1208,1214,1220,1253,1265,1220,1220,1214,1231,1220,1241,1226,1211,1255,1214,1267,1228,1231,1231,1245,1220,1211,1249,1249,1192,1214,1236,1198,1261,1365,1301,1274,1313,1345,1338,1351,1388,1419,1440,1465,1483,1512,1532,1544,1536,1548,1555,1556,1554,1560,1557,1555,1562,1563,1561,1562,1554,1567,1566,1568,1566,1575,1580,1565,1565,1550,1545,1550,1541,1549,1554,1546,1536,1535,1523,1510,1509,1503,1484,1472,1475,1450,1467
1583,1588,1596,1590,1596,1592,1580,1573,1561,1555,1549,1572,1597,1604,1620,1598,1574,1547,1506,1491,1471,1473,1441,1440,1425,1420,1415,1417,1420,1427,1456,1478,1500,1513,1534,1543,1559,1581,1595,1601,1606,1611,1604,1597,1602,1590,1596,1589,1595,1604,1601,1596,1588,1602,1587,1586,1589,1577,1576,1570,1561,1561,1553,1539,1522,1511,1489,1477,1441,1413,1387,1347,1340,1302,1289,1277,1247,1247,1234,1217,1241,1223,1198,1251,1243,1220,1185,1223,1231,1243,1231,1245,1231,1251,1208,1243,1198,1214,1238,1202,1198,1243,1234,1241,1257,1249,1247,1255,1236,1249,1220,1188,1208,1238,1236,1259,1261,1259,1231,1274,1326,1332,1261,1234,1253,1243,1236,1208,1211,1257,1241,1255,1223,1220,1243,1220,1220,1245,1272,1228,1249,1241,1173,1259,1251,1220,1228,1231,1211,1192,1253,1243,1220,1263,1228,1267,1220,1195,1205,1205,1195,1202,1214,1251,1304,1251,1281,1313,1352,1368,1395,1436,1452,1482,1512,1528,1531,1542,1550,1547,1549,1550,1559,1564,1562,1558,1557,1563,1563,1568,1569,1572,1572,1567,1572,1574,1580,1583,1574,1565,1566,1564,1558,1551,1551,1557,1550,1548,1536,1523,1516,1502,1493,1470,1464,1470,1456,1452
1586,1588,1574,1583,1584,1575,1583,1567,1563,1554,1542,1543,1557,1585,1605,1612,1602,1580,1552,1528,1497,1477,1461,1454,1438,1419,1423,1413,1416,1429,1429,1465,1478,1502,1510,1534,1543,1562,1576,1594,1603,1602,1605,1600,1596,1597,1598,1605,1594,1605,1609,1600,1596,1588,1588,1586,1586,1583,1583,1584,1581,1569,1565,1567,1556,1535,1523,1502,1477,1455,1425,1401,1363,1341,1313,1282,1268,1272,1243,1257,1247,1241,1211,1205,1208,1202,1228,1185,1234,1245,1257,1241,1238,1231,1251,1249,1226,1243,1243,1255,1226,1205,1241,1238,1261,1243,1220,1253,1228,1226,1214,1192,1231,1245,1251,1234,1257,1236,1238,1249,1249,1268,1247,1247,1253,1195,1247,1202,1243,1238,1247,1243,1241,1223,1236,1255,1253,1247,1243,1231,1188,1243,1238,1214,1281,1243,1238,1228,1247,1243,1231,1253,1228,1257,1241,1253,1220,1217,1223,1259,1236,1234,1228,1255,1270,1313,1309,1340,1394,1423,1447,1470,1489,1522,1539,1543,1555,1562,1553,1561,1565,1563,1558,1563,1566,1569,1563,1568,1573,1572,1566,1573,1572,1582,1582,1589,1579,1580,1578,1576,1571,1568,1554,1557,1551,1541,1544,1529,1526,1520,1513,1490,1485,1465,1471,1453,1454,1462
1582,1581,1572,1580,1579,1583,1568,1569,1559,1556,1549,1543,1537,1553,1578,1604,1606,1603,1587,1552,1529,1506,1483,1472,1449,1433,1427,1425,1417,1414,1423,1438,1452,1480,1501,1516,1523,1524,1557,1570,1593,1605,1608,1599,1603,1595,1599,1601,1608,1598,1607,1607,1597,1584,1584,1582,1580,1579,1584,1581,1585,1586,1587,1581,1576,1559,1553,1532,1513,1498,1476,1451,1427,1402,1368,1346,1319,1279,1259,1279,1228,1223,1223,1202,1192,1247,1243,1228,1217,1251,1228,1249,1205,1220,1211,1236,1234,1226,1241,1234,1234,1241,1217,1217,1241,1220,1238,1238,1272,1247,1243,1214,1251,1243,1220,1263,1238,1228,1238,1236,1243,1257,1228,1241,1263,1228,1249,1259,1228,1223,1247,1188,1234,1238,1188,1234,1245,1259,1205,1245,1251,1251,1223,1234,1236,1267,1228,1231,1211,1228,1255,1231,1214,1231,1226,1238,1198,1223,1205,1265,1249,1247,1261,1301,1318,1344,1362,1395,1420,1450,1472,1500,1539,1546,1555,1562,1564,1562,1567,1567,1563,1569,1568,1562,1570,1576,1578,1587,1575,1580,1580,1576,1583,1595,1595,1589,1585,1583,1570,1573,1567,1566,1565,1555,1551,1546,1538,1532,1524,1502,1497,1481,1472,1470,1448,1448,1454,1464
1585,1577,1570,1570,1576,1573,1582,1568,1562,1552,1547,1541,1533,1531,1540,1574,1591,1603,1598,1585,1562,1537,1509,1497,1470,1462,1438,1433,1425,1413,1425,1421,1433,1462,1465,1497,1506,1520,1541,1550,1568,1588,1591,1595,1605,1601,1597,1600,1602,1606,1603,1605,1600,1599,1583,1580,1576,1574,1576,1580,1574,1588,1588,1587,1584,1576,1564,1556,1543,1519,1508,1491,1470,1443,1423,1398,1376,1354,1319,1289,1272,1268,1245,1261,1231,1220,1220,1205,1217,1211,1185,1226,1234,1220,1217,1208,1257,1231,1231,1243,1220,1245,1228,1231,1243,1243,1220,1228,1245,1217,1228,1249,1231,1238,1205,1231,1245,1241,1228,1217,1214,1202,1251,1251,1228,1249,1220,1228,1228,1243,1241,1220,1211,1198,1223,1214,1208,1195,1231,1226,1251,1238,1208,1228,1228,1241,1223,1223,1257,1249,1231,1231,1243,1211,1249,1238,1247,1265,1238,1287,1302,1293,1314,1348,1364,1402,1416,1449,1461,1484,1513,1535,1559,1568,1574,1568,1574,1573,1575,1570,1563,1566,1574,1573,1577,1589,1585,1590,1588,1585,1580,1593,1609,1604,1595,1587,1579,1571,1570,1567,1564,1570,1563,1558,1550,1548,1534,1528,1515,1504,1485,1473,1464,1452,1459,1449,1443,1438
1588,1578,1566,1569,1557,1566,1571,1567,1565,1561,1541,1548,1550,1538,1539,1545,1552,1578,1590,1594,1588,1571,1550,1518,1488,1485,1470,1449,1432,1431,1425,1419,1423,1428,1445,1461,1487,1497,1527,1529,1542,1556,1578,1585,1597,1592,1593,1584,1595,1595,1599,1609,1605,1597,1590,1584,1589,1584,1581,1591,1592,1593,1587,1588,1587,1576,1569,1571,1556,1545,1543,1520,1507,1504,1468,1448,1441,1402,1382,1343,1324,1310,1290,1275,1259,1267,1249,1220,1247,1255,1226,1253,1251,1228,1223,1231,1231,1234,1231,1238,1245,1251,1214,1249,1208,1245,1228,1231,1214,1234,1255,1231,1236,1234,1247,1268,1272,1257,1205,1192,1181,1236,1236,1223,1223,1251,1226,1226,1223,1220,1255,1214,1226,1234,1185,1217,1236,1231,1231,1198,1236,1236,1226,1231,1238,1249,1181,1249,1226,1253,1234,1243,1226,1220,1228,1272,1270,1265,1293,1300,1322,1350,1373,1398,1425,1435,1453,1467,1507,1518,1549,1569,1595,1590,1588,1585,1582,1583,1576,1575,1574,1570,1574,1577,1588,1591,1587,1595,1595,1591,1597,1615,1614,1603,1595,1585,1576,1574,1570,1562,1567,1557,1565,1550,1541,1538,1525,1514,1509,1492,1492,1484,1463,1453,1453,1455,1451,1440
1599,1580,1575,1572,1564,1559,1557,1554,1564,1563,1551,1539,1536,1534,1535,1536,1539,1546,1573,1585,1588,1596,1575,1557,1531,1517,1481,1466,1447,1441,1430,1419,1421,1419,1419,1447,1468,1485,1496,1514,1536,1544,1557,1574,1574,1583,1583,1582,1582,1585,1601,1603,1605,1597,1595,1599,1593,1606,1608,1606,1602,1600,1593,1593,1595,1584,1585,1589,1571,1577,1563,1557,1541,1527,1512,1491,1478,1452,1437,1406,1385,1356,1333,1322,1274,1289,1267,1259,1238,1228,1251,1247,1245,1236,1243,1241,1243,1226,1228,1223,1247,1245,1234,1251,1234,1214,1217,1234,1236,1234,1277,1270,1198,1228,1277,1350,1333,1272,1251,1249,1241,1249,1226,1220,1236,1234,1261,1241,1226,1243,1231,1202,1231,1238,1202,1226,1241,1202,1208,1208,1243,1220,1257,1259,1228,1268,1238,1234,1257,1243,1259,1251,1217,1263,1275,1285,1300,1329,1330,1344,1400,1406,1432,1454,1459,1484,1497,1516,1530,1555,1576,1588,1600,1604,1599,1597,1591,1587,1576,1570,1574,1584,1585,1594,1597,1599,1600,1601,1598,1609,1613,1610,1613,1598,1579,1581,1575,1570,1569,1574,1571,1558,1559,1538,1537,1531,1523,1508,1495,1490,1476,1465,1460,1442,1442,1441,1443,1443
1595,1584,1577,1572,1562,1555,1555,1550,1547,1551,1543,1551,1538,1539,1530,1534,1534,1533,1541,1552,1577,1587,1586,1586,1566,1542,1516,1486,1473,1447,1442,1428,1427,1419,1421,1432,1445,1458,1481,1496,1513,1531,1538,1558,1572,1577,1580,1575,1580,1581,1593,1602,1603,1610,1603,1607,1610,1612,1610,1609,1609,1601,1596,1596,1594,1593,1587,1582,1594,1584,1576,1575,1568,1554,1541,1529,1509,1489,1472,1465,1430,1420,1394,1380,1335,1318,1309,1274,1261,1231,1251,1243,1234,1243,1259,1217,1236,1217,1249,1214,1251,1223,1234,1259,1293,1241,1253,1243,1181,1247,1234,1267,1247,1228,1263,1272,1275,1253,1265,1261,1245,1241,1223,1231,1261,1208,1234,1245,1236,1208,1243,1220,1217,1202,1220,1231,1234,1259,1238,1223,1214,1217,1245,1265,1198,1251,1249,1234,1259,1285,1272,1274,1285,1282,1312,1331,1346,1376,1403,1428,1441,1454,1473,1486,1502,1517,1531,1548,1558,1576,1586,1604,1606,1607,1605,1602,1590,1591,1592,1581,1579,1586,1593,1596,1602,1606,1605,1607,1611,1614,1604,1596,1594,1589,1577,1575,1570,1570,1564,1561,1556,1549,1548,1542,1532,1516,1514,1501,1498,1496,1468,1465,1454,1447,1443,1444,1452,1445
1601,1590,1585,1573,1568,1562,1566,1548,1549,1551,1543,1548,1543,1543,1524,1538,1536,1531,1535,1530,1548,1558,1581,1585,1583,1572,1542,1519,1498,1469,1457,1447,1433,1421,1417,1426,1433,1445,1463,1482,1497,1518,1534,1543,1550,1569,1574,1572,1573,1577,1583,1587,1599,1614,1620,1620,1618,1622,1615,1599,1602,1598,1601,1596,1599,1596,1596,1602,1589,1594,1596,1592,1582,1574,1563,1553,1548,1532,1517,1497,1472,1470,1430,1427,1405,1371,1351,1316,1314,1274,1279,1265,1272,1247,1245,1228,1249,1236,1238,1253,1236,1261,1238,1251,1241,1251,1247,1234,1231,1241,1249,1253,1249,1241,1236,1228,1241,1226,1236,1241,1231,1211,1192,1223,1243,1223,1231,1202,1236,1243,1231,1259,1259,1234,1255,1253,1217,1228,1211,1245,1211,1259,1198,1261,1255,1257,1259,1228,1236,1284,1285,1292,1316,1343,1360,1395,1408,1434,1454,1469,1479,1492,1505,1525,1531,1545,1561,1569,1581,1593,1602,1607,1615,1626,1619,1606,1603,1598,1595,1591,1589,1597,1609,1612,1605,1613,1616,1619,1616,1606,1596,1596,1596,1580,1579,1574,1568,1572,1567,1559,1557,1550,1542,1531,1527,1513,1503,1490,1480,1474,1463,1457,1445,1437,1428,1446,1445,1451
1610,1599,1586,1583,1575,1565,1563,1552,1544,1538,1539,1542,1549,1544,1537,1534,1529,1535,1532,1539,1542,1535,1552,1563,1578,1575,1570,1551,1526,1502,1485,1456,1441,1431,1432,1413,1423,1434,1440,1464,1486,1493,1511,1523,1547,1554,1566,1567,1566,1577,1563,1584,1602,1616,1615,1630,1622,1619,1610,1602,1594,1592,1596,1594,1600,1600,1600,1595,1604,1603,1602,1596,1587,1593,1583,1574,1566,1556,1549,1530,1517,1504,1483,1469,1445,1421,1409,1387,1351,1314,1313,1290,1261,1267,1241,1251,1261,1243,1249,1247,1253,1228,1255,1249,1249,1245,1214,1236,1223,1247,1226,1245,1211,1238,1245,1247,1247,1226,1253,1202,1223,1245,1234,1202,1211,1217,1211,1220,1241,1238,1234,1245,1265,1217,1228,1211,1251,1261,1236,1265,1251,1270,1261,1245,1274,1261,1257,1274,1289,1312,1331,1332,1361,1393,1419,1443,1476,1486,1490,1506,1516,1524,1541,1541,1550,1566,1577,1586,1596,1607,1610,1623,1634,1633,1622,1617,1611,1610,1604,1604,1597,1606,1612,1620,1616,1616,1623,1617,1607,1605,1600,1583,1580,1578,1577,1565,1567,1558,1561,1561,1548,1544,1535,1524,1519,1507,1499,1488,1480,1472,1462,1461,1449,1445,1448,1443,1445,1445
1602,1603,1592,1581,1584,1573,1563,1554,1549,1550,1538,1533,1530,1542,1534,1528,1530,1533,1527,1522,1542,1537,1531,1540,1540,1562,1568,1563,1546,1525,1506,1484,1462,1448,1429,1419,1409,1421,1431,1449,1471,1486,1504,1511,1519,1537,1556,1565,1565,1570,1573,1582,1597,1614,1623,1630,1623,1621,1614,1600,1591,1585,1598,1601,1602,1600,1602,1605,1614,1603,1605,1603,1610,1608,1597,1591,1582,1581,1573,1567,1550,1536,1523,1509,1492,1476,1452,1440,1398,1385,1360,1322,1323,1307,1314,1304,1275,1274,1277,1261,1255,1245,1268,1247,1279,1265,1255,1249,1259,1241,1253,1217,1195,1253,1231,1243,1226,1261,1236,1253,1249,1236,1257,1231,1243,1234,1211,1226,1249,1236,1245,1247,1259,1259,1231,1263,1257,1251,1228,1255,1268,1265,1304,1279,1267,1268,1293,1316,1324,1342,1371,1393,1413,1433,1460,1475,1503,1522,1527,1534,1537,1544,1546,1560,1567,1583,1591,1604,1600,1608,1625,1631,1639,1635,1629,1626,1617,1617,1614,1616,1610,1615,1621,1625,1629,1629,1612,1604,1604,1597,1592,1584,1587,1577,1575,1567,1563,1565,1562,1551,1552,1538,1526,1511,1516,1501,1499,1482,1481,1467,1462,1447,1440,1441,1453,1449,1450,1438
1621,1609,1591,1595,1588,1580,1574,1565,1557,1546,1542,1538,1538,1543,1538,1529,1532,1534,1527,1532,1522,1544,1538,1529,1528,1524,1544,1546,1540,1549,1531,1509,1486,1471,1455,1429,1427,1417,1418,1440,1449,1463,1482,1500,1513,1530,1540,1548,1557,1561,1568,1574,1587,1597,1619,1628,1623,1622,1613,1614,1598,1590,1594,1607,1606,1602,1605,1605,1614,1614,1612,1610,1605,1606,1605,1602,1603,1593,1589,1578,1572,1569,1557,1547,1531,1518,1489,1481,1464,1448,1425,1415,1386,1362,1356,1329,1318,1300,1298,1292,1289,1282,1281,1253,1270,1274,1289,1236,1272,1257,1223,1247,1231,1251,1234,1243,1243,1255,1238,1217,1247,1261,1274,1236,1236,1226,1231,1265,1249,1257,1263,1259,1253,1247,1251,1257,1217,1259,1263,1275,1292,1289,1284,1310,1320,1327,1336,1355,1373,1411,1425,1439,1460,1483,1508,1521,1537,1548,1557,1556,1553,1550,1556,1565,1584,1594,1605,1596,1608,1610,1630,1638,1643,1632,1629,1628,1621,1616,1615,1623,1621,1619,1622,1623,1620,1610,1610,1593,1603,1588,1592,1582,1575,1575,1573,1567,1558,1557,1553,1551,1537,1536,1526,1515,1509,1504,1488,1477,1471,1465,1452,1441,1454,1447,1443,1450,1441,1454
1616,1613,1608,1599,1588,1581,1579,1566,1563,1554,1558,1544,1529,1532,1532,1527,1535,1526,1539,1530,1528,1530,1530,1524,1521,1522,1523,1523,1534,1538,1531,1520,1505,1476,1462,1450,1440,1432,1422,1427,1430,1443,1450,1479,1498,1514,1534,1546,1547,1560,1556,1563,1587,1596,1600,1614,1625,1616,1611,1612,1607,1604,1608,1608,1611,1610,1607,1613,1622,1616,1620,1618,1615,1610,1606,1611,1614,1609,1602,1593,1589,1586,1577,1576,1563,1560,1538,1514,1502,1486,1467,1460,1437,1430,1417,1387,1361,1353,1335,1309,1335,1324,1310,1316,1300,1285,1295,1277,1267,1272,1234,1241,1257,1263,1226,1282,1243,1265,1234,1267,1275,1279,1255,1257,1270,1243,1249,1274,1279,1270,1282,1267,1281,1284,1270,1268,1302,1310,1304,1313,1310,1319,1346,1338,1344,1367,1391,1419,1427,1444,1464,1480,1501,1520,1534,1538,1557,1561,1567,1567,1567,1569,1576,1583,1596,1608,1608,1599,1605,1617,1639,1649,1644,1629,1629,1626,1622,1616,1622,1622,1622,1629,1621,1616,1609,1605,1601,1598,1594,1587,1581,1585,1576,1575,1575,1560,1558,1554,1543,1535,1537,1534,1523,1507,1497,1503,1486,1477,1465,1460,1447,1447,1441,1441,1454,1445,1452,1458
1618,1615,1605,1606,1595,1591,1588,1584,1568,1558,1548,1550,1541,1530,1528,1519,1523,1526,1533,1528,1530,1533,1527,1516,1523,1527,1522,1522,1510,1521,1518,1516,1515,1500,1481,1460,1456,1430,1425,1419,1432,1435,1438,1458,1486,1496,1514,1528,1540,1549,1556,1565,1574,1588,1590,1606,1612,1616,1615,1609,1612,1610,1611,1608,1610,1616,1620,1617,1628,1630,1638,1633,1628,1623,1618,1618,1622,1621,1617,1607,1609,1603,1599,1598,1593,1579,1573,1563,1545,1535,1516,1508,1498,1462,1458,1438,1417,1395,1404,1390,1377,1354,1375,1361,1336,1335,1329,1305,1309,1287,1298,1285,1284,1289,1277,1284,1305,1272,1275,1282,1272,1292,1279,1265,1268,1281,1274,1298,1275,1287,1300,1298,1307,1316,1329,1341,1332,1362,1353,1342,1386,1364,1395,1403,1413,1435,1444,1452,1482,1492,1501,1524,1541,1543,1553,1565,1571,1567,1574,1576,1574,1596,1595,1595,1606,1605,1607,1613,1613,1635,1644,1647,1630,1624,1626,1621,1617,1622,1622,1623,1622,1622,1619,1612,1604,1592,1598,1595,1578,1587,1580,1576,1567,1573,1573,1561,1548,1560,1541,1532,1516,1519,1512,1509,1498,1492,1485,1465,1465,1461,1461,1444,1445,1451,1448,1453,1460,1463
1624,1615,1615,1604,1597,1587,1585,1574,1573,1570,1561,1560,1549,1539,1533,1519,1519,1530,1526,1534,1536,1530,1528,1519,1518,1513,1511,1519,1508,1507,1520,1514,1505,1505,1498,1470,1450,1437,1426,1425,1423,1425,1431,1450,1467,1471,1487,1515,1534,1536,1551,1559,1579,1579,1592,1603,1604,1609,1610,1610,1608,1601,1608,1606,1617,1617,1616,1619,1624,1638,1642,1638,1632,1633,1636,1638,1636,1629,1631,1628,1623,1621,1614,1608,1604,1601,1594,1587,1579,1555,1553,1539,1522,1505,1480,1447,1445,1450,1431,1439,1426,1434,1422,1419,1409,1401,1370,1371,1354,1337,1343,1326,1342,1318,1326,1312,1337,1310,1330,1307,1318,1307,1304,1324,1310,1309,1320,1331,1330,1351,1352,1351,1364,1382,1387,1393,1400,1405,1418,1415,1416,1432,1439,1451,1456,1460,1477,1500,1508,1524,1533,1546,1553,1571,1585,1580,1579,1580,1574,1579,1586,1598,1604,1599,1605,1614,1618,1616,1632,1645,1638,1633,1616,1617,1614,1626,1632,1630,1633,1629,1626,1617,1614,1608,1602,1594,1590,1587,1586,1582,1578,1570,1577,1570,1565,1563,1551,1543,1541,1535,1523,1513,1508,1502,1485,1483,1469,1472,1459,1458,1456,1451,1456,1458,1452,1450,1450,1474
1628,1622,1617,1610,1614,1591,1580,1584,1579,1567,1564,1557,1556,1540,1537,1528,1530,1521,1524,1529,1523,1529,1531,1529,1524,1519,1516,1508,1507,1505,1496,1509,1498,1496,1490,1483,1464,1460,1441,1433,1424,1428,1429,1428,1443,1458,1475,1497,1514,1528,1539,1551,1568,1572,1581,1596,1597,1614,1609,1607,1603,1613,1612,1605,1614,1621,1621,1623,1626,1628,1645,1647,1648,1643,1640,1642,1642,1645,1644,1640,1630,1629,1626,1621,1624,1613,1608,1603,1589,1581,1567,1559,1539,1521,1507,1483,1478,1472,1460,1460,1460,1454,1457,1456,1445,1436,1432,1422,1412,1396,1389,1377,1384,1383,1363,1372,1371,1389,1374,1362,1377,1364,1382,1351,1356,1368,1365,1392,1385,1393,1402,1415,1427,1436,1439,1444,1463,1456,1460,1464,1463,1477,1486,1507,1497,1513,1516,1524,1531,1548,1553,1566,1570,1575,1587,1590,1587,1584,1591,1595,1599,1601,1604,1605,1607,1615,1615,1632,1651,1642,1622,1610,1615,1615,1621,1623,1629,1623,1632,1623,1625,1609,1612,1593,1600,1593,1586,1583,1578,1573,1573,1572,1566,1562,1552,1545,1543,1528,1528,1527,1515,1509,1504,1500,1486,1481,1481,1472,1466,1452,1451,1466,1459,1465,1455,1463,1470,1472
1642,1620,1622,1609,1609,1599,1595,1575,1577,1577,1563,1553,1555,1549,1542,1528,1530,1525,1528,1514,1520,1514,1528,1523,1522,1523,1523,1510,1504,1505,1491,1488,1499,1487,1493,1487,1477,1476,1463,1443,1437,1425,1424,1427,1435,1440,1461,1462,1493,1502,1525,1544,1558,1578,1580,1591,1597,1607,1607,1614,1609,1605,1615,1616,1621,1622,1614,1615,1628,1629,1641,1653,1655,1655,1657,1649,1649,1649,1645,1644,1635,1635,1623,1630,1619,1617,1608,1612,1602,1590,1579,1565,1550,1532,1513,1515,1514,1508,1508,1500,1490,1487,1487,1478,1469,1453,1441,1439,1439,1432,1421,1427,1417,1413,1417,1416,1422,1430,1432,1419,1415,1429,1408,1412,1408,1410,1425,1421,1431,1426,1451,1465,1467,1474,1482,1481,1502,1505,1500,1502,1505,1517,1518,1534,1539,1542,1546,1543,1560,1569,1572,1575,1579,1585,1587,1595,1601,1594,1610,1614,1609,1603,1608,1610,1618,1619,1638,1655,1651,1627,1607,1607,1614,1623,1621,1621,1619,1621,1623,1615,1611,1609,1595,1593,1591,1585,1580,1579,1570,1575,1574,1566,1562,1556,1549,1545,1534,1521,1516,1513,1501,1499,1490,1480,1477,1475,1468,1473,1460,1471,1462,1454,1457,1450,1461,1464,1472,1476
1635,1641,1630,1616,1607,1605,1595,1580,1582,1583,1565,1556,1562,1548,1540,1535,1528,1525,1517,1525,1521,1524,1514,1519,1524,1519,1519,1513,1513,1513,1507,1494,1478,1483,1482,1477,1488,1471,1479,1458,1438,1432,1425,1427,1438,1438,1448,1454,1482,1492,1510,1529,1543,1557,1565,1580,1584,1596,1604,1606,1608,1613,1612,1617,1623,1630,1636,1631,1630,1636,1638,1651,1652,1655,1653,1660,1648,1658,1659,1659,1639,1641,1631,1628,1623,1621,1617,1612,1598,1587,1574,1572,1558,1539,1538,1539,1537,1530,1529,1524,1519,1521,1523,1518,1496,1499,1487,1478,1466,1468,1465,1454,1456,1450,1452,1463,1465,1473,1466,1472,1470,1459,1461,1453,1438,1450,1452,1451,1462,1478,1491,1505,1513,1514,1514,1528,1539,1535,1528,1538,1538,1539,1553,1555,1556,1557,1565,1573,1570,1570,1575,1580,1574,1585,1593,1599,1603,1603,1615,1614,1610,1616,1612,1617,1632,1656,1661,1657,1629,1620,1614,1609,1621,1621,1617,1622,1622,1620,1617,1612,1606,1606,1593,1596,1585,1580,1574,1574,1572,1568,1566,1566,1548,1555,1544,1536,1535,1520,1514,1508,1505,1499,1488,1485,1478,1471,1470,1470,1468,1466,1464,1451,1465,1467,1468,1465,1473,1495
1627,1638,1633,1622,1616,1605,1592,1594,1584,1577,1571,1563,1561,1556,1541,1544,1534,1529,1526,1523,1515,1515,1520,1514,1515,1506,1515,1520,1518,1507,1508,1496,1506,1484,1481,1485,1473,1472,1472,1461,1461,1447,1439,1431,1427,1440,1447,1452,1447,1467,1487,1510,1522,1532,1550,1566,1574,1586,1594,1596,1602,1604,1607,1616,1621,1630,1633,1641,1636,1635,1639,1638,1651,1654,1657,1663,1664,1653,1657,1662,1652,1652,1646,1640,1638,1624,1617,1609,1591,1594,1582,1577,1565,1561,1562,1557,1551,1551,1545,1546,1552,1554,1552,1547,1540,1525,1522,1524,1512,1495,1490,1479,1484,1483,1495,1510,1505,1512,1515,1513,1517,1499,1493,1495,1489,1497,1492,1506,1509,1513,1538,1541,1542,1548,1553,1567,1565,1563,1563,1564,1567,1563,1569,1576,1581,1580,1582,1578,1577,1576,1577,1579,1582,1583,1602,1613,1610,1609,1612,1610,1614,1619,1622,1635,1653,1662,1657,1633,1620,1621,1603,1610,1613,1615,1617,1614,1621,1614,1611,1600,1602,1593,1594,1594,1586,1579,1576,1574,1562,1564,1560,1556,1544,1539,1526,1531,1522,1518,1513,1507,1496,1491,1491,1493,1473,1473,1471,1475,1469,1466,1466,1468,1462,1464,1463,1473,1487,1493
1609,1631,1641,1639,1624,1607,1601,1593,1591,1577,1579,1571,1563,1551,1548,1546,1534,1535,1527,1516,1521,1512,1520,1513,1514,1514,1515,1509,1515,1501,1509,1496,1505,1497,1496,1491,1469,1464,1477,1454,1460,1472,1451,1440,1443,1436,1441,1441,1455,1457,1471,1475,1500,1514,1540,1546,1559,1572,1583,1597,1594,1606,1605,1612,1614,1623,1628,1637,1641,1643,1638,1640,1643,1656,1653,1655,1660,1663,1656,1657,1659,1657,1650,1649,1645,1632,1623,1612,1609,1600,1597,1591,1581,1568,1573,1563,1564,1563,1568,1561,1574,1571,1570,1565,1560,1567,1550,1547,1534,1528,1515,1518,1519,1512,1515,1533,1543,1546,1550,1553,1539,1533,1528,1533,1529,1535,1533,1541,1542,1544,1558,1563,1569,1576,1572,1572,1583,1583,1579,1574,1585,1593,1591,1597,1595,1588,1587,1584,1581,1580,1579,1581,1591,1600,1604,1616,1615,1615,1612,1613,1615,1621,1636,1653,1665,1655,1635,1628,1623,1614,1612,1609,1603,1614,1614,1608,1612,1602,1598,1596,1594,1589,1592,1584,1570,1575,1574,1574,1570,1552,1549,1544,1536,1532,1526,1518,1513,1505,1506,1498,1494,1497,1478,1470,1465,1476,1471,1471,1459,1463,1468,1468,1470,1475,1477,1485,1504,1508
1605,1613,1622,1635,1637,1628,1609,1594,1587,1588,1593,1572,1565,1554,1556,1548,1537,1534,1519,1529,1524,1521,1516,1515,1518,1514,1515,1512,1505,1493,1509,1497,1491,1499,1496,1477,1479,1472,1463,1456,1456,1458,1454,1449,1442,1444,1438,1441,1436,1443,1455,1470,1483,1495,1525,1536,1549,1554,1569,1572,1593,1590,1597,1611,1609,1625,1628,1628,1628,1644,1639,1638,1642,1649,1657,1659,1659,1660,1658,1658,1655,1660,1659,1661,1653,1644,1637,1635,1623,1615,1612,1600,1605,1598,1583,1581,1576,1577,1580,1587,1585,1585,1585,1589,1580,1581,1562,1556,1552,1543,1539,1540,1533,1542,1549,1550,1557,1572,1565,1567,1568,1563,1555,1556,1556,1552,1555,1564,1575,1567,1574,1576,1585,1591,1594,1597,1604,1597,1595,1596,1601,1607,1608,1607,1603,1596,1581,1583,1580,1583,1596,1589,1591,1592,1600,1605,1608,1610,1613,1616,1622,1634,1649,1657,1654,1645,1632,1615,1619,1614,1603,1603,1606,1605,1605,1596,1594,1598,1596,1598,1593,1584,1596,1587,1577,1573,1569,1565,1562,1549,1542,1532,1524,1525,1514,1513,1498,1504,1496,1497,1481,1492,1481,1475,1470,1477,1471,1468,1478,1462,1462,1462,1468,1485,1478,1497,1512,1499
1594,1596,1612,1637,1643,1639,1627,1613,1597,1587,1588,1579,1580,1567,1549,1555,1543,1542,1538,1534,1519,1527,1524,1523,1516,1521,1516,1511,1506,1501,1499,1500,1490,1491,1491,1488,1478,1486,1479,1466,1458,1458,1451,1458,1452,1453,1449,1449,1456,1451,1444,1450,1467,1488,1499,1509,1538,1542,1561,1559,1578,1581,1589,1603,1607,1610,1613,1622,1630,1630,1638,1638,1643,1650,1651,1656,1663,1663,1661,1664,1659,1653,1656,1654,1654,1661,1655,1648,1632,1636,1628,1620,1616,1606,1603,1602,1596,1599,1595,1602,1605,1593,1600,1592,1594,1589,1575,1574,1571,1566,1564,1558,1557,1557,1563,1569,1582,1574,1586,1581,1569,1570,1574,1574,1579,1587,1582,1574,1588,1595,1591,1595,1598,1605,1614,1610,1612,1612,1608,1608,1608,1613,1617,1609,1611,1593,1589,1589,1594,1595,1598,1591,1587,1581,1586,1602,1605,1610,1609,1616,1625,1643,1658,1656,1648,1636,1624,1614,1604,1609,1606,1599,1610,1607,1600,1594,1590,1589,1593,1591,1588,1589,1577,1570,1576,1576,1561,1549,1550,1541,1536,1528,1518,1511,1506,1497,1495,1490,1488,1488,1481,1478,1474,1468,1472,1464,1478,1476,1467,1469,1466,1481,1477,1481,1494,1512,1514,1522
1591,1593,1601,1610,1630,1643,1640,1632,1605,1583,1591,1581,1577,1564,1561,1555,1547,1542,1531,1535,1531,1526,1511,1523,1517,1521,1513,1513,1501,1505,1482,1492,1498,1490,1487,1489,1473,1472,1482,1482,1476,1469,1456,1459,1458,1451,1445,1453,1450,1458,1455,1454,1459,1479,1483,1496,1510,1523,1541,1544,1555,1572,1578,1588,1594,1603,1603,1607,1616,1625,1628,1634,1642,1641,1651,1644,1650,1662,1665,1668,1665,1667,1660,1654,1658,1650,1653,1646,1652,1655,1646,1635,1634,1626,1616,1614,1620,1614,1616,1612,1618,1609,1608,1616,1617,1610,1607,1594,1588,1593,1584,1578,1580,1578,1581,1600,1600,1603,1589,1594,1584,1595,1592,1595,1590,1590,1605,1605,1610,1604,1607,1608,1610,1614,1614,1616,1618,1614,1611,1614,1618,1616,1623,1613,1602,1602,1604,1603,1607,1604,1600,1599,1596,1579,1593,1604,1608,1605,1613,1617,1629,1650,1642,1635,1629,1629,1608,1614,1605,1603,1598,1597,1600,1593,1596,1579,1593,1587,1581,1581,1582,1575,1575,1569,1570,1561,1558,1545,1535,1528,1531,1523,1512,1508,1496,1497,1476,1488,1480,1483,1481,1468,1474,1477,1468,1465,1472,1471,1470,1463,1467,1477,1483,1491,1507,1517,1528,1540
1578,1597,1599,1603,1615,1633,1645,1641,1624,1609,1590,1585,1584,1577,1566,1556,1548,1549,1542,1539,1524,1519,1524,1525,1515,1519,1505,1511,1510,1503,1497,1497,1498,1484,1490,1490,1489,1480,1473,1481,1470,1472,1483,1465,1466,1461,1460,1458,1456,1456,1453,1470,1465,1467,1480,1490,1493,1513,1519,1538,1555,1554,1566,1573,1589,1595,1595,1600,1610,1617,1623,1625,1639,1642,1640,1636,1643,1650,1659,1657,1663,1668,1664,1668,1657,1654,1651,1653,1657,1664,1650,1645,1649,1650,1642,1636,1636,1633,1643,1638,1630,1632,1637,1635,1626,1628,1618,1621,1613,1613,1599,1597,1595,1596,1602,1613,1614,1615,1613,1608,1608,1611,1607,1609,1607,1605,1616,1617,1618,1620,1615,1614,1612,1614,1616,1621,1616,1620,1622,1616,1616,1619,1620,1614,1610,1604,1605,1610,1610,1610,1608,1599,1595,1600,1599,1605,1605,1621,1622,1623,1625,1627,1621,1615,1613,1614,1604,1608,1606,1597,1595,1594,1590,1591,1593,1589,1588,1584,1586,1583,1575,1576,1563,1566,1553,1552,1549,1542,1534,1527,1527,1511,1506,1496,1493,1496,1486,1480,1487,1481,1467,1473,1472,1472,1477,1473,1477,1475,1463,1466,1485,1481,1491,1507,1505,1517,1530,1534
1570,1582,1589,1605,1604,1608,1629,1637,1629,1622,1607,1595,1582,1581,1575,1564,1556,1556,1548,1538,1525,1532,1517,1517,1523,1524,1512,1508,1518,1492,1491,1513,1498,1493,1497,1489,1486,1478,1482,1477,1472,1476,1468,1463,1470,1476,1468,1464,1454,1446,1459,1451,1470,1462,1471,1494,1497,1506,1508,1521,1540,1544,1552,1566,1573,1581,1584,1592,1598,1599,1608,1617,1620,1631,1637,1642,1640,1645,1644,1649,1643,1657,1665,1660,1661,1656,1656,1653,1654,1659,1657,1652,1657,1661,1667,1653,1653,1640,1651,1641,1642,1640,1649,1651,1643,1639,1650,1645,1645,1635,1623,1616,1615,1634,1628,1631,1623,1622,1613,1612,1626,1629,1625,1623,1620,1618,1623,1628,1624,1626,1617,1622,1616,1620,1619,1619,1623,1627,1623,1621,1621,1625,1622,1621,1616,1617,1617,1621,1614,1617,1614,1600,1598,1599,1605,1609,1616,1619,1619,1618,1610,1601,1604,1602,1605,1600,1597,1604,1604,1587,1597,1589,1584,1586,1580,1586,1582,1586,1577,1573,1574,1562,1552,1551,1554,1541,1533,1538,1514,1520,1515,1503,1492,1495,1478,1487,1482,1474,1474,1475,1471,1460,1481,1466,1475,1485,1476,1470,1480,1478,1493,1487,1500,1513,1513,1522,1539,1539
