1257,1257,1277,1257,1267,1274,1272,1241,1220,1231,1249,1257,1284,1281,1302,1325,1337,1361,1399,1423,1439,1460,1480,1526,1540,1558,1568,1586,1593,1612,1614,1619,1621,1618,1623,1628,1610,1605,1597,1582,1572,1555,1534,1512,1487,1447,1424,1374,1344,1307,1275,1267,1249,1243,1284,1270,1290,1268,1267,1279,1289,1275,1285,1297,1344,1383,1410,1405,1429,1427,1441,1441,1469,1495,1499,1506,1520,1530,1527,1513,1526,1543,1563,1574,1586,1598,1603,1604,1611,1606,1594,1560,1552,1564,1569,1578,1587,1596,1644,1659,1651,1630,1600,1607,1651,1706,1724,1682,1667,1676,1773,1897,1929,1857,1760,1713,1693,1690,1683,1674,1672,1660,1651,1640,1629,1621,1609,1600,1591,1592,1592,1577,1539,1528,1533,1529,1508,1503,1493,1507,1487,1494,1485,1461,1458,1428,1415,1375,1368,1334,1337,1313,1314,1338,1312,1282,1290,1284,1287,1292,1318,1307,1310,1314,1301,1312,1320,1345,1350,1338,1340,1312,1281,1217,1228,1136,1181,1202,1177,1148,1202,1169,1188,1195,1217,1214,1217,1217,1214,1257,1272,1336,1354,1386,1406,1421,1445,1449,1464,1453,1467,1468,1472,1466,1475,1471,1475,1463,1468,1461,1462,1458,1446,1442,1429,1432,1434,1428
1277,1257,1243,1267,1270,1259,1281,1243,1220,1245,1245,1245,1274,1297,1310,1334,1354,1381,1411,1423,1441,1477,1511,1527,1544,1567,1588,1598,1604,1611,1610,1617,1617,1621,1615,1614,1610,1602,1593,1577,1562,1537,1507,1479,1452,1413,1385,1345,1292,1274,1241,1259,1251,1267,1253,1298,1281,1285,1297,1284,1284,1272,1324,1324,1368,1384,1397,1413,1417,1432,1444,1454,1472,1486,1495,1503,1516,1517,1515,1520,1534,1546,1567,1576,1580,1584,1600,1609,1609,1591,1573,1559,1561,1573,1578,1590,1616,1629,1675,1671,1651,1645,1590,1574,1629,1726,1734,1695,1691,1652,1757,1888,1917,1838,1764,1735,1719,1725,1729,1735,1744,1723,1692,1647,1653,1657,1630,1606,1574,1569,1584,1572,1542,1522,1534,1549,1531,1502,1487,1490,1498,1500,1486,1476,1458,1419,1400,1365,1347,1337,1307,1307,1277,1304,1313,1247,1272,1300,1293,1270,1287,1289,1307,1326,1301,1307,1327,1344,1346,1340,1341,1333,1301,1251,1208,1198,1165,1161,1173,1169,1192,1165,1173,1185,1169,1208,1211,1202,1243,1220,1265,1292,1323,1371,1387,1419,1434,1446,1454,1460,1461,1475,1475,1464,1468,1472,1473,1472,1472,1463,1469,1458,1458,1441,1429,1426,1438,1431
1274,1247,1274,1267,1259,1275,1274,1265,1234,1236,1265,1272,1277,1301,1316,1337,1364,1409,1421,1447,1461,1495,1525,1534,1555,1575,1590,1597,1604,1615,1609,1614,1612,1623,1616,1611,1603,1596,1580,1577,1545,1529,1490,1461,1424,1386,1353,1309,1277,1223,1243,1253,1205,1255,1282,1292,1305,1281,1295,1308,1293,1281,1284,1325,1357,1395,1402,1420,1433,1440,1448,1468,1476,1493,1501,1515,1515,1529,1523,1538,1556,1561,1572,1587,1593,1594,1607,1616,1611,1595,1578,1586,1582,1583,1582,1614,1664,1672,1683,1661,1629,1661,1664,1640,1642,1680,1683,1721,1749,1715,1817,1924,1934,1878,1797,1734,1720,1770,1820,1852,1855,1821,1754,1667,1668,1667,1653,1623,1551,1548,1581,1570,1554,1539,1526,1541,1541,1502,1497,1485,1510,1508,1514,1489,1455,1423,1395,1367,1348,1337,1301,1281,1284,1305,1320,1297,1275,1282,1284,1272,1253,1272,1282,1293,1310,1302,1329,1355,1362,1342,1356,1357,1323,1322,1208,1195,1139,1152,1133,1173,1148,1208,1105,1133,1181,1177,1214,1165,1152,1195,1255,1285,1304,1354,1391,1402,1421,1439,1449,1466,1463,1466,1466,1481,1482,1469,1473,1466,1467,1461,1470,1462,1448,1449,1428,1440,1430,1450
1259,1253,1247,1243,1249,1277,1272,1231,1249,1268,1251,1261,1305,1308,1346,1357,1387,1417,1427,1458,1489,1518,1533,1551,1569,1585,1597,1596,1605,1614,1612,1616,1610,1615,1606,1611,1603,1586,1575,1553,1537,1509,1463,1423,1412,1354,1322,1272,1247,1241,1226,1241,1241,1241,1282,1300,1297,1293,1275,1300,1305,1292,1309,1309,1351,1374,1393,1415,1425,1447,1466,1477,1481,1498,1497,1505,1527,1535,1539,1552,1565,1566,1575,1589,1605,1616,1621,1628,1617,1617,1614,1620,1621,1620,1618,1635,1667,1680,1679,1678,1669,1684,1692,1665,1655,1666,1673,1693,1726,1798,1927,2007,2007,1975,1842,1732,1764,1877,1922,1952,1951,1905,1811,1702,1676,1688,1668,1651,1603,1589,1609,1599,1579,1566,1547,1546,1549,1520,1513,1515,1524,1507,1502,1493,1473,1459,1409,1380,1363,1345,1317,1305,1316,1319,1317,1293,1300,1281,1281,1305,1282,1297,1297,1307,1289,1309,1335,1336,1363,1357,1366,1360,1348,1302,1241,1192,1198,1188,1169,1181,1198,1195,1157,1148,1195,1177,1165,1188,1148,1188,1217,1245,1292,1333,1354,1385,1413,1431,1458,1465,1466,1465,1483,1478,1487,1480,1468,1477,1462,1465,1463,1467,1458,1450,1434,1434,1440,1457
1263,1272,1279,1241,1245,1261,1236,1238,1251,1253,1267,1257,1309,1329,1335,1371,1409,1427,1446,1472,1501,1525,1548,1563,1579,1592,1601,1601,1609,1615,1614,1604,1618,1609,1607,1596,1592,1575,1554,1545,1522,1478,1432,1413,1364,1316,1285,1272,1249,1228,1223,1205,1247,1231,1272,1281,1268,1284,1253,1268,1259,1285,1302,1327,1361,1376,1401,1411,1430,1446,1469,1486,1482,1503,1512,1514,1527,1547,1548,1567,1568,1563,1572,1592,1601,1617,1624,1636,1628,1620,1617,1644,1662,1667,1651,1654,1679,1686,1692,1703,1704,1763,1770,1686,1680,1678,1680,1689,1710,1801,1952,2007,2007,1996,1843,1732,1796,1931,1977,2007,2007,1961,1847,1718,1670,1692,1694,1674,1616,1597,1608,1619,1595,1574,1561,1550,1553,1530,1523,1527,1534,1523,1506,1496,1478,1480,1424,1390,1397,1367,1342,1333,1325,1313,1300,1284,1284,1287,1259,1277,1298,1297,1301,1287,1301,1293,1268,1261,1332,1355,1363,1352,1365,1317,1236,1211,1148,1165,1211,1245,1105,1202,1173,1211,1157,1165,1202,1133,1143,1181,1185,1228,1268,1285,1325,1348,1405,1421,1440,1447,1469,1470,1467,1476,1469,1477,1476,1475,1467,1462,1459,1454,1463,1449,1443,1434,1443,1459
1277,1263,1272,1261,1263,1245,1241,1228,1241,1253,1287,1289,1305,1332,1363,1385,1429,1442,1466,1483,1519,1529,1555,1569,1583,1601,1607,1618,1611,1622,1615,1611,1615,1612,1608,1595,1577,1569,1553,1519,1494,1449,1429,1386,1337,1285,1263,1231,1198,1195,1214,1223,1214,1228,1214,1290,1290,1274,1259,1245,1253,1267,1302,1324,1370,1388,1417,1430,1439,1459,1476,1497,1502,1506,1512,1529,1548,1548,1569,1584,1573,1540,1528,1556,1599,1616,1633,1641,1638,1621,1643,1680,1675,1667,1623,1576,1601,1668,1670,1669,1678,1733,1731,1684,1689,1681,1690,1692,1701,1738,1858,1965,1982,1900,1767,1714,1770,1924,2007,2007,2004,1946,1813,1696,1680,1745,1725,1668,1590,1539,1596,1623,1615,1603,1595,1590,1561,1544,1541,1537,1542,1530,1513,1512,1506,1475,1448,1395,1386,1371,1388,1356,1337,1307,1290,1292,1277,1268,1268,1243,1289,1309,1287,1297,1298,1289,1290,1287,1290,1363,1363,1357,1354,1330,1257,1202,1148,1143,1208,1257,1173,1169,1148,1169,1148,1169,1173,1148,1165,1092,1177,1173,1208,1249,1298,1352,1387,1423,1434,1443,1470,1470,1478,1478,1483,1476,1478,1478,1474,1468,1452,1438,1440,1432,1440,1425,1442,1455
1289,1245,1255,1205,1259,1249,1226,1228,1228,1263,1249,1287,1330,1348,1377,1405,1431,1456,1476,1500,1528,1541,1562,1586,1591,1600,1603,1611,1611,1618,1620,1621,1616,1609,1598,1587,1573,1551,1539,1499,1471,1432,1413,1353,1312,1281,1249,1270,1241,1243,1202,1214,1226,1234,1285,1295,1317,1312,1257,1270,1272,1261,1307,1322,1353,1390,1424,1419,1451,1454,1469,1495,1513,1514,1530,1540,1555,1565,1591,1612,1603,1575,1555,1571,1618,1610,1602,1616,1611,1618,1674,1720,1700,1656,1589,1492,1534,1663,1660,1666,1672,1680,1680,1688,1695,1703,1700,1703,1706,1713,1733,1777,1791,1742,1717,1702,1718,1822,1929,1947,1887,1821,1733,1662,1630,1677,1703,1655,1587,1554,1594,1636,1641,1614,1614,1595,1551,1539,1549,1552,1551,1546,1519,1518,1503,1491,1461,1416,1392,1368,1374,1368,1334,1277,1270,1275,1270,1277,1274,1245,1268,1295,1284,1313,1268,1279,1263,1270,1282,1314,1358,1327,1323,1289,1245,1177,1185,1136,1161,1202,1198,1177,1169,1192,1148,1133,1122,1173,1148,1185,1165,1143,1217,1249,1263,1322,1384,1416,1438,1436,1454,1477,1470,1472,1483,1481,1472,1488,1477,1469,1456,1430,1423,1428,1439,1432,1450,1450
1270,1255,1285,1241,1251,1217,1217,1255,1249,1270,1285,1314,1337,1365,1396,1421,1439,1463,1500,1519,1527,1557,1572,1595,1597,1609,1616,1616,1624,1627,1623,1620,1615,1602,1588,1575,1556,1538,1514,1486,1440,1399,1365,1323,1268,1251,1217,1226,1211,1217,1211,1226,1214,1226,1270,1329,1310,1329,1292,1268,1259,1281,1277,1331,1373,1399,1419,1440,1456,1455,1483,1495,1517,1518,1543,1548,1573,1577,1604,1623,1629,1607,1610,1642,1691,1645,1594,1588,1595,1618,1678,1723,1690,1632,1604,1559,1573,1665,1673,1670,1686,1694,1690,1692,1702,1708,1704,1702,1706,1713,1710,1713,1714,1710,1693,1680,1678,1713,1754,1750,1672,1637,1674,1671,1637,1637,1668,1654,1631,1613,1626,1635,1639,1615,1614,1604,1567,1548,1529,1556,1558,1546,1525,1527,1516,1502,1457,1409,1389,1386,1362,1355,1318,1285,1268,1259,1251,1287,1251,1251,1270,1277,1289,1307,1287,1247,1272,1285,1251,1270,1325,1295,1261,1245,1217,1185,1157,1152,1198,1177,1198,1143,1192,1152,1173,1192,1092,1208,1195,1214,1202,1143,1181,1205,1259,1285,1353,1391,1426,1436,1447,1465,1472,1476,1490,1483,1475,1479,1465,1476,1452,1450,1419,1421,1422,1431,1439,1450
1300,1261,1282,1268,1251,1228,1220,1251,1243,1300,1284,1316,1329,1384,1409,1434,1453,1468,1503,1524,1536,1564,1587,1596,1606,1613,1621,1623,1628,1624,1621,1618,1610,1594,1584,1563,1541,1525,1495,1449,1413,1358,1333,1305,1249,1249,1243,1257,1220,1181,1261,1205,1211,1202,1261,1281,1302,1300,1267,1268,1285,1289,1312,1342,1370,1395,1428,1438,1455,1479,1499,1510,1516,1529,1548,1561,1574,1581,1606,1632,1643,1627,1615,1648,1706,1691,1628,1590,1602,1621,1645,1667,1653,1642,1668,1680,1664,1670,1683,1687,1701,1709,1701,1706,1706,1707,1705,1710,1709,1720,1712,1714,1706,1696,1669,1649,1653,1675,1695,1694,1665,1652,1686,1701,1694,1687,1689,1676,1663,1645,1648,1635,1627,1615,1627,1614,1582,1561,1555,1568,1563,1545,1525,1531,1518,1504,1474,1413,1397,1390,1373,1340,1308,1309,1247,1282,1251,1259,1268,1265,1292,1300,1270,1309,1322,1295,1236,1243,1211,1195,1195,1236,1238,1228,1226,1169,1152,1165,1165,1143,1202,1127,1208,1139,1173,1105,1165,1173,1152,1133,1169,1139,1173,1181,1238,1272,1338,1372,1415,1428,1443,1444,1451,1481,1486,1468,1483,1465,1474,1462,1462,1466,1430,1416,1430,1434,1429,1449
1277,1263,1257,1275,1259,1217,1236,1231,1261,1279,1287,1308,1344,1388,1420,1435,1461,1480,1511,1537,1551,1574,1588,1600,1608,1619,1616,1624,1619,1625,1618,1611,1597,1581,1571,1551,1534,1513,1479,1436,1393,1356,1326,1259,1265,1253,1251,1249,1211,1214,1211,1198,1217,1208,1236,1253,1241,1265,1257,1257,1263,1318,1341,1347,1368,1416,1436,1442,1451,1480,1511,1509,1519,1534,1545,1560,1568,1575,1583,1626,1645,1640,1613,1592,1623,1640,1609,1610,1621,1621,1634,1651,1645,1648,1675,1706,1690,1689,1695,1703,1714,1726,1714,1708,1709,1708,1709,1718,1723,1712,1720,1718,1710,1698,1645,1580,1577,1636,1693,1708,1716,1727,1736,1749,1762,1757,1749,1727,1687,1662,1668,1652,1621,1635,1643,1639,1598,1575,1571,1587,1583,1567,1551,1548,1534,1530,1500,1466,1418,1388,1385,1344,1333,1308,1274,1279,1243,1223,1245,1272,1298,1326,1285,1292,1289,1265,1211,1243,1195,1217,1202,1223,1185,1195,1192,1181,1195,1169,1185,1148,1165,1148,1169,1105,1105,1181,1139,1115,1122,1148,1122,1165,1192,1165,1214,1220,1290,1335,1377,1411,1432,1439,1453,1472,1482,1480,1472,1468,1470,1462,1473,1467,1467,1429,1413,1434,1447,1445
1251,1257,1261,1247,1274,1231,1251,1245,1261,1275,1330,1343,1375,1401,1421,1443,1473,1493,1516,1542,1554,1580,1597,1607,1607,1616,1623,1621,1623,1620,1616,1609,1591,1576,1565,1552,1520,1498,1445,1415,1353,1314,1293,1304,1274,1251,1259,1247,1226,1228,1220,1185,1202,1238,1192,1195,1217,1211,1231,1270,1272,1312,1324,1354,1389,1411,1427,1458,1465,1487,1510,1517,1530,1533,1548,1563,1573,1579,1594,1603,1626,1634,1608,1577,1592,1610,1617,1622,1634,1641,1677,1698,1665,1667,1674,1701,1700,1709,1729,1736,1734,1756,1736,1713,1700,1714,1721,1724,1725,1726,1728,1724,1722,1702,1646,1564,1549,1637,1705,1736,1790,1836,1866,1877,1890,1898,1900,1877,1798,1705,1695,1671,1657,1658,1661,1646,1612,1595,1598,1603,1585,1590,1562,1556,1555,1548,1522,1481,1456,1415,1374,1366,1342,1309,1274,1298,1259,1277,1272,1281,1284,1297,1300,1270,1263,1268,1226,1226,1198,1231,1195,1192,1202,1165,1223,1253,1214,1177,1157,1157,1214,1188,1185,1157,1169,1133,1185,1136,1161,1188,1148,1053,1157,1173,1185,1236,1261,1313,1358,1405,1431,1448,1450,1466,1476,1482,1476,1480,1460,1464,1472,1465,1460,1452,1444,1437,1437,1451
1257,1249,1263,1247,1220,1255,1234,1267,1274,1297,1326,1346,1390,1427,1436,1449,1487,1515,1524,1551,1561,1590,1598,1614,1616,1622,1629,1623,1634,1623,1605,1605,1584,1577,1556,1527,1503,1472,1426,1389,1344,1309,1293,1259,1279,1257,1249,1285,1255,1211,1214,1231,1217,1208,1247,1202,1208,1223,1245,1257,1285,1310,1309,1374,1388,1421,1428,1472,1487,1486,1508,1518,1542,1545,1554,1567,1574,1588,1605,1597,1607,1620,1589,1585,1597,1622,1629,1644,1657,1663,1685,1681,1679,1675,1691,1697,1710,1742,1792,1778,1775,1795,1765,1733,1709,1709,1739,1749,1736,1739,1762,1747,1738,1721,1679,1621,1615,1674,1729,1808,1874,1897,1899,1908,1921,1939,1965,1975,1904,1760,1729,1712,1696,1687,1682,1662,1637,1631,1615,1609,1600,1604,1580,1552,1555,1546,1522,1491,1452,1436,1405,1356,1360,1293,1308,1285,1255,1259,1267,1281,1298,1300,1292,1284,1241,1231,1217,1205,1243,1251,1245,1202,1245,1243,1265,1247,1214,1152,1139,1143,1185,1169,1202,1165,1173,1148,1136,1122,1192,1173,1169,1105,1143,1205,1208,1228,1243,1301,1318,1390,1419,1450,1450,1466,1463,1477,1471,1478,1461,1458,1454,1458,1462,1463,1454,1447,1452,1450
1275,1238,1263,1238,1251,1253,1263,1274,1270,1316,1335,1358,1407,1430,1444,1468,1490,1522,1540,1561,1573,1594,1601,1605,1610,1628,1632,1628,1630,1622,1607,1594,1577,1565,1546,1515,1484,1438,1400,1365,1316,1287,1253,1265,1277,1274,1267,1282,1241,1245,1223,1228,1226,1205,1253,1241,1236,1267,1238,1268,1265,1293,1329,1353,1391,1424,1450,1463,1495,1512,1528,1523,1528,1548,1562,1584,1593,1593,1593,1594,1586,1589,1586,1589,1614,1628,1636,1647,1666,1687,1683,1668,1654,1668,1712,1711,1727,1766,1790,1784,1837,1844,1780,1749,1736,1725,1749,1756,1742,1749,1786,1766,1743,1735,1714,1695,1695,1717,1753,1824,1856,1868,1883,1893,1893,1919,1955,1974,1918,1797,1748,1753,1770,1780,1775,1732,1675,1667,1653,1633,1614,1611,1585,1565,1543,1534,1513,1482,1464,1450,1419,1384,1365,1350,1337,1289,1274,1255,1298,1282,1272,1277,1270,1245,1238,1195,1192,1217,1226,1275,1281,1263,1231,1245,1292,1289,1253,1220,1148,1143,1161,1165,1173,1177,1143,1198,1169,1169,1105,1177,1148,1139,1130,1122,1165,1181,1185,1223,1297,1351,1403,1427,1446,1465,1471,1473,1471,1479,1473,1461,1456,1459,1464,1466,1465,1464,1465,1466
1267,1267,1241,1245,1223,1245,1274,1274,1284,1323,1356,1378,1429,1450,1447,1472,1501,1523,1543,1569,1586,1599,1606,1615,1620,1623,1623,1623,1623,1617,1608,1595,1576,1554,1528,1493,1457,1408,1378,1335,1292,1247,1268,1265,1272,1275,1255,1267,1253,1261,1245,1247,1238,1236,1234,1220,1231,1267,1243,1251,1282,1289,1326,1341,1402,1431,1458,1476,1504,1524,1532,1540,1550,1566,1585,1603,1623,1599,1595,1610,1615,1605,1602,1617,1621,1648,1648,1660,1672,1702,1719,1686,1632,1668,1709,1715,1734,1759,1798,1889,1921,1850,1784,1770,1761,1740,1732,1736,1737,1744,1753,1752,1749,1749,1743,1743,1756,1741,1747,1759,1776,1810,1833,1868,1881,1899,1934,1943,1887,1836,1853,1861,1873,1882,1842,1821,1737,1695,1680,1657,1635,1620,1599,1580,1550,1531,1506,1487,1475,1453,1435,1401,1348,1338,1309,1275,1261,1267,1243,1249,1265,1257,1247,1255,1165,1198,1195,1223,1236,1267,1290,1245,1217,1231,1281,1290,1268,1214,1127,1075,1185,1208,1205,1173,1165,1139,1173,1165,1177,1136,1192,1075,1165,1173,1192,1177,1192,1236,1282,1333,1376,1413,1449,1470,1478,1488,1474,1470,1481,1475,1464,1464,1467,1452,1463,1467,1468,1462
1257,1274,1257,1236,1243,1223,1259,1267,1298,1352,1351,1400,1434,1451,1471,1490,1516,1539,1555,1573,1596,1602,1608,1621,1624,1628,1621,1623,1617,1610,1597,1589,1568,1541,1513,1470,1421,1403,1350,1324,1285,1282,1279,1289,1282,1301,1305,1293,1301,1272,1265,1255,1249,1261,1220,1238,1226,1253,1255,1275,1272,1297,1323,1368,1418,1429,1461,1505,1521,1528,1557,1572,1575,1579,1595,1597,1612,1599,1605,1630,1655,1621,1630,1632,1643,1657,1673,1681,1702,1770,1851,1847,1804,1761,1736,1719,1714,1756,1861,1970,1964,1862,1799,1793,1780,1738,1719,1719,1731,1741,1750,1754,1753,1750,1749,1763,1775,1734,1705,1700,1718,1732,1759,1828,1851,1875,1906,1901,1870,1882,1901,1899,1897,1884,1831,1843,1796,1749,1697,1659,1644,1614,1611,1593,1579,1550,1521,1481,1470,1455,1417,1392,1365,1338,1275,1243,1277,1228,1267,1255,1245,1259,1220,1198,1211,1211,1195,1198,1211,1251,1257,1255,1228,1211,1282,1268,1247,1185,1133,1161,1143,1152,1133,1188,1053,1177,1181,1169,1165,1208,1188,1208,1136,1139,1133,1169,1173,1188,1249,1316,1352,1414,1432,1456,1475,1485,1477,1481,1483,1475,1471,1471,1456,1466,1472,1462,1464,1467
1281,1261,1257,1241,1228,1243,1289,1282,1307,1338,1370,1412,1434,1467,1485,1506,1530,1544,1568,1586,1598,1607,1607,1623,1624,1623,1627,1625,1613,1605,1600,1567,1559,1529,1504,1458,1417,1356,1329,1307,1277,1270,1298,1282,1301,1314,1298,1304,1281,1257,1220,1185,1253,1211,1247,1231,1245,1270,1277,1274,1257,1293,1307,1377,1430,1452,1495,1541,1544,1542,1567,1583,1576,1590,1598,1619,1619,1608,1616,1633,1634,1627,1647,1660,1667,1672,1678,1706,1753,1896,1998,2007,2007,1933,1784,1713,1692,1735,1828,1905,1878,1812,1827,1867,1804,1742,1711,1695,1716,1733,1755,1765,1761,1758,1758,1749,1745,1735,1703,1657,1663,1667,1704,1780,1842,1854,1846,1841,1853,1860,1868,1872,1862,1858,1830,1848,1851,1827,1711,1634,1631,1626,1613,1607,1598,1580,1530,1498,1475,1421,1363,1365,1371,1327,1284,1231,1267,1279,1285,1298,1249,1290,1226,1214,1236,1257,1202,1223,1241,1234,1251,1257,1268,1195,1249,1284,1217,1143,1165,1211,1211,1173,1165,1143,1165,1136,1220,1177,1192,1173,1205,1143,1169,1130,1157,1161,1169,1198,1243,1282,1317,1388,1419,1452,1473,1486,1481,1487,1476,1492,1487,1473,1465,1473,1466,1468,1482,1467
1267,1253,1272,1226,1228,1265,1274,1297,1309,1365,1386,1423,1441,1465,1495,1518,1528,1550,1580,1590,1599,1605,1613,1616,1615,1622,1622,1619,1619,1601,1584,1568,1549,1509,1476,1438,1403,1353,1317,1284,1297,1259,1307,1314,1298,1285,1301,1322,1295,1293,1268,1211,1208,1198,1202,1234,1238,1253,1270,1287,1279,1279,1309,1373,1423,1481,1588,1706,1655,1583,1575,1578,1577,1598,1607,1612,1611,1616,1625,1629,1641,1644,1665,1670,1676,1686,1689,1716,1804,1985,2007,2007,2007,1957,1817,1717,1692,1712,1735,1755,1780,1785,1812,1878,1833,1760,1729,1715,1721,1743,1762,1771,1772,1765,1760,1751,1746,1743,1729,1701,1673,1678,1711,1765,1831,1873,1861,1815,1787,1804,1817,1812,1816,1820,1824,1839,1869,1851,1692,1596,1604,1609,1607,1607,1601,1573,1530,1514,1486,1428,1358,1371,1357,1309,1313,1267,1287,1297,1332,1304,1312,1281,1285,1226,1214,1241,1234,1220,1253,1238,1231,1267,1284,1217,1205,1223,1195,1127,1214,1195,1181,1165,1133,1127,1165,1157,1130,1127,1165,1165,1148,1177,1075,1165,1165,1169,1165,1202,1220,1238,1307,1357,1394,1434,1459,1471,1487,1498,1490,1487,1478,1475,1473,1468,1478,1481,1486,1486
1238,1268,1241,1253,1238,1259,1275,1313,1358,1389,1414,1424,1452,1475,1498,1525,1542,1566,1587,1601,1602,1609,1609,1618,1614,1622,1619,1616,1608,1605,1580,1574,1548,1508,1465,1410,1377,1312,1277,1282,1298,1285,1297,1335,1314,1302,1292,1309,1290,1272,1263,1231,1208,1226,1211,1223,1272,1255,1282,1285,1298,1304,1330,1375,1428,1504,1655,1808,1765,1626,1591,1572,1572,1590,1608,1620,1615,1617,1646,1652,1644,1649,1663,1672,1679,1690,1700,1732,1827,2007,2007,2007,2007,1884,1777,1725,1722,1733,1736,1741,1766,1786,1799,1859,1863,1790,1761,1749,1750,1766,1773,1784,1781,1769,1768,1765,1758,1748,1745,1744,1740,1736,1733,1740,1772,1817,1803,1740,1697,1724,1739,1722,1731,1766,1799,1788,1810,1814,1690,1606,1589,1585,1593,1605,1588,1564,1527,1520,1492,1458,1412,1402,1381,1298,1281,1274,1261,1329,1342,1332,1322,1305,1304,1247,1192,1236,1249,1253,1282,1238,1211,1257,1287,1205,1192,1122,1181,1053,1143,1169,1202,1181,1173,1143,1152,1169,1165,1188,1148,1177,964,1148,1157,898,1253,1185,1127,1188,1177,1236,1257,1317,1375,1421,1454,1475,1497,1491,1492,1500,1493,1487,1473,1475,1473,1479,1480,1483
1284,1234,1274,1223,1245,1236,1297,1325,1361,1389,1415,1441,1456,1486,1509,1523,1550,1577,1592,1601,1605,1615,1605,1612,1610,1612,1610,1616,1609,1591,1579,1558,1527,1492,1449,1402,1343,1287,1267,1257,1270,1312,1319,1305,1313,1310,1277,1317,1289,1228,1243,1251,1228,1247,1270,1259,1253,1279,1289,1290,1289,1308,1337,1395,1430,1495,1587,1711,1705,1615,1583,1582,1589,1599,1651,1694,1677,1643,1679,1710,1667,1660,1668,1677,1693,1690,1711,1724,1819,2007,2007,2007,2007,1866,1774,1761,1765,1766,1772,1783,1785,1801,1801,1824,1844,1807,1780,1778,1775,1782,1784,1794,1785,1779,1775,1767,1766,1760,1757,1755,1752,1748,1733,1723,1743,1766,1707,1652,1638,1692,1715,1709,1689,1716,1744,1747,1761,1792,1727,1680,1614,1547,1568,1592,1552,1564,1539,1527,1514,1482,1445,1439,1429,1324,1285,1274,1301,1354,1338,1346,1342,1324,1305,1268,1234,1261,1298,1305,1287,1249,1217,1245,1220,1192,1161,1161,1173,1169,1181,1217,1165,1115,1152,1161,1127,1127,1169,1143,1139,1136,1075,1177,1173,1173,1130,1205,1173,1161,1195,1169,1247,1317,1345,1409,1439,1471,1482,1493,1494,1500,1511,1499,1496,1480,1473,1476,1485,1485
1263,1261,1259,1223,1267,1249,1295,1325,1371,1383,1426,1440,1478,1479,1517,1536,1559,1579,1602,1609,1614,1612,1608,1616,1610,1601,1608,1601,1607,1585,1573,1548,1514,1473,1434,1368,1322,1292,1263,1226,1228,1289,1289,1309,1320,1310,1327,1302,1268,1214,1234,1238,1253,1249,1236,1238,1270,1285,1255,1272,1284,1277,1325,1395,1432,1477,1521,1560,1590,1580,1583,1595,1610,1630,1705,1763,1741,1670,1702,1730,1681,1675,1680,1688,1700,1706,1714,1732,1783,1945,2007,2007,1929,1827,1790,1787,1790,1787,1793,1808,1821,1811,1814,1806,1800,1796,1782,1785,1787,1797,1794,1793,1791,1783,1782,1777,1767,1762,1764,1758,1753,1739,1719,1683,1733,1785,1727,1668,1667,1702,1721,1749,1724,1695,1708,1733,1784,1814,1776,1765,1676,1561,1539,1549,1511,1548,1564,1534,1516,1494,1480,1461,1432,1351,1333,1261,1275,1324,1364,1367,1347,1351,1313,1307,1293,1272,1312,1357,1329,1245,1192,1185,1279,1205,1223,1161,1139,1148,1130,1195,1181,1173,1143,1152,1157,1169,1181,1198,1139,1139,1130,1169,1198,1173,1208,1139,1157,1161,1161,1238,1228,1270,1322,1374,1415,1450,1477,1498,1506,1512,1505,1516,1504,1485,1486,1479,1474,1481
1259,1241,1263,1234,1255,1268,1314,1324,1373,1405,1429,1454,1481,1512,1527,1546,1560,1593,1605,1610,1616,1615,1607,1610,1598,1597,1601,1597,1592,1576,1562,1541,1513,1460,1409,1358,1325,1251,1228,1205,1220,1282,1272,1302,1320,1312,1334,1293,1234,1223,1238,1243,1261,1243,1270,1253,1243,1251,1226,1279,1284,1310,1345,1407,1435,1472,1497,1532,1565,1588,1593,1605,1604,1635,1714,1780,1753,1674,1675,1675,1674,1681,1686,1704,1729,1749,1723,1710,1742,1891,2007,1982,1846,1799,1791,1793,1801,1801,1810,1817,1820,1822,1824,1814,1778,1747,1748,1782,1798,1798,1806,1840,1809,1787,1784,1779,1781,1772,1765,1757,1744,1733,1727,1703,1734,1790,1775,1729,1714,1718,1727,1745,1736,1681,1677,1740,1831,1859,1828,1775,1707,1581,1515,1504,1515,1546,1554,1527,1519,1485,1473,1450,1417,1394,1351,1305,1282,1314,1351,1380,1363,1335,1326,1325,1282,1317,1373,1394,1386,1312,1236,1255,1292,1257,1188,1173,1195,1202,1148,1208,1211,1226,1136,1173,1092,1143,1133,1173,1139,1130,1173,1161,1223,1173,1105,1177,1152,1165,1165,1161,1192,1217,1289,1340,1405,1436,1466,1493,1499,1515,1511,1512,1501,1482,1475,1471,1465,1466
1267,1251,1253,1253,1263,1295,1297,1353,1377,1406,1432,1461,1483,1510,1530,1551,1580,1601,1610,1614,1625,1615,1610,1612,1607,1599,1597,1595,1592,1570,1555,1523,1483,1460,1391,1331,1295,1238,1208,1195,1195,1223,1275,1324,1330,1323,1312,1270,1245,1241,1205,1238,1249,1261,1265,1231,1245,1247,1243,1268,1281,1300,1335,1389,1436,1475,1509,1535,1572,1596,1627,1638,1664,1664,1692,1734,1694,1668,1670,1674,1681,1691,1703,1719,1761,1781,1727,1715,1710,1805,1959,1975,1843,1783,1793,1799,1810,1818,1828,1834,1840,1839,1842,1818,1762,1729,1753,1781,1794,1800,1803,1844,1807,1784,1784,1780,1779,1773,1765,1751,1734,1707,1699,1707,1728,1767,1801,1793,1748,1715,1721,1725,1726,1702,1675,1724,1824,1849,1835,1758,1685,1590,1534,1509,1527,1550,1553,1528,1525,1480,1475,1433,1413,1393,1361,1317,1292,1270,1327,1377,1364,1327,1319,1313,1251,1297,1298,1353,1365,1304,1245,1226,1245,1245,1223,1161,1181,1161,1169,1198,1185,1214,1188,1181,1223,1181,1148,1173,1133,1157,1136,1152,1169,1105,1122,1165,1165,1181,1165,1177,1127,1238,1277,1325,1387,1425,1454,1490,1504,1517,1519,1504,1508,1503,1477,1468,1467,1462
1234,1234,1261,1272,1267,1302,1309,1354,1385,1414,1452,1467,1480,1511,1528,1555,1588,1602,1613,1620,1615,1612,1609,1613,1600,1600,1588,1592,1573,1562,1546,1516,1473,1434,1367,1320,1267,1255,1226,1236,1236,1249,1310,1312,1304,1313,1292,1214,1188,1195,1205,1228,1228,1214,1243,1253,1234,1211,1275,1259,1295,1313,1338,1387,1450,1478,1516,1534,1566,1604,1645,1699,1755,1753,1696,1661,1662,1664,1667,1684,1696,1707,1719,1727,1743,1743,1725,1714,1672,1657,1740,1797,1771,1772,1790,1801,1820,1836,1849,1848,1849,1848,1846,1832,1780,1733,1770,1798,1797,1792,1779,1775,1763,1753,1766,1777,1775,1774,1768,1756,1719,1678,1650,1668,1711,1736,1750,1765,1720,1679,1699,1715,1722,1720,1718,1726,1775,1815,1797,1746,1693,1621,1586,1576,1588,1599,1585,1550,1514,1487,1463,1423,1375,1368,1342,1320,1312,1302,1354,1373,1380,1365,1340,1323,1305,1267,1257,1270,1259,1251,1223,1202,1249,1226,1205,1188,1136,1177,1228,1152,1188,1185,1195,1195,1205,1181,1173,1157,1152,1157,1192,1165,1139,1139,1105,1122,1122,1148,1157,1177,1148,1202,1220,1312,1355,1410,1450,1474,1500,1512,1509,1517,1509,1510,1496,1482,1463,1470
1261,1241,1268,1247,1257,1277,1335,1366,1391,1421,1435,1466,1495,1524,1537,1568,1596,1617,1619,1621,1613,1614,1622,1613,1605,1598,1589,1580,1568,1554,1532,1495,1458,1415,1354,1295,1247,1228,1231,1238,1265,1282,1292,1310,1310,1290,1279,1226,1195,1205,1198,1223,1217,1195,1226,1208,1249,1236,1272,1270,1263,1338,1367,1393,1440,1488,1522,1549,1573,1603,1662,1753,1823,1834,1757,1667,1664,1670,1681,1695,1713,1724,1733,1744,1750,1749,1743,1693,1624,1558,1574,1652,1723,1776,1815,1821,1832,1844,1859,1858,1855,1845,1846,1838,1808,1749,1764,1797,1794,1780,1761,1736,1704,1660,1692,1747,1765,1768,1761,1754,1725,1675,1629,1635,1665,1709,1718,1697,1635,1591,1641,1692,1721,1727,1737,1749,1746,1764,1738,1699,1661,1612,1591,1614,1679,1674,1650,1608,1538,1499,1470,1431,1368,1365,1320,1309,1300,1302,1344,1394,1383,1364,1337,1344,1361,1313,1261,1247,1241,1185,1223,1195,1223,1205,1208,1205,1214,1220,1208,1173,1139,1228,1161,1173,1188,1192,1122,1173,1192,1152,1192,1241,1173,1122,1139,1161,1130,1177,1177,1152,1173,1169,1205,1284,1355,1396,1434,1470,1486,1490,1515,1506,1509,1512,1505,1481,1472,1462
1261,1243,1270,1245,1274,1277,1341,1380,1398,1427,1450,1472,1500,1512,1548,1583,1609,1619,1625,1618,1623,1628,1629,1615,1609,1594,1593,1581,1562,1538,1517,1480,1441,1398,1329,1289,1238,1205,1223,1241,1257,1259,1292,1316,1292,1263,1268,1245,1185,1211,1234,1226,1195,1217,1234,1228,1234,1234,1247,1289,1281,1318,1358,1396,1432,1491,1526,1556,1589,1625,1679,1775,1852,1879,1810,1689,1667,1682,1685,1709,1735,1737,1740,1757,1765,1776,1770,1719,1626,1565,1572,1638,1736,1793,1807,1818,1838,1858,1860,1849,1846,1844,1841,1836,1806,1759,1754,1792,1801,1782,1746,1702,1645,1578,1592,1671,1701,1715,1742,1744,1726,1695,1652,1620,1599,1652,1704,1692,1622,1599,1632,1680,1719,1742,1747,1778,1784,1735,1703,1673,1639,1588,1541,1578,1676,1695,1670,1637,1561,1511,1470,1442,1408,1393,1361,1337,1313,1300,1330,1387,1357,1320,1308,1445,1523,1421,1310,1257,1236,1228,1241,1208,1195,1234,1234,1234,1188,1205,1136,1165,1169,1169,1161,1192,1211,1226,1161,1143,1143,1173,1198,1188,1161,1205,1148,1122,1127,1053,1173,1169,1152,1157,1205,1253,1313,1380,1421,1450,1486,1492,1514,1507,1506,1508,1499,1486,1473,1448
1243,1257,1234,1236,1295,1308,1338,1395,1406,1434,1456,1485,1500,1530,1561,1591,1618,1629,1635,1628,1628,1628,1636,1623,1610,1602,1587,1583,1564,1533,1506,1462,1432,1380,1317,1277,1223,1253,1253,1263,1317,1319,1267,1234,1243,1205,1205,1205,1198,1214,1211,1214,1217,1236,1211,1236,1255,1241,1265,1268,1309,1337,1370,1404,1454,1503,1536,1569,1603,1632,1673,1752,1835,1863,1786,1683,1674,1687,1693,1711,1729,1739,1754,1757,1772,1780,1780,1736,1676,1637,1635,1690,1765,1790,1803,1828,1852,1867,1863,1842,1830,1827,1843,1842,1824,1776,1754,1785,1803,1797,1774,1710,1636,1562,1592,1633,1649,1692,1728,1735,1718,1699,1679,1640,1616,1645,1711,1710,1685,1672,1668,1688,1719,1751,1770,1816,1838,1757,1695,1668,1669,1611,1543,1530,1612,1673,1668,1639,1585,1532,1484,1458,1421,1407,1378,1352,1347,1331,1324,1313,1313,1290,1330,1477,1549,1471,1301,1257,1231,1238,1198,1195,1245,1243,1231,1223,1214,1228,1157,1195,1181,1198,1177,1192,1185,1211,1188,1157,1143,1139,1157,1169,1139,1169,1173,1161,1205,1105,1152,1148,1195,1169,1236,1223,1272,1357,1398,1430,1468,1477,1490,1508,1512,1512,1509,1505,1478,1459
1257,1249,1257,1274,1290,1320,1355,1398,1425,1430,1463,1479,1512,1534,1563,1595,1609,1629,1635,1630,1635,1635,1640,1637,1619,1605,1593,1576,1564,1530,1485,1460,1399,1347,1293,1272,1245,1261,1277,1335,1356,1347,1282,1234,1245,1181,1195,1192,1208,1208,1228,1238,1208,1226,1223,1238,1241,1265,1247,1261,1317,1329,1397,1427,1452,1513,1548,1572,1608,1640,1666,1694,1764,1787,1715,1669,1676,1687,1698,1717,1732,1761,1760,1769,1783,1797,1781,1761,1738,1723,1723,1747,1775,1797,1819,1839,1859,1874,1873,1855,1819,1811,1828,1839,1829,1812,1806,1801,1807,1823,1797,1747,1653,1613,1661,1705,1720,1730,1738,1738,1719,1692,1673,1677,1678,1689,1713,1717,1697,1693,1698,1690,1701,1714,1739,1786,1802,1753,1709,1685,1736,1720,1615,1564,1588,1660,1660,1639,1599,1562,1506,1449,1440,1415,1398,1361,1358,1353,1316,1275,1268,1253,1275,1353,1429,1387,1281,1255,1214,1211,1205,1173,1198,1226,1231,1231,1236,1173,1231,1161,1195,1211,1198,1195,1169,1139,1192,1152,1152,1152,1165,1139,1169,1205,1185,1092,1139,1148,1169,1181,1053,1177,1188,1223,1275,1319,1352,1419,1435,1477,1485,1501,1514,1508,1503,1496,1483,1458
1263,1247,1270,1281,1301,1337,1371,1398,1415,1438,1459,1487,1515,1538,1572,1604,1616,1629,1636,1636,1641,1649,1644,1630,1623,1612,1594,1578,1554,1528,1483,1440,1401,1347,1300,1267,1287,1287,1317,1361,1376,1355,1268,1236,1202,1208,1211,1228,1241,1226,1228,1228,1165,1241,1231,1228,1228,1279,1253,1277,1308,1329,1377,1434,1470,1524,1557,1589,1620,1638,1653,1654,1658,1676,1665,1666,1680,1687,1706,1720,1738,1769,1770,1778,1784,1797,1797,1795,1787,1785,1785,1793,1809,1827,1845,1864,1874,1885,1887,1870,1849,1849,1844,1837,1831,1821,1817,1810,1809,1812,1805,1774,1712,1679,1719,1745,1751,1743,1746,1737,1724,1698,1666,1657,1673,1696,1712,1701,1691,1676,1661,1654,1672,1664,1692,1749,1762,1729,1716,1683,1714,1739,1668,1574,1541,1616,1645,1638,1635,1588,1517,1461,1468,1437,1378,1344,1340,1343,1302,1251,1255,1245,1301,1341,1346,1304,1261,1195,1217,1243,1198,1127,1169,1223,1217,1188,1188,1185,1195,1136,1188,1185,1195,1181,1192,1157,1205,1157,1157,1165,1115,1139,1214,1211,1143,1192,1165,1188,1130,1122,1165,1139,1157,1192,1238,1308,1350,1395,1430,1454,1487,1498,1507,1502,1511,1499,1482,1480
1261,1231,1267,1257,1304,1340,1365,1405,1409,1439,1463,1487,1510,1541,1575,1602,1621,1635,1637,1639,1638,1641,1639,1629,1619,1614,1599,1581,1546,1518,1476,1437,1408,1354,1305,1302,1304,1301,1351,1368,1341,1287,1243,1226,1228,1198,1220,1214,1245,1217,1234,1223,1202,1192,1214,1249,1231,1238,1279,1282,1295,1334,1364,1424,1482,1526,1554,1595,1642,1645,1663,1660,1637,1641,1664,1679,1687,1696,1708,1723,1743,1761,1775,1786,1801,1812,1812,1815,1813,1812,1819,1827,1842,1857,1872,1882,1893,1898,1901,1891,1878,1870,1857,1842,1829,1825,1822,1818,1815,1804,1802,1795,1767,1749,1750,1752,1748,1757,1749,1749,1739,1705,1655,1593,1620,1683,1701,1693,1677,1649,1607,1592,1625,1654,1655,1691,1707,1714,1672,1649,1651,1667,1644,1622,1591,1617,1644,1645,1629,1597,1528,1440,1427,1433,1350,1340,1358,1355,1263,1228,1270,1308,1391,1451,1427,1322,1231,1205,1238,1249,1220,1220,1173,1202,1208,1157,1214,1243,1130,1152,1188,1181,1198,1133,1143,1127,1133,1177,1169,1152,1127,1139,1195,1148,1136,1136,1143,1208,1105,1148,1148,1130,1157,1133,1181,1281,1310,1377,1410,1432,1458,1478,1487,1500,1500,1496,1490,1480
1268,1257,1261,1255,1298,1338,1375,1390,1424,1448,1484,1497,1527,1552,1583,1609,1621,1631,1634,1645,1636,1641,1637,1632,1619,1606,1583,1567,1539,1496,1466,1420,1397,1363,1323,1319,1331,1360,1394,1411,1385,1333,1267,1249,1223,1205,1188,1238,1247,1226,1214,1220,1139,1259,1238,1281,1238,1263,1277,1285,1318,1332,1372,1432,1496,1535,1571,1610,1637,1648,1687,1702,1650,1645,1664,1677,1688,1706,1717,1733,1742,1764,1781,1797,1811,1824,1830,1829,1829,1836,1845,1853,1860,1873,1889,1908,1911,1914,1914,1900,1887,1874,1864,1843,1833,1833,1821,1810,1810,1811,1799,1786,1766,1754,1749,1751,1753,1756,1757,1754,1753,1741,1669,1549,1519,1605,1671,1678,1650,1613,1591,1585,1609,1642,1657,1655,1654,1660,1648,1629,1641,1670,1678,1734,1707,1681,1666,1662,1652,1621,1546,1449,1431,1421,1356,1346,1376,1340,1292,1277,1340,1393,1441,1499,1463,1325,1263,1223,1220,1231,1231,1241,1245,1263,1231,1169,1173,1136,1177,1165,1157,1181,1177,1226,1188,1177,1161,1152,1169,1157,1122,1143,1148,1173,1139,1136,1136,1173,1143,1173,1092,1053,1115,1202,1205,1272,1300,1342,1397,1418,1451,1480,1472,1499,1507,1493,1486,1472
1274,1259,1257,1259,1307,1338,1378,1416,1431,1464,1485,1493,1534,1567,1595,1614,1623,1627,1643,1641,1641,1635,1633,1629,1614,1599,1581,1563,1528,1486,1443,1411,1377,1352,1317,1337,1373,1381,1437,1538,1578,1503,1338,1268,1268,1205,1228,1198,1208,1202,1220,1220,1205,1245,1287,1298,1292,1272,1277,1287,1343,1361,1402,1463,1531,1556,1589,1615,1636,1651,1681,1690,1642,1646,1667,1682,1691,1707,1718,1733,1739,1760,1777,1795,1816,1831,1844,1850,1852,1845,1819,1818,1849,1879,1907,1918,1927,1926,1923,1909,1890,1875,1865,1850,1836,1828,1807,1801,1813,1827,1814,1790,1757,1733,1719,1735,1749,1761,1762,1760,1763,1769,1705,1557,1480,1535,1629,1661,1644,1600,1576,1551,1571,1619,1652,1622,1601,1605,1589,1610,1661,1737,1707,1727,1740,1732,1695,1660,1653,1624,1577,1524,1466,1423,1395,1356,1352,1338,1302,1313,1374,1381,1381,1428,1389,1325,1284,1226,1214,1205,1208,1161,1188,1251,1198,1177,1173,1188,1165,1139,1143,1205,1188,1185,1188,1152,1152,1161,898,1188,1157,1177,1152,1133,1136,1139,1130,1143,1192,1053,1152,1143,1161,1165,1202,1253,1279,1327,1388,1408,1447,1450,1490,1495,1497,1495,1491,1470
1253,1247,1274,1287,1301,1348,1365,1420,1437,1473,1501,1513,1535,1577,1603,1617,1626,1630,1635,1635,1640,1637,1635,1618,1608,1594,1579,1550,1520,1486,1430,1397,1358,1356,1343,1344,1381,1404,1444,1582,1647,1595,1419,1275,1268,1220,1217,1205,1234,1226,1152,1220,1226,1241,1257,1310,1295,1284,1285,1305,1317,1377,1480,1668,1725,1660,1608,1629,1639,1642,1645,1647,1651,1659,1668,1681,1697,1714,1721,1726,1707,1721,1759,1793,1812,1827,1844,1857,1858,1839,1778,1731,1755,1833,1909,1935,1935,1934,1921,1904,1888,1876,1865,1859,1846,1830,1816,1795,1787,1793,1807,1786,1729,1676,1680,1720,1748,1759,1761,1767,1756,1756,1719,1620,1534,1564,1622,1655,1642,1616,1584,1536,1523,1579,1647,1625,1606,1569,1529,1568,1630,1687,1695,1689,1710,1736,1720,1685,1657,1619,1562,1544,1509,1449,1402,1345,1333,1331,1305,1308,1324,1287,1290,1312,1287,1275,1241,1161,1208,1177,1188,1185,1202,1223,1195,1177,1148,1192,1208,1181,1143,1127,1165,1195,1185,1133,1136,1122,1169,1127,1152,1115,1130,1148,1188,1152,1185,1139,1169,1092,1133,1122,1188,1157,1177,1152,1251,1284,1363,1406,1429,1458,1470,1482,1488,1489,1486,1480
1257,1261,1292,1298,1332,1361,1395,1421,1467,1484,1509,1528,1545,1588,1609,1628,1627,1630,1638,1638,1634,1634,1628,1616,1603,1589,1565,1540,1512,1467,1439,1394,1363,1348,1361,1382,1395,1387,1428,1504,1585,1530,1384,1263,1226,1231,1185,1223,1165,1214,1231,1192,1223,1208,1279,1298,1335,1275,1284,1290,1326,1383,1539,1780,1872,1771,1652,1635,1640,1648,1682,1670,1660,1657,1668,1688,1707,1715,1725,1701,1662,1657,1720,1769,1791,1810,1834,1858,1866,1856,1826,1784,1793,1858,1924,1938,1936,1932,1922,1903,1887,1876,1871,1880,1872,1848,1823,1800,1774,1763,1774,1763,1691,1589,1610,1686,1735,1756,1768,1770,1767,1748,1717,1679,1641,1617,1624,1621,1628,1629,1611,1548,1517,1560,1633,1655,1628,1583,1524,1533,1614,1667,1695,1707,1730,1742,1739,1697,1655,1615,1564,1562,1529,1463,1395,1330,1308,1289,1297,1323,1304,1255,1275,1251,1245,1188,1226,1202,1198,1169,1181,1195,1192,1202,1208,1195,1211,1192,1223,1169,1157,1185,1188,1143,1136,1177,1169,1130,1217,1161,1152,1161,1161,1115,1092,1130,1152,1165,1130,1177,1030,1169,1192,1173,1148,1127,1220,1277,1352,1398,1427,1450,1480,1470,1482,1487,1485,1481
1272,1265,1285,1285,1333,1362,1399,1437,1480,1498,1515,1529,1564,1595,1612,1622,1633,1630,1632,1639,1629,1627,1618,1607,1601,1578,1553,1535,1500,1471,1439,1418,1375,1366,1370,1395,1407,1397,1411,1413,1430,1383,1282,1257,1228,1192,1157,1133,1211,1181,1214,1234,1226,1245,1285,1324,1329,1267,1279,1281,1317,1347,1472,1659,1761,1708,1636,1630,1648,1669,1710,1695,1668,1668,1675,1697,1706,1720,1723,1724,1691,1678,1717,1711,1684,1709,1792,1848,1875,1881,1880,1883,1896,1920,1938,1937,1927,1918,1911,1904,1893,1881,1882,1882,1877,1855,1828,1794,1758,1754,1753,1754,1707,1629,1609,1661,1719,1754,1766,1767,1765,1753,1732,1718,1704,1671,1621,1581,1597,1593,1553,1538,1533,1582,1636,1664,1653,1594,1525,1517,1599,1677,1695,1738,1758,1753,1741,1683,1652,1607,1560,1542,1531,1477,1391,1319,1287,1290,1337,1329,1301,1282,1253,1214,1223,1202,1139,1205,1211,1211,1177,1192,1143,1205,1192,1143,1143,1136,1157,1130,1192,1130,1205,1148,1136,1127,1092,1177,1148,1122,1143,1165,1173,1130,1105,1165,1115,1143,1092,1136,1075,1139,1130,1139,1165,1214,1211,1257,1331,1365,1412,1449,1468,1480,1484,1479,1489,1479
1257,1255,1304,1295,1338,1381,1418,1457,1478,1508,1516,1534,1566,1599,1609,1629,1626,1628,1632,1631,1626,1623,1612,1603,1592,1575,1549,1513,1485,1440,1421,1409,1395,1398,1404,1417,1428,1416,1402,1393,1363,1308,1261,1272,1238,1228,1195,1198,1192,1217,1188,1185,1192,1205,1214,1259,1267,1270,1268,1293,1325,1345,1405,1481,1548,1580,1603,1630,1648,1652,1659,1686,1701,1676,1686,1694,1714,1724,1740,1782,1761,1743,1732,1684,1610,1642,1746,1831,1876,1892,1898,1913,1929,1930,1925,1908,1889,1887,1892,1894,1897,1883,1882,1875,1862,1840,1811,1765,1755,1775,1761,1758,1733,1689,1650,1647,1695,1745,1764,1763,1759,1757,1742,1732,1723,1691,1645,1626,1641,1627,1580,1566,1568,1599,1642,1667,1663,1595,1524,1493,1565,1634,1671,1685,1693,1735,1738,1691,1668,1619,1542,1499,1492,1466,1414,1312,1308,1301,1313,1313,1287,1253,1253,1234,1211,1202,1185,1226,1208,1148,1161,1169,1185,1130,1220,1133,1157,1185,1161,1143,1181,1188,1228,1152,1157,1136,1130,1136,1075,1133,1161,1165,1148,1152,1136,1130,1092,1185,1105,1157,1115,1130,1053,1130,1169,1105,1198,1247,1307,1360,1396,1446,1462,1480,1473,1469,1492,1483
1253,1267,1289,1309,1354,1400,1428,1454,1499,1514,1525,1534,1575,1605,1627,1632,1633,1630,1630,1629,1630,1620,1608,1598,1587,1562,1537,1500,1470,1425,1395,1376,1388,1388,1400,1445,1451,1454,1430,1380,1330,1300,1274,1319,1241,1208,1169,1202,1198,1177,1211,1192,1202,1241,1192,1243,1247,1236,1245,1274,1327,1325,1370,1445,1508,1551,1569,1604,1631,1633,1644,1674,1678,1682,1689,1692,1705,1716,1739,1775,1765,1763,1763,1743,1701,1684,1710,1789,1861,1890,1910,1921,1927,1924,1902,1853,1823,1832,1863,1882,1887,1881,1876,1863,1830,1770,1738,1752,1791,1790,1792,1772,1762,1739,1710,1693,1716,1751,1765,1770,1762,1750,1742,1738,1727,1715,1681,1667,1681,1680,1673,1657,1641,1648,1659,1677,1682,1622,1563,1525,1555,1639,1700,1656,1628,1700,1727,1696,1687,1632,1542,1507,1504,1480,1415,1351,1317,1297,1317,1284,1279,1259,1245,1202,1202,1188,1177,1247,1143,1165,1205,1188,1165,1139,1152,1143,1127,1148,1122,1188,1165,1202,1181,1205,1195,1249,1228,1217,1192,1205,1198,1157,1115,1173,1143,1075,1143,1133,1133,1152,1133,1136,1133,1181,1122,1157,1169,1236,1268,1333,1388,1434,1447,1461,1474,1480,1466,1466
1281,1272,1309,1332,1360,1403,1447,1471,1494,1502,1519,1541,1583,1609,1623,1633,1625,1627,1629,1620,1616,1619,1601,1585,1576,1547,1523,1491,1451,1405,1347,1351,1370,1389,1416,1426,1462,1450,1419,1419,1338,1292,1265,1272,1238,1223,1211,1217,1220,1238,1211,1247,1253,1238,1226,1238,1257,1249,1259,1282,1289,1335,1383,1435,1514,1526,1539,1596,1627,1648,1650,1659,1672,1677,1678,1684,1701,1709,1730,1745,1753,1766,1775,1790,1797,1784,1776,1817,1862,1889,1904,1921,1927,1919,1877,1820,1781,1813,1869,1886,1877,1890,1896,1863,1793,1702,1665,1715,1789,1805,1796,1783,1773,1758,1749,1729,1720,1732,1754,1759,1766,1753,1745,1733,1727,1716,1705,1702,1708,1715,1706,1709,1712,1717,1682,1665,1673,1666,1607,1551,1545,1668,1753,1722,1695,1706,1684,1674,1672,1627,1568,1545,1519,1502,1431,1365,1320,1324,1301,1281,1284,1238,1198,1211,1217,1195,1173,1208,1165,1152,1165,1198,1177,1130,1133,1173,1133,1169,1105,1139,1139,1139,1165,1208,1238,1267,1231,1228,1185,1259,1177,1157,1139,1092,1139,1136,1169,1185,1127,1173,1177,1188,1165,1122,1152,1148,1181,1214,1268,1313,1360,1407,1444,1462,1468,1465,1458,1451
1265,1274,1305,1333,1377,1409,1440,1475,1498,1508,1524,1556,1593,1612,1623,1628,1624,1637,1627,1623,1622,1611,1599,1589,1566,1540,1509,1477,1440,1398,1333,1324,1366,1391,1419,1432,1462,1439,1438,1423,1326,1272,1267,1226,1228,1177,1188,1234,1243,1270,1261,1289,1317,1267,1259,1241,1249,1253,1255,1268,1287,1342,1352,1439,1490,1551,1598,1630,1634,1651,1666,1655,1665,1671,1689,1687,1699,1699,1706,1724,1741,1754,1776,1800,1810,1827,1836,1853,1871,1891,1903,1914,1940,1930,1886,1834,1807,1835,1905,1905,1879,1883,1898,1876,1798,1702,1669,1726,1785,1804,1800,1783,1768,1754,1742,1726,1685,1661,1687,1718,1736,1749,1737,1726,1723,1716,1711,1717,1720,1735,1752,1745,1753,1761,1723,1688,1669,1655,1628,1581,1566,1647,1705,1707,1707,1687,1675,1652,1643,1614,1581,1565,1539,1493,1439,1376,1329,1304,1297,1279,1263,1198,1217,1214,1188,1192,1177,1177,1143,1208,1177,1139,1152,1161,1165,1208,1133,1139,1181,1208,1169,1236,1226,1220,1231,1253,1251,1192,1231,1243,1223,1092,1133,1148,1181,1092,1148,1161,1165,1133,1133,1148,1157,1127,1181,1133,1177,1217,1238,1293,1342,1396,1433,1455,1460,1447,1439,1428
1285,1284,1301,1330,1385,1415,1440,1475,1497,1506,1530,1562,1600,1618,1627,1633,1623,1631,1629,1617,1609,1608,1599,1577,1561,1531,1508,1463,1409,1377,1300,1287,1326,1357,1410,1428,1449,1432,1422,1397,1323,1313,1255,1238,1214,1234,1188,1161,1188,1234,1263,1312,1335,1309,1217,1245,1236,1243,1249,1270,1287,1323,1388,1430,1514,1572,1619,1645,1634,1634,1656,1651,1664,1665,1681,1692,1689,1689,1690,1701,1728,1746,1770,1792,1818,1828,1846,1854,1870,1881,1892,1900,1922,1945,1911,1882,1868,1876,1907,1892,1882,1881,1881,1872,1844,1784,1752,1776,1807,1810,1805,1779,1757,1734,1715,1688,1621,1571,1628,1657,1671,1692,1694,1706,1724,1719,1717,1732,1755,1824,1894,1831,1754,1742,1733,1729,1685,1657,1630,1618,1635,1653,1660,1668,1687,1681,1653,1632,1599,1568,1585,1570,1533,1497,1434,1385,1330,1312,1292,1275,1249,1253,1234,1214,1185,1198,1157,1217,1198,1133,1161,1192,1133,1161,1136,1105,1173,1169,1133,1136,1181,1231,1208,1188,1169,1188,1173,1161,1136,1165,1169,1075,964,898,1223,1092,1133,1130,1139,1127,1157,1157,1127,1157,1139,1122,1122,1165,1192,1301,1313,1396,1431,1449,1449,1430,1419,1430
1261,1297,1326,1325,1382,1410,1458,1485,1497,1520,1528,1568,1601,1629,1629,1632,1628,1631,1622,1611,1600,1605,1591,1574,1553,1529,1492,1447,1417,1356,1297,1255,1259,1312,1384,1408,1402,1358,1371,1361,1343,1341,1317,1241,1236,1185,1211,1192,1217,1198,1202,1285,1320,1272,1231,1261,1223,1249,1238,1274,1300,1319,1380,1445,1505,1561,1613,1646,1628,1629,1652,1645,1661,1672,1681,1685,1680,1675,1680,1694,1716,1742,1765,1784,1809,1823,1839,1855,1859,1870,1872,1872,1884,1915,1915,1910,1907,1900,1896,1892,1887,1892,1892,1887,1875,1854,1827,1814,1815,1809,1797,1780,1753,1715,1691,1676,1607,1588,1651,1675,1662,1646,1629,1661,1709,1710,1716,1744,1784,1892,1970,1881,1771,1729,1735,1712,1635,1594,1602,1629,1652,1651,1639,1638,1655,1647,1624,1599,1513,1480,1538,1556,1528,1487,1431,1378,1320,1300,1285,1261,1247,1226,1251,1251,1198,1223,1228,1208,1234,1185,1152,1148,1195,1152,1157,1173,1173,1136,1165,1130,1181,1177,1211,1195,1169,1173,1139,1139,1157,1173,1188,1115,1143,1157,1133,1139,1115,1127,1133,1169,1177,1173,1130,1133,1139,1122,1127,1205,1231,1265,1318,1370,1407,1441,1427,1429,1416,1417
1287,1298,1302,1338,1387,1417,1454,1491,1503,1519,1541,1576,1610,1629,1635,1632,1628,1628,1617,1599,1604,1593,1587,1571,1553,1523,1485,1443,1399,1334,1275,1253,1217,1238,1304,1336,1335,1325,1312,1320,1326,1320,1325,1282,1202,1173,1217,1173,1228,1217,1223,1245,1236,1223,1231,1274,1245,1249,1268,1282,1293,1320,1381,1428,1487,1553,1601,1637,1634,1614,1636,1643,1666,1677,1680,1680,1681,1679,1688,1694,1719,1742,1761,1783,1807,1821,1837,1845,1854,1850,1831,1822,1840,1879,1900,1913,1907,1893,1867,1863,1877,1894,1899,1890,1883,1867,1857,1824,1785,1768,1786,1776,1767,1748,1727,1706,1674,1651,1697,1726,1695,1686,1678,1667,1690,1709,1715,1745,1756,1833,1887,1826,1761,1732,1720,1668,1573,1538,1584,1638,1636,1630,1621,1621,1623,1616,1602,1578,1522,1499,1543,1528,1494,1457,1420,1360,1322,1277,1281,1275,1301,1292,1268,1247,1236,1231,1265,1217,1211,1202,1226,1208,1241,1188,1214,1192,1161,1177,1202,1185,1165,1241,1105,1198,1195,1127,1169,1161,1136,1157,1173,1169,1148,1136,1161,1173,1122,1143,1122,1115,1161,1161,1133,1139,1148,1127,1115,1127,1217,1265,1313,1348,1415,1426,1444,1436,1417,1426
1289,1292,1347,1352,1377,1422,1465,1486,1509,1515,1550,1591,1615,1635,1635,1638,1636,1629,1628,1616,1604,1598,1583,1567,1543,1515,1483,1434,1385,1313,1274,1228,1205,1214,1259,1261,1255,1259,1281,1285,1289,1302,1317,1253,1208,1173,1136,1195,1185,1211,1202,1202,1238,1231,1243,1267,1292,1259,1268,1292,1285,1324,1397,1425,1477,1542,1593,1636,1638,1641,1652,1667,1674,1680,1683,1682,1688,1687,1690,1706,1726,1747,1768,1785,1816,1824,1840,1852,1856,1846,1818,1786,1811,1856,1891,1901,1891,1840,1766,1726,1794,1874,1890,1887,1876,1868,1860,1833,1789,1735,1761,1776,1779,1778,1797,1742,1721,1712,1715,1726,1717,1727,1752,1700,1683,1708,1711,1704,1715,1738,1760,1749,1735,1730,1720,1688,1626,1631,1645,1633,1611,1597,1593,1600,1595,1584,1581,1572,1554,1549,1545,1509,1476,1427,1398,1368,1312,1290,1343,1411,1460,1394,1354,1307,1267,1251,1257,1247,1169,1211,1188,1173,1270,1236,1223,1169,1228,1208,1198,1211,1173,1143,1169,1202,1234,1198,1169,1214,1169,1165,1208,1161,1133,1075,1143,1122,1139,1165,1165,1139,1165,1130,1136,1115,1130,1075,1133,1173,1217,1259,1289,1363,1405,1431,1437,1445,1451,1439
1295,1319,1342,1344,1400,1420,1462,1488,1507,1520,1550,1594,1617,1634,1628,1637,1635,1631,1621,1610,1611,1595,1588,1567,1542,1510,1471,1425,1365,1324,1253,1228,1223,1136,1192,1211,1205,1231,1290,1279,1220,1263,1245,1208,1202,1195,1152,1195,1220,1265,1259,1253,1236,1195,1241,1298,1318,1316,1279,1284,1316,1329,1387,1429,1468,1529,1583,1623,1651,1640,1644,1660,1674,1682,1685,1694,1696,1697,1705,1723,1726,1742,1761,1790,1813,1830,1837,1856,1857,1854,1839,1824,1832,1859,1876,1887,1874,1821,1701,1646,1735,1840,1876,1875,1864,1862,1856,1844,1817,1788,1780,1783,1776,1763,1765,1742,1727,1728,1732,1731,1725,1742,1764,1701,1661,1710,1712,1687,1689,1713,1746,1717,1730,1745,1746,1765,1780,1771,1668,1588,1570,1561,1573,1574,1551,1527,1534,1525,1487,1512,1527,1506,1457,1424,1399,1360,1279,1304,1381,1519,1584,1470,1451,1391,1329,1217,1259,1231,1217,1161,1217,1223,1231,1165,1223,1238,1217,1228,1181,1177,1223,1198,1198,1265,1255,1211,1208,1173,1148,1133,1133,1185,1205,1161,1139,1133,1157,1105,1173,951,1143,1075,1053,1127,1122,1075,1152,1152,1228,1272,1297,1340,1395,1430,1456,1452,1466,1462
1313,1300,1345,1363,1401,1432,1468,1502,1511,1526,1561,1598,1621,1640,1640,1636,1636,1630,1622,1614,1617,1603,1587,1563,1538,1510,1478,1439,1384,1319,1270,1220,1165,1130,1205,1220,1220,1205,1231,1188,1198,1148,1211,1214,1198,1198,1173,1181,1220,1275,1308,1293,1268,1253,1253,1297,1331,1336,1277,1290,1317,1350,1393,1422,1473,1521,1574,1637,1662,1653,1640,1653,1663,1673,1690,1696,1701,1720,1774,1779,1729,1737,1755,1784,1806,1834,1848,1858,1860,1857,1855,1853,1853,1858,1867,1873,1874,1860,1796,1735,1770,1837,1863,1862,1858,1854,1843,1834,1825,1808,1806,1792,1779,1765,1760,1738,1710,1714,1728,1723,1728,1727,1713,1663,1614,1632,1664,1667,1661,1702,1740,1671,1663,1707,1749,1820,1868,1798,1637,1543,1527,1559,1559,1545,1507,1458,1459,1415,1402,1439,1495,1483,1441,1405,1392,1346,1285,1300,1377,1514,1573,1478,1452,1393,1318,1241,1251,1228,1211,1181,1198,1226,1238,1192,1152,1211,1226,1202,1195,1195,1161,1236,1236,1295,1305,1253,1188,1173,1130,1165,1192,1234,1261,1251,1185,1030,1143,1127,1030,1177,1133,951,1130,1004,1122,1115,1152,1148,1198,1226,1281,1335,1396,1419,1468,1471,1480,1477
1298,1310,1340,1376,1413,1433,1476,1501,1509,1528,1557,1602,1626,1634,1643,1640,1637,1625,1623,1614,1606,1598,1587,1567,1539,1498,1461,1423,1373,1295,1261,1231,1226,1192,1192,1214,1192,1220,1198,1217,1188,1236,1214,1188,1165,1173,1202,1253,1234,1275,1290,1307,1249,1287,1275,1287,1307,1302,1274,1284,1316,1337,1378,1423,1479,1538,1574,1634,1669,1670,1638,1664,1673,1678,1691,1696,1708,1739,1830,1824,1749,1720,1717,1761,1801,1826,1843,1856,1856,1861,1868,1864,1857,1858,1857,1858,1859,1854,1843,1829,1827,1849,1857,1876,1908,1890,1819,1784,1790,1779,1767,1760,1766,1770,1779,1731,1695,1704,1721,1722,1717,1708,1698,1667,1587,1527,1548,1620,1636,1658,1664,1636,1621,1658,1693,1752,1828,1761,1614,1509,1504,1535,1543,1522,1474,1427,1425,1374,1378,1417,1460,1460,1440,1407,1361,1367,1327,1323,1336,1380,1431,1398,1337,1317,1287,1249,1234,1228,1185,1211,1198,1251,1211,1181,1152,1205,1220,1202,1173,1195,1161,1177,1245,1307,1309,1247,1195,1136,1177,1152,1198,1198,1243,1185,1152,1188,1152,1075,1127,1092,1181,1148,1139,1165,1115,1148,1152,1181,1188,1231,1263,1323,1384,1429,1455,1466,1478,1486
1314,1326,1360,1383,1402,1438,1473,1502,1514,1529,1567,1613,1638,1647,1642,1644,1640,1628,1619,1612,1608,1601,1587,1560,1532,1501,1458,1405,1354,1301,1243,1257,1245,1208,1188,1181,1208,1205,1161,1247,1195,1238,1234,1208,1205,1214,1245,1192,1217,1255,1270,1257,1282,1302,1332,1348,1331,1309,1302,1302,1317,1348,1378,1414,1478,1538,1577,1627,1670,1680,1649,1673,1666,1677,1685,1695,1711,1730,1761,1783,1758,1716,1678,1722,1790,1821,1836,1848,1851,1865,1867,1866,1853,1852,1841,1841,1839,1837,1833,1841,1842,1844,1848,1862,1894,1858,1781,1742,1759,1737,1684,1689,1729,1772,1780,1718,1677,1697,1713,1717,1707,1701,1691,1666,1606,1515,1515,1569,1605,1618,1644,1661,1674,1668,1667,1651,1689,1678,1585,1486,1467,1518,1535,1536,1497,1467,1460,1417,1378,1409,1462,1449,1424,1427,1425,1405,1380,1304,1331,1327,1347,1314,1301,1316,1351,1297,1245,1198,1243,1205,1157,1255,1236,1177,1202,1143,1217,1205,1181,1177,1181,1152,1185,1245,1263,1192,1152,1169,1177,1133,1030,1208,1214,1152,1143,1177,1133,1136,1115,1053,1127,951,1075,1143,1185,1181,1133,1202,1152,1226,1290,1325,1394,1431,1437,1460,1462,1479
1313,1332,1364,1392,1420,1439,1483,1518,1514,1538,1575,1611,1635,1651,1645,1643,1637,1635,1617,1615,1609,1594,1577,1573,1534,1490,1447,1405,1341,1275,1247,1257,1243,1208,1220,1205,1198,1188,1257,1247,1228,1228,1243,1226,1198,1208,1217,1251,1287,1270,1245,1255,1295,1348,1399,1432,1431,1356,1308,1319,1327,1342,1355,1389,1460,1534,1575,1626,1663,1666,1658,1687,1673,1678,1695,1699,1710,1719,1731,1744,1745,1738,1726,1759,1822,1853,1879,1876,1857,1868,1877,1867,1862,1851,1850,1838,1833,1826,1827,1831,1833,1844,1829,1825,1812,1801,1791,1790,1781,1735,1680,1669,1710,1755,1757,1736,1695,1690,1697,1690,1679,1670,1663,1657,1620,1569,1541,1551,1557,1574,1635,1691,1704,1702,1717,1702,1697,1697,1616,1517,1502,1530,1544,1542,1534,1514,1517,1481,1434,1399,1370,1421,1445,1461,1440,1402,1368,1355,1332,1333,1342,1292,1261,1324,1365,1320,1245,1261,1281,1277,1245,1202,1192,1195,1223,1152,1198,1181,1173,1177,1185,1188,1188,1169,1195,1105,1115,1127,1173,1217,1139,1173,1139,1122,1105,1133,1139,1173,1143,1152,1161,1075,1130,1169,1181,1165,1152,1202,1143,1214,1277,1330,1370,1423,1447,1457,1466,1463
1302,1318,1366,1371,1420,1450,1488,1515,1516,1545,1580,1613,1637,1645,1645,1640,1630,1622,1618,1609,1609,1594,1581,1557,1527,1480,1436,1405,1316,1281,1243,1228,1205,1236,1198,1157,1255,1241,1274,1267,1238,1208,1223,1217,1202,1173,1205,1279,1289,1305,1297,1285,1285,1387,1413,1436,1429,1386,1292,1325,1353,1373,1389,1413,1468,1538,1580,1629,1666,1672,1634,1657,1674,1702,1728,1710,1710,1724,1728,1733,1745,1756,1762,1797,1848,1897,1920,1900,1866,1873,1880,1870,1864,1858,1852,1837,1831,1835,1832,1829,1829,1837,1827,1809,1763,1727,1752,1784,1795,1763,1722,1719,1741,1757,1753,1752,1739,1721,1709,1681,1657,1628,1614,1629,1597,1567,1566,1568,1545,1568,1684,1779,1746,1784,1834,1750,1720,1699,1630,1571,1556,1546,1550,1555,1561,1544,1532,1517,1456,1394,1357,1417,1450,1490,1497,1426,1354,1378,1368,1326,1351,1329,1275,1300,1297,1293,1238,1275,1298,1285,1247,1236,1192,1217,1220,1185,1195,1181,1205,1185,1192,1220,1152,1185,1165,1143,1192,1115,1198,1181,1143,1161,1188,1157,1169,1181,1127,1148,1139,1127,978,1130,978,1192,1127,1198,1208,1188,1161,1238,1268,1327,1370,1423,1449,1460,1477,1485
1325,1332,1376,1389,1429,1450,1488,1516,1522,1547,1573,1624,1641,1643,1645,1647,1634,1615,1607,1614,1599,1597,1574,1557,1533,1473,1440,1397,1314,1290,1245,1202,1234,1226,1285,1277,1292,1398,1436,1402,1300,1241,1234,1238,1202,1234,1255,1281,1307,1325,1323,1324,1314,1364,1412,1430,1423,1378,1312,1331,1362,1384,1405,1423,1471,1528,1580,1631,1667,1675,1645,1638,1652,1693,1727,1706,1716,1723,1733,1735,1742,1751,1757,1780,1827,1885,1897,1881,1866,1880,1886,1879,1872,1862,1848,1840,1834,1833,1831,1828,1831,1828,1818,1804,1769,1743,1749,1785,1797,1790,1769,1757,1765,1761,1762,1754,1742,1743,1736,1720,1691,1652,1643,1622,1601,1580,1592,1603,1588,1595,1675,1775,1743,1830,1882,1765,1707,1656,1580,1528,1553,1567,1552,1540,1544,1524,1543,1508,1441,1382,1401,1460,1480,1510,1516,1477,1437,1449,1451,1422,1413,1381,1332,1289,1282,1268,1255,1223,1265,1220,1238,1247,1195,1275,1293,1211,1198,1243,1243,1220,1208,1202,1157,1173,1157,1202,1192,1185,1169,1192,1165,1208,1192,1122,1165,1188,1181,1136,1148,1157,978,1115,1136,1030,1105,1157,1157,1198,1177,1185,1274,1327,1373,1419,1445,1473,1475,1489
1325,1341,1360,1385,1424,1449,1492,1519,1535,1558,1591,1621,1641,1646,1640,1640,1627,1624,1608,1603,1600,1587,1570,1550,1521,1468,1430,1377,1295,1257,1241,1214,1241,1302,1320,1372,1451,1630,1696,1618,1432,1272,1265,1255,1223,1211,1300,1322,1324,1318,1334,1354,1341,1350,1391,1410,1414,1366,1340,1345,1354,1414,1417,1445,1483,1538,1593,1631,1664,1689,1665,1633,1623,1645,1667,1692,1709,1729,1749,1738,1748,1739,1743,1780,1816,1861,1880,1859,1864,1876,1886,1881,1879,1874,1859,1847,1837,1828,1832,1827,1832,1823,1810,1798,1787,1775,1773,1779,1794,1793,1780,1770,1768,1770,1786,1753,1746,1749,1775,1828,1799,1719,1658,1622,1588,1587,1619,1645,1645,1635,1664,1689,1707,1749,1774,1721,1677,1639,1579,1541,1568,1569,1540,1541,1535,1528,1521,1496,1450,1425,1473,1570,1579,1578,1574,1545,1516,1551,1571,1572,1573,1515,1417,1325,1272,1241,1275,1234,1245,1228,1205,1231,1247,1249,1275,1231,1181,1211,1157,1169,1143,1161,1205,1148,1195,1217,1188,1198,1181,1188,1236,1173,1198,1161,1139,1173,1105,1148,1115,1122,1143,1133,1143,1133,1092,978,1139,1105,1205,1202,1265,1327,1378,1414,1445,1461,1468,1485
1317,1336,1368,1395,1414,1458,1503,1529,1535,1563,1595,1621,1637,1649,1653,1645,1628,1623,1602,1600,1592,1590,1568,1540,1513,1460,1423,1374,1292,1245,1231,1231,1243,1282,1297,1370,1499,1657,1714,1639,1437,1293,1274,1231,1214,1257,1314,1340,1411,1430,1398,1394,1381,1368,1385,1387,1375,1383,1355,1356,1372,1407,1424,1445,1487,1542,1595,1627,1657,1687,1690,1648,1587,1589,1628,1690,1724,1720,1730,1735,1737,1733,1721,1754,1793,1839,1863,1856,1861,1868,1873,1878,1877,1878,1864,1854,1840,1834,1831,1831,1835,1828,1805,1787,1776,1770,1775,1778,1779,1790,1784,1771,1761,1769,1777,1748,1747,1753,1808,1900,1891,1780,1675,1616,1582,1590,1623,1651,1649,1627,1646,1677,1694,1707,1713,1685,1652,1624,1577,1529,1540,1557,1543,1531,1507,1511,1487,1453,1475,1543,1584,1609,1586,1533,1503,1513,1531,1608,1643,1654,1631,1582,1493,1371,1329,1274,1282,1188,1238,1217,1220,1205,1214,1238,1205,1173,1214,1205,1157,1202,1181,1161,1177,1211,1205,1177,1202,1188,1267,1293,1310,1298,1265,1243,1192,1130,1161,1127,1092,1122,1161,1133,1169,1115,1105,1139,1122,1165,1177,1247,1259,1310,1381,1415,1450,1476,1473,1487
1326,1360,1384,1399,1432,1458,1504,1525,1546,1574,1601,1619,1639,1646,1641,1640,1622,1612,1607,1599,1593,1582,1561,1540,1502,1462,1425,1376,1290,1247,1205,1202,1192,1165,1226,1287,1332,1447,1494,1413,1305,1220,1195,1202,1173,1241,1267,1341,1440,1475,1429,1363,1322,1327,1357,1376,1373,1395,1362,1390,1393,1417,1423,1439,1463,1546,1604,1639,1654,1692,1729,1660,1551,1540,1597,1669,1695,1714,1731,1745,1738,1730,1724,1745,1778,1824,1849,1838,1852,1866,1881,1880,1879,1878,1868,1858,1848,1843,1842,1840,1844,1825,1799,1779,1770,1771,1768,1770,1780,1784,1779,1767,1761,1756,1749,1741,1733,1729,1775,1848,1850,1764,1691,1638,1606,1603,1631,1656,1652,1611,1602,1646,1673,1670,1673,1663,1637,1595,1526,1483,1478,1504,1513,1464,1434,1470,1473,1487,1540,1586,1605,1593,1543,1471,1462,1467,1504,1579,1669,1667,1628,1568,1490,1389,1333,1285,1274,1226,1241,1214,1202,1198,1195,1234,1202,1208,1208,1152,1169,1143,1165,1173,1130,1211,1169,1185,1211,1247,1342,1447,1487,1446,1365,1257,1177,1173,1136,1143,1161,1165,1075,978,1133,1148,1139,1130,1030,1130,1148,1217,1272,1310,1375,1423,1454,1465,1479,1486
1318,1348,1367,1386,1427,1474,1510,1530,1541,1572,1607,1623,1642,1645,1645,1640,1629,1620,1596,1604,1588,1582,1568,1534,1512,1469,1417,1338,1302,1255,1214,1208,1211,1177,1202,1228,1205,1249,1267,1243,1247,1228,1202,1217,1148,1205,1255,1270,1353,1393,1332,1297,1277,1274,1307,1320,1364,1376,1371,1395,1398,1411,1425,1441,1467,1530,1590,1626,1655,1684,1708,1644,1553,1548,1596,1657,1691,1711,1729,1739,1738,1733,1735,1751,1769,1805,1833,1835,1846,1859,1874,1898,1881,1874,1871,1860,1856,1855,1857,1847,1845,1831,1815,1793,1783,1781,1779,1779,1777,1781,1769,1761,1750,1757,1751,1735,1730,1720,1726,1760,1756,1714,1682,1664,1634,1613,1633,1672,1681,1602,1571,1620,1665,1675,1673,1664,1632,1575,1502,1422,1442,1492,1469,1434,1403,1412,1475,1500,1570,1598,1580,1553,1499,1493,1509,1463,1443,1516,1641,1656,1608,1528,1415,1344,1332,1336,1295,1188,1265,1274,1272,1208,1188,1208,1195,1185,1228,1148,1195,1148,1157,1198,1105,1127,1195,1133,1192,1297,1406,1521,1551,1514,1413,1320,1234,1157,1105,1165,1075,1130,1105,1157,1152,1161,1165,1075,1122,1127,1152,1185,1263,1317,1358,1422,1447,1462,1489,1495
1317,1352,1391,1413,1430,1472,1518,1537,1544,1573,1601,1624,1635,1643,1646,1637,1630,1612,1609,1596,1594,1582,1568,1544,1510,1452,1417,1351,1275,1272,1205,1173,1188,1228,1185,1185,1208,1169,1231,1208,1231,1220,1211,1217,1217,1236,1208,1247,1255,1295,1330,1331,1281,1290,1293,1292,1348,1371,1362,1391,1410,1425,1435,1450,1476,1513,1559,1612,1640,1668,1679,1646,1613,1597,1616,1663,1697,1717,1726,1741,1739,1737,1739,1749,1762,1789,1818,1827,1840,1857,1870,1883,1877,1874,1867,1864,1856,1857,1854,1857,1852,1842,1837,1811,1803,1793,1793,1793,1790,1775,1768,1754,1731,1733,1725,1729,1718,1701,1718,1727,1709,1678,1668,1654,1637,1628,1642,1668,1670,1613,1594,1629,1651,1666,1659,1644,1611,1558,1483,1427,1426,1456,1441,1411,1385,1423,1467,1513,1564,1586,1556,1534,1534,1521,1519,1500,1435,1469,1612,1659,1585,1459,1372,1376,1389,1396,1323,1304,1322,1290,1287,1223,1192,1220,1205,1185,1238,1214,1231,1236,1152,1181,1136,1127,1130,1188,1217,1245,1361,1458,1508,1457,1355,1267,1202,1165,1181,1053,1092,1092,1133,1053,1157,1161,1192,1075,898,1136,1130,1228,1272,1314,1371,1413,1445,1474,1488,1498
1342,1356,1394,1401,1448,1492,1514,1535,1555,1573,1610,1628,1635,1645,1644,1639,1630,1621,1607,1593,1587,1578,1563,1543,1501,1463,1409,1363,1297,1284,1253,1198,1202,1217,1205,1192,1220,1236,1238,1261,1268,1292,1272,1251,1259,1267,1231,1211,1188,1249,1308,1345,1285,1319,1343,1355,1375,1381,1388,1394,1430,1458,1450,1462,1483,1540,1581,1614,1616,1642,1717,1798,1780,1688,1652,1668,1702,1719,1729,1732,1742,1742,1741,1754,1762,1778,1804,1812,1827,1845,1857,1863,1867,1861,1854,1852,1849,1847,1845,1849,1849,1853,1851,1837,1825,1818,1815,1805,1794,1779,1761,1761,1757,1725,1710,1716,1703,1697,1701,1688,1682,1656,1649,1647,1660,1648,1654,1652,1626,1576,1590,1615,1627,1634,1631,1604,1573,1540,1504,1493,1443,1413,1381,1397,1419,1447,1470,1491,1514,1499,1470,1517,1550,1518,1545,1548,1475,1527,1624,1678,1636,1551,1465,1410,1384,1400,1422,1439,1386,1307,1267,1223,1217,1192,1238,1245,1257,1220,1177,1157,1130,1139,1173,1115,1139,1157,1198,1185,1261,1325,1332,1293,1238,1192,1185,1130,1105,1139,1122,1105,1165,1143,1053,1143,1157,1139,1152,1133,1139,1205,1253,1319,1370,1421,1463,1486,1500,1500
1325,1360,1376,1411,1444,1474,1515,1548,1555,1582,1602,1626,1641,1641,1643,1639,1635,1624,1602,1587,1583,1578,1554,1540,1498,1456,1418,1382,1297,1261,1265,1205,1238,1205,1214,1228,1226,1205,1223,1261,1329,1390,1375,1300,1310,1270,1245,1238,1217,1245,1261,1284,1292,1324,1368,1417,1409,1432,1410,1427,1451,1450,1459,1462,1476,1536,1604,1622,1595,1607,1821,1975,1951,1786,1688,1687,1709,1725,1726,1740,1744,1742,1742,1747,1761,1780,1790,1805,1827,1837,1846,1858,1860,1852,1836,1840,1841,1838,1839,1835,1840,1851,1854,1856,1850,1840,1830,1820,1801,1779,1753,1749,1736,1701,1668,1659,1664,1659,1664,1657,1642,1630,1633,1655,1664,1667,1659,1632,1616,1587,1586,1552,1572,1602,1597,1557,1508,1497,1512,1491,1458,1393,1361,1400,1442,1478,1471,1447,1399,1355,1456,1537,1527,1515,1603,1654,1610,1623,1678,1685,1666,1627,1587,1521,1447,1435,1482,1478,1396,1323,1241,1228,1223,1243,1205,1274,1261,1236,1188,1211,1161,1165,1152,1143,1130,1152,1157,1136,1173,1231,1243,1208,1165,1185,1188,1143,1143,1157,1092,1130,1136,1105,1130,1177,1075,1143,1165,1122,1136,1177,1241,1309,1390,1424,1462,1488,1500,1496
1336,1360,1377,1399,1443,1488,1520,1543,1552,1588,1605,1625,1638,1643,1644,1638,1626,1610,1601,1588,1579,1573,1554,1530,1493,1450,1417,1353,1304,1255,1226,1226,1259,1228,1211,1202,1211,1234,1245,1236,1388,1456,1440,1329,1265,1211,1202,1228,1185,1241,1274,1274,1279,1336,1390,1454,1552,1578,1506,1441,1440,1441,1442,1450,1462,1520,1591,1624,1623,1616,1813,1958,1918,1753,1687,1686,1714,1725,1736,1738,1747,1745,1742,1743,1755,1775,1786,1800,1818,1837,1846,1849,1851,1839,1821,1820,1827,1827,1806,1798,1817,1840,1852,1856,1853,1860,1846,1824,1807,1781,1757,1716,1656,1612,1603,1608,1615,1639,1640,1625,1604,1609,1656,1679,1665,1658,1638,1608,1595,1601,1564,1515,1547,1584,1597,1546,1469,1474,1491,1486,1451,1404,1367,1385,1456,1476,1454,1420,1345,1361,1466,1546,1507,1515,1622,1664,1617,1626,1680,1664,1639,1623,1609,1579,1538,1507,1506,1442,1365,1292,1231,1223,1241,1223,1211,1198,1228,1238,1192,1181,1161,1173,1148,1152,1139,1139,1075,1136,1133,1133,1177,1152,1130,1152,1139,1161,1185,1133,1127,1115,1136,924,1130,1130,1105,1161,1139,1115,1143,1214,1257,1322,1376,1430,1461,1483,1496,1502
1344,1363,1371,1398,1450,1488,1511,1537,1557,1588,1604,1628,1634,1637,1645,1639,1630,1623,1598,1593,1577,1573,1562,1533,1488,1451,1406,1363,1282,1241,1257,1214,1220,1177,1208,1169,1157,1205,1195,1234,1313,1407,1391,1300,1223,1177,1223,1165,1211,1169,1272,1270,1304,1336,1394,1576,1810,1886,1730,1511,1482,1440,1433,1445,1457,1518,1569,1605,1640,1641,1685,1757,1730,1674,1688,1690,1713,1720,1733,1738,1733,1735,1736,1743,1755,1773,1785,1803,1821,1829,1839,1850,1847,1826,1808,1812,1812,1795,1759,1736,1765,1808,1821,1836,1841,1846,1841,1823,1810,1793,1769,1730,1683,1629,1616,1604,1612,1631,1641,1608,1577,1575,1631,1667,1659,1644,1597,1562,1569,1573,1533,1538,1557,1573,1568,1547,1513,1497,1499,1487,1479,1439,1410,1415,1461,1460,1449,1373,1337,1340,1422,1515,1502,1523,1618,1637,1625,1646,1667,1611,1569,1603,1598,1583,1556,1525,1506,1451,1353,1308,1268,1249,1192,1157,1205,1228,1195,1188,1130,1211,1208,1115,1152,1130,1136,1136,1133,1152,1130,1127,1148,1185,1173,1053,1122,1139,1148,1105,1165,1105,1152,1136,1130,1133,1148,1173,1148,1181,1161,1228,1255,1323,1386,1432,1462,1484,1498,1498
1333,1355,1376,1405,1452,1491,1520,1539,1555,1589,1612,1626,1624,1630,1632,1636,1629,1623,1609,1597,1582,1570,1550,1529,1498,1450,1400,1332,1298,1241,1208,1185,1192,1185,1165,1211,1188,1202,1205,1205,1185,1236,1236,1220,1192,1161,1188,1211,1211,1236,1217,1275,1293,1304,1388,1588,1845,1924,1765,1518,1478,1425,1423,1441,1455,1495,1550,1575,1608,1626,1658,1659,1645,1653,1684,1699,1698,1718,1720,1733,1732,1744,1746,1745,1761,1769,1793,1804,1812,1821,1832,1853,1853,1827,1809,1806,1799,1786,1743,1707,1709,1705,1710,1761,1816,1826,1830,1823,1800,1793,1775,1749,1721,1696,1667,1650,1646,1649,1642,1628,1604,1595,1617,1634,1633,1606,1566,1557,1564,1529,1487,1508,1536,1538,1512,1487,1496,1486,1483,1482,1469,1433,1409,1429,1463,1454,1433,1377,1340,1392,1466,1542,1534,1555,1621,1653,1657,1652,1636,1575,1544,1603,1603,1579,1544,1528,1499,1399,1335,1304,1245,1241,1226,1177,1195,1211,1220,1205,1211,1208,1223,1148,1053,1004,1143,1075,1139,1169,1143,1181,1133,1030,1130,1092,1122,1139,1161,1004,1115,1115,1152,1133,1136,1157,1173,1136,1139,1173,1148,1202,1249,1317,1387,1431,1461,1483,1503,1493
1329,1350,1405,1409,1448,1491,1520,1548,1567,1596,1610,1614,1625,1636,1630,1632,1633,1623,1614,1593,1580,1564,1545,1531,1487,1449,1412,1322,1282,1247,1228,1185,1198,1195,1198,1208,1205,1177,1198,1226,1198,1173,1208,1195,1136,1185,1161,1226,1202,1188,1223,1259,1290,1300,1376,1487,1605,1653,1541,1445,1432,1411,1395,1418,1443,1476,1515,1550,1574,1619,1644,1644,1639,1646,1662,1685,1687,1697,1710,1715,1724,1749,1744,1749,1753,1767,1781,1801,1808,1812,1825,1837,1841,1826,1810,1808,1802,1794,1779,1742,1690,1628,1620,1708,1793,1822,1812,1808,1806,1791,1791,1764,1737,1718,1689,1684,1702,1727,1697,1656,1642,1636,1616,1618,1608,1589,1568,1583,1579,1528,1458,1449,1502,1512,1486,1451,1455,1470,1457,1454,1461,1430,1415,1436,1462,1434,1405,1405,1401,1458,1528,1562,1571,1632,1638,1657,1622,1566,1602,1625,1621,1617,1600,1587,1555,1545,1498,1409,1329,1255,1261,1220,1217,1251,1231,1208,1223,1188,1181,1192,1214,1192,1161,1122,1127,1122,1075,1136,1177,1181,1139,1130,1004,1127,1127,1148,1161,1075,1152,1115,1092,1004,1075,1092,1105,1173,1130,1169,1169,1188,1234,1332,1374,1426,1463,1480,1502,1508
1330,1353,1381,1421,1452,1490,1528,1544,1575,1595,1610,1621,1627,1631,1629,1636,1629,1616,1606,1593,1580,1570,1549,1525,1482,1445,1399,1334,1277,1255,1214,1195,1198,1195,1188,1185,1208,1202,1202,1192,1205,1173,1192,1185,1188,1185,1165,1217,1198,1177,1185,1298,1281,1313,1360,1408,1396,1407,1405,1423,1433,1414,1398,1422,1447,1463,1494,1540,1552,1596,1638,1642,1643,1653,1651,1663,1670,1689,1692,1684,1686,1721,1742,1749,1758,1761,1779,1791,1801,1802,1815,1825,1825,1819,1822,1811,1810,1807,1791,1771,1714,1647,1654,1731,1800,1818,1819,1818,1791,1778,1781,1770,1748,1730,1715,1711,1779,1827,1770,1671,1640,1631,1614,1605,1611,1596,1594,1586,1587,1563,1501,1441,1475,1489,1462,1445,1432,1428,1389,1399,1438,1430,1421,1432,1445,1416,1403,1438,1439,1450,1485,1551,1586,1638,1637,1630,1616,1598,1631,1636,1604,1595,1597,1571,1570,1538,1488,1392,1272,1245,1243,1211,1157,1211,1223,1234,1202,1211,1198,1148,1195,1115,1092,1161,951,1157,1133,1133,1181,1211,1148,1161,1133,1092,1165,1139,1130,1115,1143,1136,1133,1092,978,1181,1130,1157,1130,1122,1185,1205,1287,1331,1387,1432,1468,1487,1501,1510
1331,1331,1388,1417,1449,1497,1530,1544,1574,1588,1616,1616,1620,1629,1623,1625,1634,1620,1612,1600,1589,1576,1548,1517,1488,1437,1405,1335,1272,1228,1236,1165,1188,1211,1192,1188,1169,1205,1211,1236,1226,1208,1231,1202,1133,1208,1195,1177,1169,1245,1185,1253,1261,1268,1334,1352,1378,1392,1408,1428,1403,1402,1417,1422,1443,1460,1491,1512,1547,1570,1596,1605,1622,1631,1642,1663,1672,1681,1690,1668,1655,1710,1739,1743,1755,1754,1779,1784,1784,1795,1809,1812,1822,1821,1818,1816,1811,1809,1799,1797,1784,1767,1765,1802,1817,1816,1819,1818,1763,1749,1764,1780,1777,1738,1709,1689,1721,1761,1732,1681,1644,1609,1580,1572,1595,1596,1600,1598,1593,1581,1542,1512,1506,1496,1469,1441,1416,1397,1358,1390,1415,1411,1429,1450,1449,1438,1437,1442,1445,1452,1476,1539,1590,1625,1649,1628,1607,1615,1627,1598,1499,1514,1586,1582,1548,1452,1464,1375,1305,1255,1185,1202,1205,1195,1198,1241,1231,1205,1208,1157,1169,1115,1115,1133,1185,1169,1152,1173,1148,1169,1198,1122,1105,1105,1143,1152,1115,1133,1136,1127,1127,1130,1092,1136,1130,1152,1165,1152,1157,1208,1265,1336,1395,1436,1459,1492,1502,1498
1342,1357,1390,1421,1450,1495,1528,1555,1570,1588,1607,1616,1617,1616,1630,1628,1618,1619,1614,1601,1587,1575,1547,1527,1486,1449,1410,1358,1312,1261,1208,1165,1211,1188,1217,1198,1188,1208,1143,1226,1223,1177,1181,1228,1208,1208,1165,1226,1169,1226,1223,1243,1236,1268,1316,1348,1391,1423,1474,1493,1427,1409,1417,1428,1442,1457,1467,1486,1522,1528,1551,1577,1609,1624,1645,1664,1682,1697,1713,1722,1733,1742,1736,1752,1749,1751,1766,1791,1787,1797,1804,1812,1810,1812,1811,1819,1813,1809,1808,1810,1815,1817,1825,1820,1813,1804,1798,1783,1757,1755,1789,1846,1849,1768,1684,1638,1619,1646,1668,1659,1630,1596,1556,1544,1575,1589,1602,1602,1592,1592,1571,1548,1521,1519,1493,1456,1422,1398,1418,1412,1387,1399,1393,1426,1430,1432,1420,1431,1441,1450,1473,1513,1565,1608,1629,1611,1597,1556,1528,1499,1445,1485,1569,1587,1548,1510,1463,1400,1323,1226,1202,1226,1192,1188,1169,1208,1257,1188,1177,1173,1136,1139,1152,1105,1130,1173,1139,1202,1234,1247,1226,1165,1136,1173,1181,1139,1139,1130,978,1169,978,1075,1075,1139,1152,1053,1092,1181,1181,1217,1265,1331,1392,1429,1462,1487,1497,1493
1338,1350,1393,1421,1452,1484,1534,1557,1571,1590,1604,1617,1621,1626,1621,1634,1619,1611,1610,1611,1587,1578,1557,1524,1495,1439,1402,1348,1272,1231,1220,1202,1195,1161,1214,1214,1181,1243,1205,1181,1226,1188,1220,1243,1217,1251,1161,1223,1226,1214,1231,1217,1247,1255,1307,1325,1377,1396,1462,1495,1470,1427,1409,1428,1439,1449,1466,1493,1518,1507,1515,1562,1596,1629,1642,1657,1687,1733,1753,1769,1819,1800,1754,1743,1742,1730,1731,1757,1787,1801,1807,1811,1810,1813,1823,1824,1808,1814,1811,1815,1817,1820,1824,1817,1808,1800,1795,1785,1774,1778,1839,1909,1899,1785,1672,1649,1652,1658,1677,1657,1629,1597,1571,1562,1577,1590,1614,1629,1615,1605,1580,1562,1542,1523,1500,1476,1431,1423,1430,1417,1383,1377,1388,1414,1418,1409,1390,1413,1432,1445,1451,1435,1501,1558,1579,1614,1605,1511,1443,1420,1441,1554,1596,1588,1580,1534,1493,1405,1309,1261,1214,1231,1249,1188,1195,1185,1238,1173,1202,1217,1165,1136,1181,1157,1198,1139,1220,1192,1211,1241,1220,1188,1173,1169,1092,1004,1136,1122,1130,1004,1053,1165,1130,1105,1136,1127,1148,1152,1148,1208,1282,1314,1372,1417,1446,1472,1496,1491
1325,1368,1367,1417,1445,1491,1522,1549,1571,1587,1604,1613,1621,1614,1622,1625,1618,1608,1608,1603,1592,1577,1561,1523,1490,1446,1417,1363,1309,1255,1234,1208,1214,1188,1249,1195,1169,1205,1177,1205,1185,1181,1185,1185,1251,1236,1241,1195,1217,1217,1231,1173,1231,1247,1277,1324,1348,1397,1418,1456,1457,1433,1425,1415,1440,1438,1461,1486,1526,1546,1542,1575,1604,1623,1648,1655,1696,1757,1764,1835,1888,1836,1757,1746,1743,1741,1717,1737,1812,1822,1807,1809,1817,1820,1831,1816,1801,1805,1801,1808,1807,1814,1813,1811,1801,1797,1798,1792,1790,1797,1876,1926,1888,1779,1739,1732,1715,1705,1678,1646,1619,1596,1576,1558,1569,1590,1624,1642,1625,1601,1583,1566,1547,1533,1500,1463,1428,1414,1417,1398,1364,1364,1399,1408,1403,1409,1385,1399,1421,1408,1391,1395,1452,1488,1506,1538,1526,1468,1422,1413,1475,1533,1561,1573,1541,1479,1432,1366,1319,1284,1217,1217,1238,1181,1181,1173,1136,1181,1211,1161,1133,1143,1188,1139,1192,1136,1173,1177,1217,1208,1165,1139,1231,1202,1139,1157,1152,1136,1030,1136,898,1148,1092,1157,1092,1139,1053,1130,1177,1188,1249,1310,1364,1395,1430,1460,1462,1485
1334,1346,1401,1411,1445,1481,1518,1551,1573,1591,1606,1616,1617,1615,1617,1627,1616,1615,1607,1602,1589,1578,1559,1520,1487,1458,1427,1404,1338,1310,1263,1241,1249,1202,1214,1173,1152,1211,1208,1181,1195,1185,1208,1188,1214,1245,1238,1188,1211,1261,1263,1231,1236,1279,1332,1357,1363,1366,1398,1410,1428,1419,1419,1419,1431,1448,1456,1484,1518,1553,1566,1581,1602,1628,1644,1652,1690,1732,1756,1852,1898,1818,1747,1745,1752,1756,1749,1777,1849,1827,1809,1810,1831,1831,1813,1792,1793,1789,1790,1789,1793,1793,1799,1801,1799,1799,1794,1798,1800,1798,1829,1851,1803,1771,1787,1807,1804,1807,1695,1633,1608,1577,1550,1518,1514,1553,1608,1615,1622,1609,1588,1588,1566,1530,1498,1441,1405,1378,1375,1386,1358,1358,1416,1394,1357,1399,1412,1406,1450,1440,1396,1378,1419,1437,1432,1417,1417,1418,1427,1471,1495,1465,1425,1478,1487,1415,1356,1330,1270,1257,1241,1192,1192,1133,1157,1133,1202,1198,1181,1152,1075,1130,1192,1143,1122,1148,1092,1143,1177,1148,1165,1208,1188,1188,1139,1165,1148,969,1115,1127,1115,924,1143,1053,1157,978,1139,1004,1133,1143,1247,1251,1309,1348,1400,1421,1447,1468
1342,1348,1399,1403,1447,1472,1521,1548,1572,1580,1596,1614,1616,1616,1622,1621,1616,1610,1602,1592,1586,1575,1566,1531,1492,1458,1441,1421,1405,1376,1325,1265,1234,1214,1226,1165,1152,1133,1188,1195,1214,1211,1188,1177,1226,1220,1205,1181,1226,1334,1363,1282,1255,1318,1392,1393,1385,1395,1372,1406,1421,1429,1424,1416,1439,1441,1475,1489,1520,1568,1587,1581,1602,1628,1648,1652,1664,1679,1730,1820,1851,1774,1742,1743,1753,1759,1766,1793,1842,1821,1800,1799,1801,1801,1784,1771,1775,1773,1770,1770,1767,1765,1769,1775,1780,1786,1786,1799,1799,1789,1768,1766,1774,1775,1835,1842,1797,1779,1673,1613,1573,1553,1534,1486,1477,1525,1585,1605,1624,1616,1596,1589,1577,1532,1512,1465,1413,1365,1331,1325,1324,1314,1355,1323,1323,1382,1385,1459,1543,1519,1452,1388,1387,1388,1388,1360,1382,1389,1422,1453,1495,1504,1436,1396,1467,1445,1352,1277,1245,1228,1198,1223,1198,1165,1157,1177,1198,1173,1177,1165,1173,1195,1161,1192,1161,1136,1177,1127,1130,1152,1192,1205,1211,1188,1139,1188,1030,1127,1127,1053,1157,1161,924,1152,1004,1133,1130,1161,1148,1195,1226,1261,1297,1320,1374,1405,1447,1462
1347,1360,1377,1404,1442,1484,1515,1547,1565,1578,1594,1610,1617,1615,1622,1623,1611,1609,1605,1600,1588,1575,1557,1534,1505,1454,1438,1425,1412,1370,1330,1314,1243,1205,1234,1208,1220,1217,1122,1148,1188,1188,1198,1192,1211,1231,1208,1202,1234,1308,1352,1295,1285,1345,1388,1396,1414,1414,1398,1412,1418,1417,1429,1423,1439,1474,1488,1490,1518,1574,1607,1581,1599,1630,1641,1653,1664,1655,1671,1727,1752,1726,1736,1780,1800,1759,1759,1770,1794,1787,1785,1806,1787,1769,1765,1761,1757,1756,1756,1745,1738,1709,1682,1706,1746,1760,1759,1771,1784,1785,1767,1799,1832,1786,1807,1793,1714,1650,1615,1585,1538,1510,1513,1513,1487,1514,1585,1615,1625,1610,1604,1583,1568,1544,1513,1462,1433,1392,1340,1336,1333,1324,1324,1331,1326,1365,1372,1486,1540,1528,1464,1395,1344,1335,1342,1353,1334,1348,1362,1374,1428,1510,1476,1465,1486,1450,1364,1285,1255,1241,1217,1192,1228,1234,1177,1211,1214,1226,1136,1165,1157,1152,1127,1181,1139,1127,1177,1122,1143,1169,1226,1226,1195,1122,1165,1115,1143,1143,1173,1136,1130,1157,1157,1122,1139,1165,1115,1053,1165,1157,1202,1274,1305,1338,1390,1425,1454,1456
1356,1357,1391,1416,1449,1477,1510,1543,1567,1588,1595,1611,1615,1627,1624,1615,1613,1608,1606,1596,1594,1573,1556,1538,1499,1476,1454,1440,1423,1374,1316,1322,1251,1211,1133,1188,1205,1165,1205,1139,1161,1165,1202,1198,1198,1195,1188,1202,1234,1255,1327,1302,1287,1340,1368,1412,1420,1426,1409,1403,1427,1441,1429,1434,1489,1535,1513,1502,1523,1570,1612,1607,1612,1636,1654,1674,1679,1659,1659,1687,1710,1724,1733,1774,1791,1754,1749,1749,1758,1761,1781,1848,1812,1755,1752,1749,1743,1739,1730,1703,1682,1650,1624,1644,1691,1693,1705,1738,1770,1776,1765,1797,1818,1760,1740,1717,1643,1554,1541,1531,1519,1498,1514,1514,1506,1534,1605,1628,1630,1617,1606,1591,1570,1545,1517,1456,1428,1394,1338,1318,1327,1325,1330,1350,1355,1357,1367,1448,1506,1479,1416,1355,1335,1316,1320,1344,1347,1334,1338,1365,1435,1499,1475,1426,1421,1355,1331,1267,1255,1205,1211,1192,1226,1192,1195,1192,1226,1195,1195,1181,1127,1165,1152,1105,1143,1143,1136,1148,1148,1053,1202,1173,1130,1152,1030,1161,924,1130,1143,1004,1198,1139,1122,1133,1122,1157,1133,1127,1133,1181,1231,1267,1329,1329,1397,1432,1458,1467
1351,1362,1382,1400,1439,1462,1518,1537,1568,1578,1594,1608,1614,1616,1616,1617,1615,1616,1611,1598,1583,1567,1562,1538,1514,1480,1467,1445,1411,1384,1337,1292,1265,1228,1192,1152,1152,1173,1169,1241,1185,1181,1208,1211,1195,1181,1177,1243,1247,1267,1281,1335,1329,1343,1372,1400,1405,1417,1425,1429,1496,1506,1454,1437,1514,1565,1528,1515,1541,1575,1607,1626,1647,1669,1670,1675,1676,1673,1689,1694,1708,1721,1732,1739,1747,1742,1736,1742,1747,1740,1757,1811,1784,1743,1738,1735,1728,1721,1690,1649,1623,1637,1667,1698,1723,1721,1712,1731,1756,1765,1753,1745,1742,1721,1705,1674,1621,1566,1567,1593,1574,1545,1530,1524,1518,1569,1608,1629,1650,1638,1609,1587,1551,1536,1500,1457,1428,1401,1360,1334,1333,1347,1356,1351,1341,1332,1338,1377,1403,1373,1391,1323,1348,1331,1336,1367,1338,1277,1301,1310,1341,1394,1380,1329,1330,1314,1287,1268,1245,1195,1208,1211,1208,1202,1238,1185,1238,1188,1188,1004,1177,1152,1092,1092,1181,1148,1169,1136,1173,1173,1136,1130,1165,1136,1053,1115,1127,1105,1105,1030,1152,1139,1130,1004,1105,1152,1136,1177,1161,1217,1253,1285,1337,1377,1421,1444,1465,1472
1357,1346,1390,1419,1438,1468,1503,1536,1560,1583,1592,1608,1616,1614,1614,1620,1614,1607,1607,1600,1582,1566,1551,1539,1515,1503,1469,1429,1371,1342,1322,1247,1245,1236,1211,1195,1133,1177,1157,1223,1177,1177,1181,1161,1157,1205,1214,1247,1202,1231,1257,1282,1301,1352,1385,1391,1378,1393,1394,1429,1530,1548,1470,1467,1507,1538,1517,1590,1701,1735,1658,1630,1654,1685,1686,1694,1686,1714,1712,1714,1715,1724,1730,1736,1731,1738,1737,1736,1732,1717,1721,1741,1730,1721,1727,1721,1714,1701,1663,1631,1650,1677,1715,1750,1773,1775,1775,1764,1755,1732,1715,1709,1696,1659,1633,1616,1597,1587,1638,1678,1652,1595,1541,1483,1511,1574,1613,1635,1643,1627,1591,1555,1532,1516,1485,1447,1390,1372,1346,1378,1398,1409,1413,1371,1333,1316,1337,1351,1351,1350,1362,1341,1332,1338,1336,1372,1348,1316,1301,1292,1295,1304,1318,1331,1325,1325,1360,1370,1326,1284,1195,1241,1205,1223,1181,1243,1208,1195,1198,1185,1161,1169,1053,1122,1188,1152,1169,1192,1165,1157,1122,1127,1136,1053,1030,964,1157,1105,1030,935,1127,1105,1136,951,1115,1053,1133,1143,1127,1208,1272,1327,1381,1416,1447,1468,1490,1486
1368,1354,1402,1408,1443,1476,1512,1538,1563,1578,1590,1606,1616,1616,1616,1614,1615,1611,1606,1602,1586,1571,1549,1539,1532,1514,1461,1412,1353,1304,1257,1267,1231,1202,1165,1185,1165,1208,1211,1234,1253,1198,1185,1192,1208,1192,1169,1205,1205,1245,1214,1249,1275,1308,1382,1390,1376,1365,1378,1408,1467,1490,1450,1456,1477,1499,1534,1742,1937,1969,1848,1660,1644,1674,1690,1697,1717,1826,1799,1753,1752,1746,1738,1733,1743,1748,1749,1747,1728,1693,1685,1703,1716,1712,1710,1709,1709,1702,1691,1680,1709,1731,1743,1766,1784,1798,1797,1776,1742,1683,1654,1667,1651,1615,1579,1561,1575,1617,1636,1655,1638,1585,1501,1450,1497,1561,1609,1613,1610,1608,1588,1551,1517,1478,1445,1397,1342,1370,1417,1436,1435,1445,1465,1439,1393,1341,1331,1345,1385,1409,1381,1376,1354,1371,1314,1331,1336,1312,1289,1274,1289,1292,1305,1346,1344,1400,1501,1513,1433,1331,1275,1270,1290,1188,1157,1247,1223,1181,1157,1157,1195,1133,1205,1143,1105,1157,1188,1165,1173,1136,1053,1161,1075,1139,1105,1157,1115,969,1136,1030,1075,1105,1127,978,1004,1152,1127,1165,1161,1249,1290,1346,1413,1441,1467,1490,1501,1503
1352,1350,1393,1419,1431,1467,1513,1536,1554,1583,1588,1596,1605,1617,1619,1624,1615,1621,1612,1606,1597,1588,1554,1550,1534,1490,1443,1407,1343,1279,1263,1245,1202,1226,1202,1257,1292,1300,1241,1231,1220,1205,1157,1177,1148,1217,1226,1169,1231,1217,1231,1253,1268,1320,1385,1392,1366,1385,1372,1402,1409,1425,1423,1443,1483,1504,1548,1815,1986,2001,1932,1685,1634,1653,1670,1667,1686,1771,1841,1920,1901,1800,1751,1745,1771,1779,1819,1794,1721,1662,1667,1695,1698,1703,1704,1701,1706,1707,1716,1721,1740,1746,1735,1742,1769,1797,1798,1778,1726,1672,1655,1683,1680,1649,1636,1621,1639,1637,1585,1580,1603,1561,1497,1461,1493,1534,1547,1543,1538,1572,1575,1539,1497,1449,1435,1390,1358,1394,1452,1463,1450,1465,1496,1463,1404,1358,1389,1402,1432,1434,1426,1427,1432,1416,1372,1341,1348,1293,1263,1293,1281,1251,1277,1312,1344,1425,1524,1536,1491,1338,1267,1275,1265,1228,1195,1220,1181,1185,1188,1188,1173,1165,1122,1192,1075,1127,1192,1185,1157,1165,1115,1157,1152,1122,951,1127,1139,1130,1130,1053,1053,1127,1139,1075,1105,924,1122,1198,1188,1267,1302,1363,1403,1444,1480,1505,1512,1508
1354,1360,1378,1396,1430,1472,1501,1532,1556,1576,1589,1607,1608,1621,1622,1626,1623,1614,1616,1613,1602,1587,1571,1553,1538,1504,1447,1403,1357,1304,1259,1236,1208,1231,1247,1344,1417,1400,1313,1192,1205,1157,1169,1198,1161,1139,1181,1202,1188,1165,1208,1214,1211,1275,1344,1372,1371,1382,1370,1396,1415,1417,1410,1426,1451,1466,1507,1729,1923,1950,1831,1625,1605,1633,1659,1680,1676,1739,1942,2007,2007,1909,1767,1776,1811,1793,1836,1818,1718,1677,1707,1714,1701,1697,1697,1695,1703,1714,1720,1735,1747,1743,1721,1705,1737,1779,1797,1769,1713,1683,1698,1720,1709,1674,1692,1691,1678,1642,1593,1606,1613,1566,1509,1520,1552,1520,1470,1466,1506,1561,1576,1542,1477,1430,1439,1411,1402,1434,1445,1446,1436,1433,1439,1445,1448,1436,1424,1422,1450,1466,1540,1572,1567,1504,1434,1400,1399,1305,1277,1275,1272,1231,1255,1282,1307,1372,1474,1520,1492,1337,1255,1245,1253,1214,1241,1236,1231,1165,1185,1198,1173,1185,1188,1136,1143,1148,1133,1165,1139,1115,1161,1143,1127,1143,1075,1030,1115,1148,1136,1143,1030,1169,1169,1152,898,1122,1152,1173,1205,1263,1326,1390,1420,1462,1484,1500,1517,1512
1372,1373,1375,1399,1436,1468,1498,1522,1555,1574,1586,1601,1611,1617,1625,1620,1619,1615,1618,1613,1607,1594,1578,1556,1538,1512,1472,1427,1364,1318,1272,1253,1245,1220,1305,1367,1417,1367,1281,1188,1205,1139,1185,1195,1173,1152,1192,1211,1241,1245,1236,1205,1243,1282,1341,1367,1377,1384,1361,1393,1439,1413,1422,1440,1434,1463,1475,1547,1675,1702,1603,1548,1567,1599,1646,1680,1681,1744,1965,2007,2007,1924,1776,1802,1849,1786,1773,1771,1730,1751,1855,1816,1723,1706,1700,1705,1709,1711,1718,1739,1750,1765,1768,1762,1780,1791,1795,1781,1732,1702,1728,1744,1732,1701,1708,1706,1680,1654,1651,1622,1575,1536,1519,1559,1598,1582,1524,1476,1533,1575,1585,1559,1516,1445,1427,1432,1442,1453,1441,1423,1409,1392,1402,1432,1478,1515,1520,1466,1500,1513,1594,1653,1657,1629,1571,1516,1483,1419,1312,1259,1238,1226,1226,1259,1249,1285,1380,1442,1380,1261,1161,1223,1195,1208,1211,1198,1169,1133,1185,1208,1234,1251,1188,1185,1173,1173,1133,1105,1208,1130,1181,1185,1198,1157,1157,1075,1130,1136,1122,1157,1133,1122,1115,1133,1122,1130,1136,1157,1245,1275,1323,1393,1422,1457,1489,1515,1517,1519
1370,1355,1381,1396,1432,1452,1496,1523,1545,1574,1585,1600,1614,1623,1620,1628,1629,1620,1618,1617,1610,1597,1587,1556,1533,1519,1490,1443,1364,1308,1270,1241,1243,1223,1279,1285,1313,1245,1192,1152,1217,1181,1161,1161,1173,1220,1185,1217,1289,1265,1214,1211,1223,1267,1343,1378,1399,1436,1439,1413,1442,1423,1406,1427,1429,1438,1441,1451,1491,1514,1483,1486,1527,1567,1620,1652,1652,1704,1831,1976,1967,1830,1762,1830,1884,1810,1782,1774,1737,1746,1829,1806,1724,1708,1707,1710,1714,1721,1723,1736,1752,1775,1810,1811,1798,1778,1756,1754,1751,1746,1739,1728,1739,1725,1710,1702,1691,1670,1655,1601,1545,1515,1558,1615,1632,1661,1628,1586,1580,1598,1596,1574,1549,1504,1485,1490,1486,1468,1453,1418,1376,1365,1365,1439,1490,1541,1546,1496,1527,1496,1564,1651,1666,1658,1631,1586,1539,1467,1348,1305,1263,1243,1245,1220,1253,1259,1272,1290,1300,1205,1185,1208,1130,1177,1169,1169,1161,1177,1133,1192,1236,1238,1169,1192,1143,1152,1053,1122,1143,1188,1130,1195,1169,1127,1122,1115,1133,1030,1053,1004,1143,1143,1130,1157,1173,1152,1195,1205,1245,1275,1345,1398,1430,1468,1497,1518,1521,1518
1367,1363,1377,1401,1423,1452,1493,1523,1533,1564,1575,1598,1609,1617,1619,1629,1629,1623,1616,1612,1610,1602,1582,1565,1543,1518,1489,1446,1400,1325,1257,1238,1228,1270,1292,1267,1241,1214,1181,1214,1161,1148,1173,1228,1205,1202,1202,1236,1268,1277,1265,1238,1265,1257,1304,1333,1400,1498,1501,1440,1442,1460,1422,1429,1432,1437,1427,1437,1457,1475,1456,1452,1468,1527,1577,1605,1639,1664,1708,1753,1773,1744,1747,1834,1914,1840,1831,1804,1752,1747,1746,1740,1723,1720,1715,1720,1718,1726,1729,1723,1732,1775,1846,1839,1786,1707,1642,1630,1670,1722,1719,1695,1729,1729,1709,1689,1681,1687,1667,1618,1579,1596,1637,1668,1704,1707,1675,1648,1620,1583,1567,1577,1564,1541,1519,1511,1493,1452,1423,1382,1355,1341,1378,1430,1495,1544,1559,1589,1645,1637,1630,1607,1643,1645,1609,1581,1540,1475,1377,1331,1332,1270,1238,1247,1255,1275,1255,1226,1281,1236,1243,1205,1173,1214,1181,1161,1192,1177,1181,1075,1169,1223,1157,1188,1165,1092,1185,1177,1122,1165,1181,1139,1198,1173,1115,1105,1148,1133,978,1105,1030,1152,1165,1130,1127,1115,1148,1188,1257,1281,1347,1409,1448,1480,1505,1516,1530,1534
1361,1372,1390,1395,1417,1460,1492,1513,1544,1559,1578,1585,1612,1618,1633,1618,1620,1628,1619,1605,1609,1607,1590,1566,1546,1520,1495,1451,1417,1337,1274,1259,1282,1325,1304,1253,1238,1214,1245,1236,1181,1136,1188,1177,1223,1228,1249,1205,1220,1198,1234,1220,1234,1241,1265,1301,1342,1451,1529,1503,1493,1489,1448,1433,1429,1432,1439,1432,1430,1438,1461,1463,1474,1501,1552,1585,1604,1638,1702,1714,1718,1700,1715,1789,1891,1839,1814,1784,1764,1822,1820,1764,1734,1727,1732,1735,1736,1742,1745,1736,1743,1779,1835,1834,1757,1623,1544,1543,1593,1678,1720,1718,1736,1732,1718,1708,1710,1786,1777,1674,1615,1628,1656,1685,1715,1713,1707,1662,1612,1593,1572,1575,1560,1525,1494,1480,1458,1445,1412,1389,1353,1343,1358,1414,1451,1513,1570,1630,1682,1715,1703,1632,1612,1587,1512,1542,1563,1534,1485,1415,1394,1314,1289,1270,1226,1243,1249,1238,1223,1177,1205,1198,1177,1214,1249,1234,1231,1185,1148,1177,1220,1247,1208,1185,1157,1130,1143,1195,1217,1143,1181,1127,1139,1165,1143,1139,1217,1139,898,1075,1139,1105,1092,1105,1139,1188,1122,1214,1263,1300,1350,1409,1451,1475,1504,1528,1533,1532
1370,1373,1364,1396,1409,1451,1476,1514,1529,1548,1573,1587,1605,1620,1627,1628,1630,1622,1616,1603,1603,1606,1595,1575,1550,1519,1506,1460,1410,1342,1295,1281,1277,1310,1307,1255,1251,1245,1202,1217,1169,1205,1208,1211,1236,1195,1251,1223,1247,1236,1234,1228,1263,1234,1279,1305,1322,1422,1519,1540,1519,1513,1460,1466,1444,1445,1449,1438,1424,1429,1473,1511,1518,1517,1543,1568,1577,1614,1670,1692,1701,1700,1695,1725,1784,1775,1756,1751,1774,1867,1867,1807,1759,1754,1743,1749,1745,1749,1761,1769,1770,1790,1823,1836,1768,1643,1567,1587,1666,1718,1749,1753,1779,1764,1733,1731,1794,1959,1922,1737,1657,1623,1630,1668,1676,1696,1686,1656,1603,1585,1585,1574,1548,1497,1445,1456,1451,1426,1413,1386,1331,1335,1351,1402,1428,1474,1531,1596,1668,1715,1725,1683,1633,1565,1491,1525,1556,1590,1549,1461,1401,1325,1277,1238,1253,1211,1257,1192,1185,1148,1188,1231,1228,1245,1297,1287,1272,1157,1148,1177,1165,1217,1205,1226,1195,1161,1157,1139,1130,1152,1152,1105,1157,1136,1130,1165,1152,1133,1092,1053,1122,1152,1139,1173,1143,1148,1192,1226,1241,1298,1375,1424,1463,1496,1522,1525,1533,1531
1358,1376,1368,1383,1413,1434,1467,1507,1530,1551,1573,1589,1603,1622,1618,1623,1622,1621,1619,1601,1600,1599,1586,1582,1552,1539,1500,1461,1439,1386,1325,1305,1302,1290,1268,1268,1234,1214,1198,1198,1148,1217,1161,1214,1238,1185,1223,1214,1226,1208,1195,1202,1249,1255,1259,1272,1327,1415,1511,1534,1518,1525,1532,1569,1552,1506,1482,1439,1421,1447,1458,1460,1493,1537,1538,1540,1562,1607,1645,1681,1709,1731,1714,1688,1709,1724,1752,1752,1760,1822,1815,1832,1790,1754,1745,1743,1750,1748,1769,1780,1785,1795,1829,1864,1804,1718,1666,1682,1738,1765,1752,1736,1741,1751,1742,1754,1800,1906,1865,1741,1674,1629,1618,1609,1602,1604,1615,1649,1641,1615,1598,1586,1546,1491,1438,1438,1438,1432,1415,1386,1345,1364,1381,1370,1371,1397,1447,1508,1610,1681,1704,1680,1620,1527,1491,1517,1513,1496,1421,1374,1350,1295,1234,1268,1236,1268,1263,1198,1205,1241,1241,1247,1226,1185,1267,1267,1192,1181,1181,1152,1157,1127,1208,1157,1165,1139,1127,1152,1115,1133,1169,1127,1169,1177,1157,1157,1136,1157,1188,1177,1130,1148,1139,1133,1157,1165,1173,1198,1282,1310,1382,1438,1467,1491,1525,1534,1532,1535
1373,1361,1371,1368,1407,1437,1468,1500,1518,1541,1567,1587,1592,1609,1622,1630,1623,1627,1617,1606,1598,1591,1575,1575,1552,1536,1510,1487,1443,1400,1348,1297,1295,1290,1274,1223,1255,1228,1220,1211,1165,1198,1214,1226,1205,1169,1208,1214,1231,1231,1281,1282,1285,1267,1251,1275,1309,1395,1487,1527,1538,1564,1601,1640,1639,1601,1537,1473,1442,1450,1448,1450,1445,1472,1518,1538,1534,1574,1614,1645,1667,1684,1670,1672,1687,1714,1766,1771,1749,1757,1782,1860,1813,1745,1745,1742,1749,1758,1761,1771,1780,1779,1785,1805,1774,1738,1712,1726,1766,1774,1757,1717,1709,1740,1761,1776,1797,1794,1793,1747,1689,1647,1630,1585,1542,1539,1582,1653,1687,1689,1645,1586,1536,1494,1466,1456,1450,1428,1418,1387,1393,1404,1403,1376,1340,1347,1380,1426,1511,1612,1655,1659,1612,1538,1520,1515,1463,1398,1317,1279,1261,1243,1261,1281,1267,1231,1169,1195,1188,1185,1238,1228,1214,1220,1245,1205,1122,1157,1161,1105,1133,1139,1152,1122,1127,1185,1133,1157,1127,1030,1105,1205,1152,1181,1185,1136,1122,1075,1143,1148,1139,1053,964,1152,1122,1139,1223,1192,1289,1333,1391,1445,1475,1513,1526,1530,1530,1528
1384,1375,1385,1378,1406,1427,1460,1485,1519,1537,1561,1583,1596,1606,1620,1622,1622,1621,1618,1612,1602,1600,1583,1572,1562,1533,1522,1490,1451,1414,1357,1304,1279,1272,1226,1243,1173,1192,1152,1169,1165,1133,1185,1223,1181,1228,1259,1241,1268,1314,1344,1373,1345,1292,1263,1241,1281,1345,1469,1519,1529,1558,1612,1637,1647,1648,1619,1577,1543,1456,1438,1420,1425,1442,1477,1515,1499,1543,1588,1615,1619,1622,1632,1652,1665,1686,1710,1723,1729,1752,1816,1874,1805,1750,1744,1743,1747,1746,1757,1759,1763,1758,1739,1718,1707,1709,1711,1743,1793,1812,1781,1751,1752,1785,1784,1753,1778,1776,1779,1754,1709,1664,1628,1581,1550,1547,1609,1691,1734,1721,1675,1603,1527,1475,1467,1448,1447,1432,1420,1406,1421,1402,1381,1350,1344,1318,1363,1366,1417,1476,1576,1621,1591,1555,1489,1440,1395,1337,1295,1251,1223,1234,1275,1275,1263,1217,1188,1198,1139,1177,1198,1185,1217,1198,1234,1173,1169,1143,1165,1148,1198,1181,1188,1148,1152,1127,1181,1136,1075,1152,1030,1161,1208,1220,1136,1157,1075,1130,951,1133,1004,1136,978,1143,1148,1195,1152,1245,1285,1353,1409,1450,1477,1510,1530,1529,1526,1527
1370,1377,1387,1391,1389,1409,1455,1478,1514,1534,1558,1572,1593,1604,1616,1619,1623,1616,1615,1611,1608,1590,1587,1573,1564,1542,1531,1497,1466,1406,1356,1298,1295,1234,1177,1236,1211,1214,1185,1220,1185,1169,1181,1169,1205,1161,1211,1217,1257,1367,1429,1434,1415,1319,1290,1263,1293,1297,1417,1478,1516,1538,1603,1621,1641,1656,1652,1668,1643,1524,1432,1424,1428,1450,1453,1470,1514,1560,1583,1596,1588,1636,1674,1665,1650,1666,1690,1707,1716,1742,1801,1818,1780,1761,1742,1744,1746,1749,1753,1748,1746,1730,1696,1650,1621,1639,1707,1758,1798,1818,1781,1765,1784,1816,1780,1750,1764,1758,1750,1752,1726,1673,1623,1562,1559,1627,1726,1768,1732,1694,1662,1579,1508,1455,1458,1435,1434,1428,1419,1423,1413,1380,1356,1356,1351,1364,1366,1338,1335,1370,1438,1490,1482,1435,1353,1350,1347,1304,1282,1282,1253,1245,1268,1265,1228,1231,1214,1192,1177,1202,1139,1169,1185,1198,1241,1143,1173,1152,1173,1157,1205,1115,1188,1188,1139,1148,1053,1143,1177,1165,1152,1192,1143,1148,1192,1130,1161,951,1075,1053,1143,1214,1161,1133,1130,1169,1181,1263,1309,1370,1417,1463,1488,1524,1528,1526,1521,1528
1377,1362,1378,1372,1397,1423,1431,1473,1503,1530,1552,1568,1586,1599,1615,1616,1620,1622,1622,1615,1612,1605,1593,1579,1565,1545,1530,1499,1476,1423,1363,1282,1257,1249,1192,1205,1208,1202,1217,1148,1169,1136,1169,1157,1202,1205,1198,1188,1270,1338,1414,1412,1375,1314,1267,1261,1281,1298,1332,1363,1421,1477,1572,1626,1635,1661,1656,1663,1679,1573,1441,1417,1423,1425,1444,1463,1498,1561,1577,1558,1585,1655,1693,1671,1642,1651,1679,1716,1726,1732,1790,1834,1835,1807,1798,1774,1769,1760,1752,1747,1740,1719,1677,1628,1587,1606,1681,1736,1770,1775,1761,1761,1772,1785,1765,1753,1790,1793,1787,1782,1743,1678,1619,1570,1603,1719,1854,1811,1699,1668,1622,1562,1498,1481,1452,1418,1410,1415,1413,1419,1386,1357,1401,1450,1443,1441,1417,1360,1309,1312,1313,1318,1330,1272,1270,1289,1277,1251,1322,1330,1281,1217,1226,1272,1223,1217,1217,1205,1165,1169,1208,1211,1228,1157,1195,1177,1030,1165,1185,1152,1148,1152,1165,1177,1075,1053,1105,1127,1161,1075,1053,1130,1075,1143,1133,1136,1133,1139,978,1053,1185,1169,1231,1192,1157,1148,1214,1285,1322,1391,1435,1460,1491,1525,1525,1527,1527,1519
1392,1364,1380,1390,1395,1407,1442,1460,1500,1525,1538,1566,1582,1601,1606,1609,1611,1616,1624,1610,1597,1591,1587,1578,1561,1547,1522,1502,1472,1435,1381,1323,1268,1241,1195,1195,1214,1195,1185,1181,1188,1208,1177,1202,1245,1231,1228,1226,1238,1285,1308,1341,1330,1285,1249,1236,1265,1300,1325,1363,1423,1499,1576,1615,1630,1643,1657,1671,1687,1604,1485,1426,1409,1415,1429,1454,1450,1518,1555,1552,1550,1587,1625,1614,1621,1642,1659,1701,1740,1776,1870,1943,1957,1930,1877,1829,1813,1798,1770,1750,1734,1724,1692,1653,1621,1624,1667,1709,1735,1749,1749,1758,1770,1770,1752,1769,1817,1840,1839,1801,1745,1713,1671,1645,1660,1734,1823,1750,1657,1647,1607,1551,1509,1487,1451,1429,1409,1383,1370,1378,1342,1407,1499,1525,1506,1478,1475,1407,1319,1309,1277,1284,1253,1257,1231,1202,1274,1261,1312,1313,1234,1211,1202,1247,1226,1202,1220,1208,1261,1231,1302,1249,1188,1181,1198,1130,1143,1139,1173,1148,1122,1105,1148,1136,1092,924,1030,1139,1105,1177,1136,1122,1143,1075,924,924,1004,1092,1143,1148,1133,1115,1139,1143,1139,1136,1202,1290,1350,1395,1430,1460,1496,1522,1525,1522,1522,1517
1394,1387,1390,1371,1399,1398,1428,1450,1480,1525,1543,1562,1573,1595,1606,1616,1620,1616,1618,1611,1598,1592,1581,1582,1563,1538,1515,1499,1463,1427,1387,1314,1241,1253,1220,1198,1192,1181,1157,1181,1161,1143,1177,1181,1211,1214,1143,1165,1173,1257,1223,1298,1301,1217,1214,1251,1287,1316,1335,1376,1438,1493,1548,1580,1593,1621,1646,1670,1680,1653,1544,1447,1405,1402,1415,1427,1435,1468,1514,1548,1532,1525,1546,1564,1577,1616,1641,1677,1723,1765,1848,1920,1960,1989,1950,1881,1829,1792,1784,1768,1754,1735,1714,1694,1655,1609,1624,1669,1723,1745,1750,1749,1753,1750,1745,1781,1822,1830,1812,1772,1787,1816,1769,1715,1693,1696,1709,1671,1635,1606,1578,1553,1514,1476,1419,1415,1387,1361,1337,1338,1343,1445,1529,1535,1511,1503,1480,1425,1344,1333,1302,1279,1234,1267,1243,1234,1195,1247,1265,1245,1247,1217,1226,1169,1188,1208,1226,1161,1231,1208,1259,1223,1181,1115,1169,1169,1115,1122,1136,1053,1053,1130,1075,1148,1127,1133,1115,1130,964,1177,1053,898,1115,1143,1139,1030,1053,1139,1075,1130,898,969,1030,1133,1148,1214,1231,1285,1346,1407,1444,1475,1511,1529,1534,1525,1515,1513
1397,1395,1384,1372,1378,1400,1422,1449,1480,1511,1531,1555,1571,1589,1601,1613,1621,1613,1608,1609,1600,1590,1581,1577,1562,1547,1526,1497,1471,1425,1382,1316,1275,1251,1231,1202,1152,1136,1211,1185,1139,1173,1169,1181,1208,1220,1185,1143,1152,1208,1202,1247,1267,1226,1223,1247,1263,1333,1331,1354,1425,1453,1491,1512,1488,1529,1576,1639,1665,1664,1590,1463,1421,1414,1409,1424,1413,1433,1454,1500,1523,1502,1514,1528,1541,1573,1613,1636,1674,1723,1765,1823,1887,1953,1925,1858,1867,1841,1784,1769,1761,1751,1728,1722,1689,1630,1650,1697,1730,1758,1778,1763,1753,1750,1744,1762,1793,1797,1771,1814,1905,1933,1895,1799,1720,1670,1672,1638,1603,1575,1548,1530,1499,1441,1402,1395,1370,1352,1318,1324,1341,1419,1494,1516,1488,1458,1463,1395,1312,1309,1297,1247,1268,1270,1308,1282,1274,1251,1293,1241,1253,1247,1152,1165,1185,1177,1214,1188,1173,1202,1198,1195,1169,1188,1198,1188,898,1115,1198,1165,1143,1169,1122,1148,1053,1157,1122,1133,1075,1130,1136,1122,1115,1122,1127,1136,1143,1122,1030,1130,1130,1053,951,1169,1053,1188,1217,1292,1355,1412,1448,1478,1519,1534,1527,1524,1513,1497
1398,1383,1394,1385,1364,1389,1410,1435,1462,1503,1529,1544,1566,1583,1603,1613,1614,1618,1613,1604,1598,1596,1593,1574,1572,1545,1523,1501,1461,1419,1391,1341,1297,1249,1208,1185,1133,1165,1165,1181,1177,1105,1231,1152,1211,1205,1214,1188,1188,1181,1188,1228,1220,1223,1231,1220,1226,1284,1284,1314,1355,1413,1443,1441,1420,1413,1461,1575,1633,1611,1555,1462,1450,1441,1431,1399,1397,1415,1437,1441,1469,1503,1498,1508,1517,1543,1563,1592,1628,1664,1675,1702,1793,1840,1805,1846,1985,1978,1857,1816,1838,1819,1753,1734,1726,1707,1716,1729,1766,1833,1879,1861,1833,1837,1838,1846,1829,1783,1761,1861,1933,1916,1865,1776,1706,1666,1643,1611,1576,1551,1528,1507,1456,1423,1389,1354,1354,1323,1316,1300,1295,1326,1380,1430,1423,1391,1370,1329,1289,1272,1281,1272,1289,1302,1326,1338,1332,1302,1281,1245,1236,1208,1139,1173,1181,1143,1198,1211,1185,1202,1192,1169,1208,1157,1202,1220,1188,1177,1188,1157,1173,1130,1139,1188,1130,1053,1075,1148,1139,1152,1139,1130,1139,1053,1127,1148,1122,1152,1053,1127,1092,1127,1139,1075,1157,1220,1247,1313,1371,1408,1462,1491,1514,1529,1522,1525,1507,1486
1382,1385,1380,1372,1384,1398,1410,1437,1458,1489,1524,1540,1561,1573,1596,1610,1608,1612,1613,1609,1597,1601,1587,1573,1566,1546,1533,1505,1468,1437,1397,1354,1314,1255,1202,1195,1169,1157,1181,1177,1185,1173,1185,1188,1136,1208,1192,1173,1165,1188,1208,1208,1226,1220,1259,1259,1214,1234,1211,1249,1265,1337,1377,1407,1408,1396,1423,1539,1595,1545,1448,1430,1476,1470,1454,1409,1390,1395,1411,1421,1443,1494,1515,1499,1487,1511,1523,1547,1573,1603,1601,1628,1680,1730,1799,1954,2007,2007,1988,1929,1927,1884,1778,1736,1739,1720,1724,1751,1823,1909,1966,1976,1971,1970,1969,1982,1970,1860,1747,1798,1831,1798,1750,1705,1672,1635,1603,1573,1536,1522,1499,1467,1415,1396,1367,1363,1332,1316,1310,1297,1290,1277,1313,1318,1310,1302,1290,1298,1308,1267,1268,1282,1320,1329,1333,1421,1412,1326,1263,1228,1188,1181,1173,1223,1136,1152,1214,1205,1177,1157,1157,1148,1217,1198,1202,1185,1181,1122,1148,1177,1173,1133,1198,1173,1143,1161,1122,1122,951,1161,1152,1105,1139,1130,1139,1030,898,1030,1092,1139,924,1133,1157,1127,1177,1208,1272,1305,1384,1406,1460,1486,1512,1529,1523,1515,1505,1490
1383,1395,1392,1355,1382,1377,1402,1429,1444,1476,1502,1534,1553,1567,1590,1609,1608,1604,1608,1608,1603,1591,1591,1582,1565,1548,1534,1514,1498,1453,1416,1360,1320,1298,1263,1257,1152,1173,1173,1139,1161,1177,1161,1157,1165,1130,1181,1231,1205,1177,1169,1205,1211,1205,1152,1243,1205,1173,1161,1165,1228,1300,1341,1346,1380,1398,1434,1557,1601,1596,1537,1496,1554,1532,1487,1464,1386,1391,1402,1409,1462,1477,1513,1512,1517,1526,1515,1514,1519,1536,1551,1572,1623,1698,1847,2007,2007,2007,2007,1994,1954,1863,1757,1741,1740,1725,1720,1767,1871,1961,2007,2007,2007,2006,2000,2007,2007,1857,1693,1725,1738,1712,1689,1665,1639,1609,1557,1504,1464,1473,1467,1444,1413,1365,1361,1346,1342,1334,1300,1257,1253,1268,1284,1285,1281,1281,1284,1300,1307,1275,1314,1317,1327,1301,1336,1479,1479,1342,1267,1231,1195,1195,1223,1195,1220,1202,1223,1228,1220,1169,1181,1143,1245,1257,1198,1177,1181,1139,1173,1136,1130,1130,1122,1173,1165,1092,1165,1136,1092,1139,1130,1143,1105,1157,1122,1004,951,1105,1139,1092,1075,1122,1115,1139,1136,1192,1282,1324,1381,1414,1461,1490,1514,1522,1519,1512,1502,1484
1358,1358,1383,1392,1374,1372,1403,1423,1443,1472,1504,1524,1553,1571,1587,1599,1610,1614,1613,1605,1598,1598,1591,1580,1576,1556,1542,1514,1503,1477,1464,1501,1457,1323,1274,1185,1195,1220,1236,1181,1165,1161,1211,1165,1127,1185,1169,1185,1220,1139,1133,1211,1228,1139,1214,1161,1245,1217,1202,1214,1245,1267,1309,1331,1346,1392,1460,1561,1610,1617,1610,1592,1610,1589,1536,1552,1475,1391,1389,1449,1506,1495,1476,1474,1497,1519,1503,1480,1467,1477,1506,1531,1574,1662,1814,1995,2007,2007,2007,1992,1900,1784,1732,1752,1738,1705,1695,1730,1835,1945,2007,2007,2007,1995,1975,1992,1954,1791,1665,1685,1708,1686,1664,1646,1614,1575,1520,1440,1412,1421,1421,1400,1396,1360,1340,1362,1335,1324,1297,1287,1285,1279,1253,1255,1290,1272,1255,1290,1282,1314,1313,1307,1345,1337,1322,1407,1412,1295,1247,1238,1202,1177,1195,1198,1202,1169,1247,1236,1185,1173,1198,1195,1231,1228,1192,1185,1161,1169,1211,1188,1133,1130,1165,1133,1127,1133,1122,1127,1148,1105,1105,1133,1139,924,1075,1143,1122,1053,1075,1092,1152,951,1130,1115,1136,1205,1263,1352,1381,1416,1454,1495,1512,1514,1507,1492,1476,1476
1354,1387,1371,1381,1390,1378,1393,1410,1435,1461,1481,1515,1544,1566,1584,1593,1607,1605,1608,1607,1604,1594,1590,1582,1572,1562,1543,1527,1506,1508,1563,1620,1552,1382,1257,1217,1217,1188,1202,1148,1198,1143,1152,1165,1157,1143,1188,1177,1139,1169,1161,1181,1185,1202,1177,1211,1165,1192,1188,1208,1228,1284,1309,1343,1380,1405,1510,1577,1613,1609,1608,1612,1614,1610,1584,1576,1487,1388,1383,1456,1495,1462,1418,1397,1413,1432,1434,1421,1425,1452,1481,1504,1563,1652,1786,1929,2007,2007,2007,1960,1825,1723,1690,1668,1660,1656,1664,1666,1714,1783,1864,1909,1911,1869,1828,1804,1776,1719,1667,1660,1662,1655,1629,1610,1575,1535,1498,1433,1398,1382,1364,1352,1360,1353,1327,1332,1308,1320,1301,1307,1261,1270,1236,1284,1298,1297,1275,1277,1313,1309,1301,1326,1331,1333,1331,1287,1293,1231,1211,1195,1181,1152,1165,1157,1198,1185,1228,1226,1205,1181,1127,1139,1214,1223,1173,1165,1157,1169,1169,1185,1139,1122,1139,1152,1136,1122,1143,1198,1075,1143,1105,1161,1105,1157,1105,1092,1105,1136,1122,1122,1122,1133,1139,1139,1161,1249,1295,1344,1401,1422,1458,1486,1515,1497,1493,1457,1472,1452
1361,1350,1370,1370,1357,1352,1371,1391,1428,1455,1488,1510,1537,1553,1571,1593,1603,1605,1601,1603,1610,1596,1587,1588,1571,1564,1550,1537,1521,1512,1543,1547,1463,1329,1270,1238,1181,1188,1173,1192,1165,1169,1152,1130,1173,1177,1205,1157,1169,1133,1208,1208,1192,1139,1208,1202,1208,1223,1202,1226,1220,1270,1293,1350,1437,1454,1504,1534,1578,1573,1585,1591,1579,1575,1554,1506,1421,1377,1374,1398,1411,1398,1363,1370,1390,1364,1385,1393,1412,1442,1471,1517,1563,1635,1715,1786,1857,1903,1889,1823,1747,1701,1655,1605,1612,1617,1632,1629,1651,1663,1684,1702,1701,1679,1653,1636,1638,1646,1634,1618,1601,1600,1602,1562,1524,1488,1452,1436,1421,1348,1358,1343,1332,1332,1314,1318,1287,1317,1307,1300,1287,1257,1257,1270,1314,1310,1309,1301,1346,1345,1309,1298,1309,1301,1312,1251,1279,1275,1238,1243,1192,1173,1165,1133,1192,1188,1265,1223,1195,1181,1165,1143,1228,1220,1217,1185,1130,1122,1223,1177,1143,1152,1161,1165,1105,1130,1181,1130,1148,1148,1165,1136,1115,1139,1139,1092,1075,1192,1136,1130,1130,978,1115,1161,1188,1236,1314,1361,1399,1434,1461,1487,1505,1481,1464,1454,1444,1440
1350,1347,1361,1363,1358,1389,1384,1400,1407,1452,1458,1495,1518,1550,1563,1586,1597,1605,1610,1605,1604,1596,1596,1590,1577,1569,1552,1541,1521,1499,1483,1444,1378,1324,1282,1211,1205,1169,1177,1177,1192,1173,1152,1173,1169,1169,1122,1139,1136,1161,1169,1169,1173,1157,1169,1143,1181,1192,1238,1192,1231,1249,1275,1334,1399,1402,1403,1423,1464,1522,1574,1595,1597,1545,1497,1422,1357,1354,1360,1352,1380,1380,1396,1376,1372,1374,1391,1395,1406,1447,1516,1541,1521,1550,1604,1663,1710,1737,1742,1740,1718,1667,1633,1615,1601,1587,1607,1625,1641,1632,1609,1609,1588,1581,1568,1538,1544,1564,1580,1583,1542,1536,1538,1511,1470,1451,1430,1415,1386,1373,1341,1333,1332,1310,1313,1298,1304,1285,1304,1279,1285,1255,1257,1297,1308,1307,1284,1284,1343,1337,1301,1292,1265,1245,1245,1255,1308,1295,1231,1202,1234,1177,1195,1198,1188,1169,1202,1245,1185,1173,1165,1198,1241,1274,1293,1228,1177,1185,1177,1139,1205,1105,1157,1143,1148,1143,1105,1105,1075,1130,1075,1115,1136,1030,1030,951,1115,1122,1139,1130,924,1148,1075,1198,1223,1275,1330,1375,1402,1445,1473,1480,1488,1460,1436,1423,1419,1419
1340,1335,1346,1356,1372,1376,1381,1402,1398,1438,1463,1492,1512,1530,1557,1586,1596,1603,1598,1609,1603,1598,1591,1589,1573,1564,1560,1547,1519,1508,1466,1440,1405,1334,1287,1231,1231,1223,1192,1211,1238,1165,1185,1173,1173,1127,1143,1169,1198,1148,1157,1133,1115,1157,1181,1198,1181,1188,1198,1211,1205,1277,1247,1268,1290,1279,1300,1331,1384,1460,1532,1616,1643,1549,1413,1353,1329,1322,1341,1361,1450,1508,1519,1506,1429,1389,1375,1392,1408,1429,1493,1534,1506,1478,1509,1578,1615,1650,1663,1681,1668,1622,1620,1601,1574,1564,1584,1600,1613,1612,1581,1543,1533,1542,1538,1511,1487,1487,1515,1534,1517,1492,1482,1476,1445,1419,1406,1396,1386,1374,1373,1327,1331,1329,1316,1329,1316,1307,1268,1263,1234,1261,1236,1247,1293,1309,1310,1277,1295,1318,1275,1251,1208,1243,1185,1228,1281,1290,1245,1169,1157,1136,1169,1173,1195,1234,1198,1181,1226,1188,1165,1208,1253,1302,1334,1272,1139,1195,1208,1165,1157,1143,1130,1139,1127,1130,1075,1177,1133,1075,1152,1004,1169,1105,924,978,1157,1143,1053,1161,1127,1169,1133,1202,1243,1295,1360,1377,1413,1436,1466,1481,1486,1457,1427,1405,1413,1407
1350,1331,1341,1338,1365,1366,1384,1389,1402,1428,1447,1466,1497,1525,1552,1568,1595,1599,1602,1605,1602,1595,1588,1583,1572,1564,1557,1538,1528,1503,1478,1448,1415,1347,1304,1270,1220,1152,1247,1217,1238,1195,1185,1152,1177,1161,1143,1205,1217,1188,1181,1208,1195,1165,1115,1148,1181,1195,1148,1228,1208,1241,1279,1241,1241,1253,1257,1295,1307,1392,1458,1534,1564,1456,1314,1298,1300,1281,1343,1370,1512,1588,1623,1620,1505,1374,1383,1381,1402,1409,1428,1470,1471,1431,1455,1489,1525,1547,1576,1584,1588,1577,1584,1573,1540,1520,1527,1548,1558,1546,1525,1493,1493,1513,1513,1485,1458,1437,1451,1486,1504,1479,1470,1458,1423,1405,1395,1367,1371,1368,1377,1364,1364,1336,1319,1341,1298,1302,1255,1263,1259,1263,1270,1251,1274,1312,1308,1279,1255,1279,1270,1285,1247,1247,1231,1226,1241,1247,1243,1181,1205,1188,1173,1148,1261,1226,1211,1208,1188,1211,1198,1205,1226,1297,1340,1284,1226,1115,1148,1161,1157,1152,1139,1130,1143,1157,1115,1143,1139,1139,978,1133,1115,1030,951,1105,1092,1105,978,1127,1165,1030,1161,1208,1263,1307,1342,1402,1449,1458,1468,1486,1479,1449,1416,1409,1397,1402
1335,1325,1330,1336,1338,1352,1372,1389,1399,1415,1429,1462,1502,1509,1545,1564,1585,1598,1605,1603,1603,1597,1586,1585,1574,1572,1559,1553,1531,1500,1480,1456,1416,1380,1319,1267,1253,1208,1228,1247,1236,1195,1139,1208,1169,1198,1173,1208,1236,1157,1236,1220,1198,1192,1185,1202,1143,1217,1165,1205,1214,1165,1251,1253,1265,1226,1228,1253,1279,1316,1366,1405,1370,1334,1267,1277,1265,1281,1312,1370,1504,1583,1627,1616,1520,1393,1376,1409,1419,1420,1413,1430,1430,1417,1417,1443,1460,1481,1502,1506,1499,1515,1531,1533,1514,1486,1491,1504,1518,1483,1438,1430,1443,1473,1460,1432,1428,1420,1413,1473,1500,1471,1475,1472,1419,1382,1381,1375,1391,1389,1368,1366,1352,1347,1351,1341,1290,1263,1236,1231,1281,1317,1275,1267,1275,1298,1277,1267,1247,1245,1265,1281,1220,1205,1208,1192,1152,1238,1188,1195,1208,1143,1205,1214,1253,1217,1226,1165,1185,1198,1185,1169,1192,1263,1300,1259,1205,1214,1211,1198,1188,1122,1127,1130,1115,1169,1075,1133,1161,1148,1127,1105,1030,1173,978,1133,1053,1136,1136,1157,1152,1161,1205,1251,1272,1333,1381,1417,1450,1462,1491,1498,1509,1478,1445,1398,1402,1404
1318,1334,1319,1312,1338,1356,1351,1385,1395,1405,1438,1451,1485,1511,1536,1549,1575,1591,1603,1604,1604,1602,1593,1587,1574,1565,1563,1552,1529,1516,1496,1466,1430,1365,1350,1282,1265,1214,1214,1205,1226,1214,1188,1173,1169,1181,1152,1195,1165,1177,1234,1198,1214,1185,1177,1185,1177,1192,1214,1198,1198,1202,1259,1249,1245,1223,1243,1257,1265,1307,1307,1325,1310,1261,1245,1249,1247,1279,1293,1357,1467,1538,1580,1581,1522,1421,1435,1468,1496,1541,1511,1511,1497,1418,1389,1404,1419,1415,1432,1427,1432,1440,1463,1479,1474,1462,1466,1471,1466,1412,1399,1405,1424,1444,1400,1398,1387,1383,1386,1444,1467,1471,1495,1521,1462,1425,1421,1398,1380,1389,1368,1365,1344,1347,1326,1324,1300,1274,1228,1236,1281,1285,1265,1274,1302,1251,1228,1217,1243,1236,1257,1234,1181,1192,1198,1030,1152,1251,1241,1195,1202,1133,1127,1217,1234,1208,1165,1208,1148,1169,1161,1192,1185,1143,1236,1198,1198,1281,1344,1245,1195,1181,1127,1105,1092,1105,1152,1092,1075,946,1075,1136,1075,1133,1148,1105,1115,1143,1127,1181,1152,1202,1223,1255,1289,1329,1387,1425,1455,1472,1491,1493,1500,1486,1452,1431,1415,1400
1326,1320,1331,1330,1331,1340,1348,1367,1391,1402,1413,1454,1472,1487,1527,1548,1566,1585,1596,1597,1604,1604,1600,1587,1583,1573,1565,1553,1537,1524,1501,1481,1446,1398,1360,1332,1243,1241,1217,1223,1173,1185,1165,1169,1255,1272,1241,1228,1228,1208,1198,1226,1152,1202,1161,1195,1192,1169,1228,1214,1177,1152,1198,1241,1236,1211,1217,1236,1259,1265,1287,1312,1257,1255,1243,1226,1255,1253,1281,1293,1390,1457,1519,1527,1466,1437,1491,1507,1559,1638,1635,1595,1564,1434,1360,1381,1352,1366,1395,1397,1391,1402,1421,1425,1432,1434,1432,1446,1449,1417,1402,1405,1421,1415,1357,1353,1355,1389,1406,1426,1447,1436,1448,1502,1515,1512,1486,1397,1383,1386,1364,1357,1372,1402,1331,1322,1308,1281,1247,1268,1263,1231,1257,1279,1300,1281,1236,1231,1234,1268,1245,1231,1198,1161,1192,1234,1181,1231,1268,1205,1177,1165,1143,1195,1251,1177,1181,1205,1157,1139,1165,1177,1173,1148,1139,1181,1195,1319,1362,1257,1115,1105,1143,1136,951,1105,1148,1127,969,1092,1130,1177,1173,1127,1053,1115,978,969,1075,1173,1192,1192,1251,1290,1331,1362,1387,1436,1465,1490,1505,1495,1508,1494,1471,1450,1429,1423
1333,1313,1302,1330,1332,1326,1346,1351,1391,1412,1418,1438,1466,1489,1527,1537,1557,1583,1592,1593,1598,1606,1602,1594,1585,1573,1566,1553,1548,1532,1523,1483,1460,1421,1378,1334,1297,1226,1217,1217,1185,1241,1198,1195,1211,1308,1317,1331,1284,1245,1268,1236,1217,1220,1198,1228,1228,1208,1152,1185,1181,1208,1198,1188,1253,1263,1238,1173,1220,1241,1236,1267,1255,1217,1231,1236,1267,1255,1274,1281,1318,1375,1451,1437,1388,1454,1540,1550,1605,1649,1645,1541,1449,1371,1355,1351,1341,1342,1350,1371,1383,1398,1416,1405,1389,1374,1415,1438,1435,1417,1410,1411,1392,1373,1371,1342,1356,1395,1415,1500,1517,1425,1409,1470,1522,1518,1476,1419,1409,1394,1382,1384,1386,1394,1346,1326,1279,1301,1297,1285,1302,1243,1251,1317,1320,1295,1263,1253,1198,1231,1234,1220,1220,1236,1192,1231,1249,1234,1234,1157,1181,1157,1181,1143,1226,1198,1139,1161,1202,1157,1157,1139,1130,1148,1133,1169,1192,1211,1272,1195,1161,1122,978,1092,1127,1053,1130,1152,1148,1127,1127,969,1133,1030,1105,1133,1075,1136,1173,1127,1173,1238,1272,1324,1347,1396,1415,1443,1466,1490,1494,1501,1496,1487,1472,1450,1448,1421
1324,1309,1326,1305,1330,1330,1347,1361,1373,1395,1405,1434,1448,1481,1506,1535,1556,1570,1586,1587,1595,1596,1601,1596,1588,1582,1572,1562,1550,1535,1527,1497,1463,1428,1390,1341,1301,1261,1236,1257,1217,1231,1214,1192,1300,1450,1586,1595,1425,1270,1268,1253,1270,1263,1236,1259,1297,1238,1143,1198,1165,1205,1181,1181,1181,1243,1226,1202,1211,1231,1192,1267,1293,1270,1238,1214,1263,1259,1228,1272,1301,1316,1336,1338,1338,1425,1542,1579,1616,1616,1608,1517,1386,1354,1337,1325,1327,1343,1341,1365,1426,1477,1478,1421,1390,1434,1446,1450,1435,1413,1403,1394,1401,1392,1410,1378,1393,1416,1434,1503,1508,1408,1374,1439,1496,1494,1488,1487,1492,1442,1389,1373,1364,1340,1333,1308,1284,1270,1298,1325,1320,1282,1275,1238,1301,1275,1272,1220,1220,1245,1220,1231,1217,1217,1241,1261,1251,1220,1220,1173,1181,1181,1133,1115,1092,1161,1188,1148,1139,1173,1122,1169,1143,1133,1139,1148,1157,1177,1226,1157,1165,1130,1127,1004,1136,1053,1157,1148,1181,1133,1143,1127,951,1030,1105,1148,1169,1130,1173,1192,1202,1255,1309,1337,1365,1402,1417,1443,1470,1489,1502,1497,1495,1492,1461,1455,1453,1445
1320,1323,1316,1297,1322,1343,1342,1352,1370,1405,1410,1431,1447,1466,1498,1520,1548,1568,1586,1589,1598,1603,1596,1602,1594,1582,1577,1557,1549,1543,1532,1519,1472,1441,1414,1371,1341,1267,1253,1270,1277,1309,1272,1245,1384,1638,1765,1705,1473,1290,1243,1231,1274,1268,1228,1211,1290,1228,1220,1152,1202,1185,1169,1173,1195,1205,1205,1231,1236,1188,1205,1279,1297,1292,1228,1238,1265,1267,1261,1245,1259,1287,1298,1289,1304,1336,1452,1532,1571,1570,1518,1429,1341,1298,1309,1324,1317,1332,1325,1401,1515,1649,1610,1483,1422,1442,1428,1423,1409,1377,1372,1381,1364,1360,1397,1401,1389,1382,1384,1416,1405,1354,1347,1375,1402,1422,1485,1677,1764,1675,1481,1377,1362,1297,1300,1289,1304,1263,1277,1337,1405,1330,1249,1245,1253,1253,1228,1195,1192,1220,1205,1211,1231,1236,1220,1220,1231,1208,1165,1105,1188,1148,1148,1177,1143,1148,1136,1181,1192,1165,1136,1075,1148,1188,1105,1202,1169,1198,1181,1173,951,1157,1165,1136,1143,1092,1161,1122,1177,1127,1139,1148,1053,978,1143,978,1053,1139,1133,1148,1231,1275,1344,1370,1394,1417,1441,1460,1472,1486,1497,1490,1502,1474,1460,1456,1450,1440
1319,1307,1316,1292,1323,1308,1335,1343,1345,1364,1392,1428,1436,1467,1471,1518,1546,1554,1575,1587,1588,1598,1596,1604,1603,1591,1577,1564,1556,1555,1541,1524,1489,1458,1423,1384,1354,1323,1301,1261,1259,1272,1279,1274,1387,1597,1667,1541,1341,1275,1223,1228,1263,1281,1247,1231,1279,1267,1214,1188,1214,1205,1165,1173,1198,1202,1228,1236,1157,1214,1195,1228,1249,1284,1253,1228,1238,1220,1236,1236,1272,1274,1272,1290,1284,1333,1361,1408,1456,1447,1376,1340,1305,1289,1307,1301,1305,1324,1329,1415,1524,1659,1610,1478,1402,1416,1387,1367,1358,1342,1330,1342,1333,1338,1403,1404,1370,1362,1358,1336,1324,1352,1343,1360,1366,1384,1494,1751,1895,1812,1571,1409,1350,1305,1298,1302,1263,1274,1279,1333,1382,1313,1226,1261,1238,1234,1188,1226,1195,1165,1208,1214,1208,1177,1192,1208,1115,1165,1139,1192,1148,1092,1177,1143,1177,1177,1139,1130,1177,1130,1136,1161,1161,1181,1181,1211,1214,1211,1157,1169,1133,1152,1136,1127,978,1105,1161,1105,1130,1030,1133,1122,1075,1115,1115,1004,1157,1130,1130,1255,1281,1324,1333,1390,1417,1430,1439,1468,1486,1495,1501,1489,1498,1492,1468,1456,1449,1439
1319,1287,1316,1304,1318,1297,1324,1346,1336,1356,1386,1423,1440,1454,1476,1505,1534,1554,1567,1588,1589,1597,1601,1595,1606,1594,1581,1571,1566,1551,1546,1527,1502,1470,1441,1407,1367,1332,1290,1282,1247,1251,1205,1261,1319,1375,1387,1316,1243,1188,1211,1243,1228,1267,1214,1148,1192,1188,1261,1208,1195,1181,1148,1152,1177,1181,1208,1202,1165,1195,1223,1231,1181,1202,1208,1205,1245,1259,1267,1238,1245,1228,1274,1268,1275,1292,1310,1324,1344,1309,1313,1310,1281,1274,1290,1263,1298,1290,1342,1380,1431,1467,1469,1432,1364,1343,1337,1334,1333,1332,1331,1317,1324,1332,1381,1413,1362,1335,1322,1340,1354,1362,1320,1346,1332,1364,1429,1596,1703,1666,1475,1371,1331,1308,1300,1285,1289,1267,1275,1304,1289,1263,1253,1234,1231,1257,1217,1205,1169,1198,1143,1214,1195,1202,1195,1181,1205,1208,1198,1161,1188,1169,1157,1202,1220,1173,1205,1127,1181,1165,1127,1161,1157,1177,1115,1004,1181,1152,1136,1161,1143,1122,1157,1133,1161,1188,1127,969,1122,1143,1148,1165,1115,978,1115,1130,1188,1143,1198,1251,1301,1343,1376,1410,1436,1449,1452,1468,1485,1494,1498,1492,1493,1477,1472,1452,1450,1448
1304,1305,1316,1304,1281,1298,1297,1335,1342,1358,1358,1398,1423,1443,1466,1502,1524,1549,1556,1572,1581,1587,1597,1598,1597,1602,1584,1579,1573,1560,1552,1535,1514,1492,1452,1423,1394,1357,1334,1255,1236,1234,1223,1251,1285,1253,1259,1249,1192,1173,1192,1157,1223,1234,1211,1208,1217,1238,1214,1161,1181,1152,1195,1136,1185,1202,1152,1217,1195,1185,1185,1208,1188,1208,1157,1214,1318,1340,1318,1279,1302,1265,1253,1270,1281,1297,1287,1272,1282,1298,1285,1281,1297,1290,1277,1279,1282,1289,1300,1362,1336,1372,1409,1395,1352,1335,1330,1336,1329,1333,1337,1345,1338,1356,1367,1389,1378,1360,1332,1356,1351,1375,1348,1333,1352,1374,1428,1452,1453,1430,1390,1337,1290,1293,1290,1289,1297,1298,1284,1298,1282,1259,1234,1202,1223,1238,1249,1241,1245,1231,1211,1188,1161,1188,1198,1188,1198,1228,1223,1192,1169,1226,1177,1139,1177,1223,1157,1161,1161,1139,1173,1188,1143,1205,1136,1004,1136,1127,1133,1152,1133,1133,1192,1169,1127,1148,1217,1143,1148,1157,1152,1165,1115,1122,1148,1143,1133,1169,1234,1290,1342,1357,1406,1416,1443,1458,1457,1486,1488,1496,1503,1490,1492,1478,1474,1456,1447,1439
1301,1284,1302,1275,1284,1285,1295,1293,1336,1348,1342,1380,1423,1438,1453,1473,1514,1539,1557,1567,1580,1586,1601,1598,1604,1600,1599,1590,1573,1563,1555,1544,1525,1505,1474,1448,1408,1385,1327,1279,1253,1251,1202,1220,1217,1226,1185,1192,1217,1188,1161,1208,1205,1169,1220,1157,1165,1228,1177,1202,1173,1202,1217,1181,1177,1198,1161,1185,1202,1228,1202,1214,1226,1208,1185,1268,1323,1346,1353,1319,1319,1310,1307,1313,1357,1297,1265,1284,1282,1281,1261,1279,1274,1265,1270,1285,1300,1281,1313,1317,1331,1372,1439,1446,1451,1411,1363,1326,1340,1346,1414,1476,1458,1405,1375,1363,1362,1421,1406,1343,1331,1337,1364,1355,1356,1381,1392,1387,1365,1357,1337,1318,1301,1292,1274,1284,1282,1277,1281,1268,1255,1231,1236,1228,1236,1205,1234,1208,1208,1188,1223,1202,1115,1188,1181,1223,1234,1259,1257,1185,1217,1223,1205,1241,1208,1188,1152,1165,1127,1136,1169,1177,1139,1127,1161,1122,1143,1122,1092,1127,1173,1136,1173,1165,1157,1105,1157,1177,1188,1130,1092,1133,1127,1177,1143,1105,1169,1188,1282,1325,1368,1383,1425,1432,1460,1462,1485,1486,1490,1497,1497,1486,1483,1474,1462,1463,1465,1456
1307,1305,1300,1313,1290,1290,1293,1310,1307,1314,1333,1382,1402,1428,1451,1468,1496,1530,1546,1555,1567,1572,1593,1603,1604,1609,1600,1592,1585,1577,1568,1550,1530,1504,1493,1463,1434,1394,1362,1344,1272,1247,1220,1195,1177,1188,1198,1165,1202,1205,1181,1161,1185,1188,1139,1169,1181,1231,1157,1169,1148,1195,1165,1181,1234,1157,1208,1214,1226,1192,1185,1205,1226,1208,1211,1287,1340,1326,1333,1333,1382,1390,1405,1410,1378,1323,1268,1265,1274,1285,1279,1293,1285,1261,1316,1274,1287,1295,1304,1319,1334,1459,1569,1610,1571,1507,1442,1421,1365,1413,1510,1579,1551,1455,1387,1370,1412,1541,1557,1456,1345,1384,1388,1378,1389,1365,1345,1341,1324,1335,1308,1314,1302,1265,1292,1272,1292,1292,1285,1282,1247,1236,1251,1259,1231,1236,1236,1228,1181,1192,1202,1192,1198,1211,1217,1231,1268,1325,1351,1238,1181,1192,1251,1331,1253,1198,1173,1185,1136,1136,1152,1127,1148,1143,1165,1136,1157,1169,1115,1139,1148,1122,1152,1185,1208,1214,1263,1231,1169,1148,1148,1143,1177,1169,1152,1188,1208,1238,1293,1340,1382,1413,1446,1458,1465,1486,1485,1490,1485,1497,1497,1491,1482,1470,1467,1464,1465,1470
1307,1282,1313,1287,1281,1293,1304,1308,1292,1310,1331,1362,1395,1413,1436,1459,1483,1516,1539,1546,1555,1574,1585,1597,1601,1600,1598,1591,1589,1582,1563,1554,1553,1528,1501,1477,1451,1423,1382,1346,1319,1275,1241,1202,1169,1185,1169,1161,1133,1030,1152,1157,1136,1143,1173,1133,1152,1185,1198,1205,1217,1208,1185,1143,1139,1165,1217,1188,1226,1226,1185,1173,1234,1208,1226,1228,1284,1305,1285,1313,1354,1432,1466,1417,1334,1279,1255,1257,1251,1277,1253,1274,1285,1300,1284,1277,1277,1282,1310,1323,1370,1539,1635,1640,1621,1556,1516,1514,1475,1487,1579,1600,1569,1509,1485,1449,1440,1562,1591,1529,1437,1386,1407,1414,1419,1372,1345,1333,1337,1331,1309,1289,1302,1270,1268,1249,1265,1267,1263,1279,1261,1185,1234,1265,1231,1181,1161,1177,1148,1223,1161,1169,1192,1195,1192,1205,1231,1305,1324,1165,1177,1231,1270,1407,1336,1198,1181,1181,1139,1130,1185,1161,1185,1136,1133,1127,1148,1130,1148,1133,1075,1173,1177,1152,1243,1352,1412,1389,1251,1177,1165,1148,1115,1192,1152,1181,1198,1268,1314,1372,1414,1450,1465,1459,1466,1477,1480,1486,1488,1498,1494,1488,1487,1468,1466,1452,1462,1456
1314,1270,1309,1292,1297,1270,1279,1275,1304,1326,1312,1348,1390,1398,1439,1450,1475,1504,1524,1542,1552,1569,1579,1582,1591,1598,1601,1600,1595,1583,1570,1561,1544,1535,1517,1476,1466,1449,1413,1391,1323,1305,1251,1228,1127,1195,1139,1205,1157,1157,1161,1152,1143,1115,1157,1148,1192,1185,1236,1277,1247,1214,1161,1181,1157,1185,1223,1214,1173,1148,1214,1205,1208,1228,1205,1223,1234,1253,1282,1316,1357,1425,1447,1358,1301,1249,1223,1272,1270,1259,1257,1293,1302,1325,1336,1350,1304,1312,1290,1316,1374,1529,1621,1622,1605,1552,1514,1505,1542,1596,1609,1593,1553,1508,1487,1465,1450,1500,1519,1490,1451,1398,1413,1440,1432,1397,1355,1344,1316,1334,1331,1340,1305,1259,1265,1272,1251,1277,1265,1261,1245,1202,1208,1238,1241,1188,1217,1214,1139,1173,1220,1177,1192,1177,1220,1188,1211,1211,1251,1188,1188,1223,1226,1351,1337,1228,1169,1173,1181,1152,1161,1161,1136,1122,1030,1130,1030,1053,1148,1143,1133,1152,1122,1165,1277,1429,1544,1508,1314,1243,1143,1188,1192,1185,1165,1195,1255,1307,1346,1393,1429,1467,1480,1481,1486,1483,1496,1490,1482,1499,1490,1471,1476,1467,1464,1462,1466,1465
1308,1282,1287,1305,1295,1281,1281,1290,1255,1285,1323,1330,1361,1398,1424,1436,1464,1484,1519,1536,1554,1560,1573,1582,1584,1591,1595,1604,1602,1594,1580,1574,1558,1546,1523,1514,1483,1467,1434,1414,1370,1331,1279,1245,1195,1185,1161,1122,1127,1152,1122,1122,1173,1161,1139,1139,1161,1136,1226,1263,1238,1185,1173,1169,1217,1223,1208,1241,1192,1226,1208,1177,1198,1205,1226,1198,1188,1231,1307,1310,1338,1338,1367,1325,1247,1255,1261,1198,1287,1265,1277,1267,1325,1332,1380,1406,1363,1348,1323,1310,1341,1456,1574,1585,1548,1443,1423,1412,1491,1587,1570,1550,1504,1436,1440,1452,1450,1441,1428,1432,1399,1375,1405,1440,1436,1393,1343,1331,1305,1307,1327,1320,1308,1292,1261,1268,1259,1272,1243,1268,1243,1214,1217,1211,1205,1161,1169,1177,1192,1238,1253,1223,1268,1214,1217,1185,1169,1202,1211,1161,1198,1181,1228,1257,1257,1198,1157,1148,1177,1115,1195,1181,1136,1133,898,1127,978,1181,1181,1092,1143,1185,1127,1177,1251,1391,1509,1473,1338,1228,1198,1181,1177,1152,1192,1217,1290,1307,1372,1405,1444,1485,1501,1486,1476,1492,1491,1481,1480,1484,1488,1485,1477,1468,1462,1462,1469,1461
1313,1289,1290,1302,1297,1297,1272,1287,1290,1285,1320,1304,1354,1380,1419,1436,1452,1473,1494,1528,1541,1562,1568,1582,1581,1580,1601,1603,1602,1596,1589,1580,1566,1553,1530,1510,1487,1480,1460,1432,1397,1361,1295,1274,1238,1228,1188,1208,1173,1152,1177,1157,1185,1181,1195,1136,1152,1152,1220,1217,1217,1231,1236,1185,1185,1214,1268,1267,1202,1234,1198,1223,1238,1195,1188,1208,1226,1249,1304,1314,1323,1319,1340,1326,1270,1257,1270,1265,1279,1287,1265,1302,1312,1309,1329,1338,1341,1322,1300,1282,1293,1341,1421,1457,1398,1320,1335,1322,1372,1439,1472,1492,1452,1403,1424,1432,1429,1406,1353,1344,1331,1332,1352,1395,1395,1352,1324,1307,1322,1314,1295,1300,1275,1292,1272,1261,1263,1290,1265,1234,1263,1245,1208,1208,1231,1202,1192,1133,1177,1231,1324,1274,1198,1195,1217,1214,1198,1143,1188,1192,1169,1185,1177,1148,1181,1202,1188,1177,1165,1136,1122,1075,1157,1075,1122,1136,1165,1139,1161,1075,1143,1152,1177,1208,1223,1270,1316,1318,1265,1152,1188,1165,1165,1185,1185,1245,1308,1355,1371,1431,1462,1501,1502,1491,1498,1484,1485,1480,1479,1478,1482,1489,1482,1475,1475,1454,1467,1466
1287,1301,1295,1274,1268,1290,1289,1304,1284,1272,1272,1284,1342,1368,1419,1436,1434,1457,1485,1516,1533,1560,1577,1579,1583,1581,1587,1600,1602,1604,1595,1582,1572,1552,1548,1532,1515,1498,1476,1446,1412,1381,1338,1324,1247,1231,1247,1217,1169,1161,1169,1185,1053,1177,1181,1136,1143,1198,1188,1223,1195,1198,1188,1211,1192,1169,1192,1238,1253,1169,1208,1181,1226,1181,1202,1214,1268,1257,1265,1316,1331,1363,1331,1308,1292,1290,1298,1324,1320,1274,1245,1259,1292,1289,1285,1279,1308,1307,1317,1361,1313,1289,1295,1320,1305,1289,1289,1316,1316,1336,1388,1458,1455,1402,1387,1404,1408,1405,1375,1324,1316,1297,1304,1320,1331,1301,1297,1298,1307,1275,1272,1287,1268,1268,1282,1270,1253,1274,1245,1247,1236,1231,1195,1214,1202,1234,1165,1177,1198,1236,1326,1316,1231,1220,1195,1188,1133,1161,1143,1214,1226,1133,1181,1122,1130,1165,1133,1053,1122,1169,1143,1130,1130,1157,1133,978,1130,1092,1157,1130,1173,1157,1122,1127,1115,1169,1214,1208,1148,1133,1139,1169,1195,1198,1234,1307,1318,1371,1414,1451,1470,1498,1506,1502,1490,1478,1482,1484,1482,1476,1478,1475,1480,1467,1463,1464,1474,1466
1327,1305,1302,1302,1289,1281,1270,1285,1277,1277,1270,1310,1327,1361,1387,1420,1444,1453,1456,1483,1512,1543,1563,1567,1576,1585,1585,1598,1606,1602,1597,1591,1586,1569,1557,1542,1514,1512,1486,1462,1440,1410,1380,1334,1290,1259,1236,1223,1188,1161,1173,1157,1127,1165,1152,1161,1136,1228,1173,1220,1238,1177,1192,1148,1231,1217,1220,1205,1169,1173,1192,1202,1195,1192,1192,1241,1314,1300,1327,1302,1326,1329,1343,1336,1329,1345,1312,1324,1324,1253,1236,1263,1274,1275,1251,1279,1331,1335,1326,1389,1320,1277,1275,1279,1284,1268,1284,1267,1263,1336,1409,1462,1456,1426,1418,1476,1508,1515,1452,1348,1298,1281,1293,1292,1289,1277,1274,1284,1263,1249,1247,1265,1284,1251,1282,1279,1270,1267,1281,1257,1245,1241,1217,1234,1205,1198,1208,1157,1205,1177,1282,1290,1245,1195,1161,1188,1198,1245,1211,1169,1177,1075,1133,1173,1157,1157,1115,1161,1148,1161,1161,1122,1127,1165,1157,1127,1143,1157,1161,1148,1130,1130,1130,1122,1139,1139,1127,1165,1148,1092,1136,1185,1202,1251,1268,1330,1340,1392,1421,1452,1487,1504,1500,1502,1483,1488,1487,1473,1475,1486,1478,1480,1480,1470,1461,1461,1473,1470
1300,1305,1319,1297,1277,1282,1282,1305,1290,1284,1290,1304,1319,1333,1366,1409,1436,1443,1454,1478,1502,1529,1542,1570,1571,1578,1581,1596,1593,1598,1602,1595,1591,1576,1569,1549,1543,1517,1513,1490,1456,1439,1412,1375,1327,1267,1255,1253,1188,1133,1185,1188,1173,1169,1157,1152,1198,1185,1177,1181,1169,1192,1136,1198,1234,1188,1192,1211,1185,1177,1161,1157,1185,1181,1173,1211,1231,1238,1290,1305,1322,1305,1324,1329,1324,1331,1292,1279,1255,1261,1198,1285,1272,1275,1300,1298,1332,1392,1398,1414,1344,1305,1275,1259,1245,1249,1285,1275,1261,1338,1417,1430,1436,1425,1477,1628,1764,1754,1598,1447,1343,1300,1270,1285,1267,1245,1267,1275,1279,1238,1243,1259,1255,1284,1334,1387,1310,1295,1277,1257,1217,1185,1223,1202,1214,1157,1226,1169,1177,1169,1188,1185,1185,1177,1148,1181,1177,1185,1208,1231,1122,1165,1148,1173,1130,1152,978,1092,1161,1139,1139,1127,1053,1053,924,1165,1217,1165,1115,1148,1152,1139,1143,1152,1148,1148,1169,1136,1053,1152,1143,1177,1188,1245,1282,1344,1385,1406,1443,1464,1483,1503,1512,1505,1495,1488,1483,1470,1477,1488,1479,1486,1471,1467,1479,1486,1470,1470
1312,1290,1304,1304,1265,1267,1265,1302,1300,1279,1298,1281,1317,1327,1348,1381,1413,1445,1443,1458,1500,1518,1539,1557,1567,1563,1589,1592,1596,1590,1598,1603,1597,1589,1576,1555,1556,1538,1522,1514,1481,1451,1432,1394,1363,1298,1272,1243,1226,1181,1198,1136,1185,1136,1152,1152,1169,1136,1169,1136,1192,1157,1173,1185,1185,1173,1161,1192,1161,1143,1211,1220,1161,1148,1202,1205,1192,1214,1214,1282,1320,1318,1307,1320,1327,1348,1333,1305,1243,1261,1202,1259,1265,1298,1272,1243,1316,1380,1445,1441,1398,1318,1285,1251,1265,1253,1305,1293,1268,1310,1338,1371,1387,1401,1492,1708,1938,1936,1724,1529,1393,1312,1302,1268,1263,1267,1263,1249,1251,1265,1318,1330,1293,1305,1411,1455,1346,1253,1257,1265,1238,1214,1177,1208,1202,1185,1157,1185,1208,1143,1181,1181,1161,1143,1161,1181,1195,1188,1220,1231,1136,1143,1205,1165,1157,1143,1188,1136,1148,1169,1133,1169,1105,1165,1208,1208,1192,1161,1115,1133,1148,1127,1157,1115,1053,1139,1075,1136,1139,1173,1198,1236,1253,1272,1333,1350,1383,1416,1447,1478,1483,1513,1505,1493,1483,1485,1477,1470,1466,1489,1494,1490,1476,1470,1483,1475,1483,1477
1284,1268,1275,1282,1293,1259,1287,1287,1285,1292,1285,1281,1295,1305,1330,1366,1398,1416,1443,1463,1477,1509,1532,1543,1575,1569,1574,1586,1594,1590,1591,1597,1604,1594,1582,1574,1567,1560,1541,1529,1508,1477,1460,1420,1395,1353,1305,1251,1220,1198,1202,1143,1169,1148,1188,1161,1133,1130,1208,1152,1152,1177,1152,1173,1173,1185,1205,1173,1195,1214,1195,1231,1223,1211,1181,1223,1208,1231,1243,1287,1297,1317,1320,1313,1331,1341,1344,1346,1293,1245,1228,1236,1236,1243,1234,1259,1270,1346,1410,1443,1382,1318,1277,1277,1281,1270,1282,1275,1275,1305,1343,1377,1399,1373,1454,1632,1837,1844,1653,1482,1354,1308,1268,1236,1259,1245,1249,1223,1228,1255,1309,1351,1308,1310,1363,1386,1279,1255,1259,1223,1243,1195,1231,1188,1205,1211,1169,1173,1195,1136,1195,1195,1192,1188,1188,1177,1214,1181,1195,1165,1157,1185,1157,1169,1152,1185,1133,1139,1092,1152,1177,1130,1143,1053,1192,1202,1143,1185,1004,951,1143,1130,1157,1053,1133,1157,1148,1053,1105,1157,1165,1228,1272,1322,1334,1365,1400,1423,1453,1485,1506,1505,1501,1498,1493,1488,1475,1464,1472,1469,1481,1484,1476,1470,1470,1488,1483,1490
1287,1270,1275,1261,1247,1268,1275,1265,1261,1295,1268,1289,1297,1293,1319,1333,1366,1414,1438,1450,1467,1493,1518,1536,1561,1581,1577,1580,1595,1600,1593,1595,1604,1597,1595,1578,1575,1568,1550,1541,1519,1521,1485,1439,1427,1382,1331,1310,1214,1223,1211,1157,1173,1136,1192,1205,1053,1133,1185,1152,1148,1139,1157,1208,1198,1211,1148,1181,1157,1185,1217,1165,1148,1136,1220,1181,1177,1226,1245,1249,1275,1263,1282,1300,1281,1312,1336,1341,1298,1249,1217,1231,1255,1249,1211,1257,1255,1305,1324,1356,1326,1292,1285,1198,1261,1268,1277,1255,1284,1302,1386,1401,1381,1353,1402,1499,1567,1586,1494,1374,1308,1245,1249,1245,1241,1245,1249,1226,1234,1268,1285,1324,1327,1251,1251,1272,1231,1208,1253,1188,1185,1223,1217,1185,1202,1226,1192,1220,1205,1208,1181,1177,1185,1181,1165,1208,1188,1092,1157,1185,1192,1188,1148,1130,1205,1127,1157,1136,1161,1115,1130,1030,1133,1030,1177,1173,1161,1133,1165,1143,1169,1148,1143,935,1092,1053,1127,1139,1177,1165,1234,1281,1312,1318,1358,1395,1415,1431,1468,1491,1510,1501,1492,1499,1483,1473,1473,1475,1470,1478,1487,1474,1467,1490,1477,1481,1487,1499
1275,1285,1277,1265,1268,1274,1259,1270,1272,1270,1267,1279,1281,1307,1295,1336,1346,1388,1412,1434,1468,1482,1505,1521,1548,1571,1583,1579,1589,1598,1603,1596,1597,1607,1604,1590,1586,1578,1574,1552,1527,1529,1510,1478,1438,1407,1364,1327,1309,1238,1214,1202,1152,1136,1157,1157,1192,1161,1161,1173,1136,1157,1053,1198,1161,1202,1152,1205,1148,1205,1195,1173,1177,1192,1161,1208,1220,1217,1205,1217,1249,1274,1249,1228,1245,1287,1293,1292,1241,1234,1243,1231,1272,1295,1259,1243,1251,1243,1236,1297,1300,1285,1292,1268,1267,1282,1263,1259,1243,1274,1338,1383,1350,1335,1350,1357,1401,1430,1362,1332,1279,1231,1217,1251,1205,1198,1173,1205,1223,1275,1290,1320,1304,1259,1231,1220,1241,1211,1247,1247,1241,1255,1181,1226,1226,1217,1261,1314,1270,1198,1228,1243,1188,1122,1173,1195,1198,1092,1169,1165,1185,1181,1188,1127,1115,1169,1161,1177,1165,1169,1053,1122,1105,951,1105,1133,1122,1053,951,1130,1143,1053,1053,1127,1130,1133,1133,1127,1188,1165,1231,1289,1318,1355,1380,1399,1415,1438,1462,1494,1498,1514,1485,1488,1487,1475,1466,1463,1463,1478,1471,1471,1472,1480,1488,1486,1504,1499
1316,1287,1277,1267,1249,1255,1245,1268,1272,1281,1263,1289,1287,1293,1308,1329,1340,1366,1401,1424,1442,1462,1499,1515,1543,1566,1580,1588,1587,1596,1604,1601,1603,1606,1600,1600,1592,1580,1574,1567,1554,1530,1530,1511,1450,1440,1422,1367,1323,1272,1226,1202,1157,1136,1130,1161,1177,1205,1136,1169,1152,1169,1185,1161,1173,1177,1192,1157,1157,1192,1217,1152,1181,1251,1234,1211,1173,1157,1173,1202,1226,1205,1238,1188,1234,1217,1228,1231,1238,1247,1247,1228,1249,1259,1234,1231,1255,1259,1255,1245,1267,1234,1263,1290,1284,1249,1261,1249,1251,1259,1301,1310,1323,1297,1259,1302,1308,1310,1317,1284,1231,1226,1214,1195,1208,1208,1241,1195,1208,1289,1302,1298,1268,1220,1198,1228,1234,1295,1290,1284,1255,1202,1238,1226,1202,1198,1329,1398,1371,1236,1220,1177,1139,1181,1217,1238,1223,1205,1165,1185,1165,1143,1152,1105,1152,1152,1161,1157,1161,1105,1130,1130,1165,1139,1127,1143,1122,1165,951,1053,1122,1127,1092,1177,1188,1152,1143,1139,1205,1238,1275,1304,1341,1378,1390,1416,1427,1461,1486,1506,1495,1505,1493,1473,1473,1478,1468,1467,1464,1467,1472,1466,1463,1485,1495,1478,1499,1506
1302,1285,1275,1275,1274,1263,1261,1249,1261,1251,1245,1275,1270,1307,1318,1318,1324,1344,1387,1409,1435,1463,1480,1505,1530,1549,1567,1580,1593,1590,1599,1603,1602,1603,1609,1598,1599,1589,1579,1576,1561,1552,1534,1515,1498,1466,1434,1398,1356,1314,1245,1220,1214,1177,1202,1181,1177,1169,1130,1198,1152,1198,1152,1188,1161,1185,1228,1214,1211,1130,1152,1192,1169,1165,1217,1136,1169,1238,1231,1202,1234,1234,1205,1202,1185,1198,1217,1198,1177,1249,1265,1247,1251,1272,1253,1259,1217,1223,1220,1238,1220,1274,1265,1292,1277,1274,1208,1236,1255,1259,1263,1249,1241,1257,1245,1261,1257,1287,1301,1284,1243,1185,1195,1202,1208,1195,1157,1130,1205,1231,1272,1238,1249,1181,1217,1195,1255,1297,1298,1282,1253,1241,1220,1211,1223,1255,1319,1386,1344,1249,1181,1202,1205,1208,1241,1247,1279,1217,1211,1169,1188,1165,1181,1165,978,1130,1161,1195,1075,1136,1122,1130,1148,1136,1169,1115,1177,1127,1136,1188,1165,1205,1217,1236,1226,1188,1157,1165,1231,1261,1309,1330,1376,1401,1415,1421,1439,1467,1482,1500,1503,1487,1488,1486,1475,1465,1469,1463,1468,1456,1467,1480,1468,1491,1501,1503,1503,1510
1268,1261,1282,1255,1253,1255,1251,1253,1257,1257,1238,1249,1257,1261,1281,1302,1319,1325,1366,1405,1421,1452,1460,1493,1524,1538,1562,1585,1598,1597,1601,1606,1617,1607,1603,1605,1606,1593,1591,1586,1580,1570,1541,1535,1520,1500,1455,1432,1389,1338,1295,1272,1231,1208,1195,1181,1192,1177,1148,1177,1208,1173,1202,1188,1161,1169,1195,1208,1157,1161,1202,1157,1198,1185,1157,1169,1198,1169,1195,1228,1228,1223,1243,1173,1205,1208,1220,1255,1228,1188,1198,1217,1205,1226,1211,1205,1223,1238,1231,1220,1241,1284,1279,1267,1279,1281,1284,1265,1253,1261,1275,1238,1223,1226,1261,1231,1243,1267,1255,1259,1259,1236,1165,1208,1208,1188,1211,1205,1226,1214,1192,1195,1195,1195,1122,1185,1202,1290,1313,1281,1265,1231,1238,1185,1169,1211,1247,1301,1265,1188,1188,1236,1198,1234,1223,1282,1267,1236,1161,1148,1127,1152,1152,1152,1139,1053,951,1198,1115,1165,1139,1148,1133,1115,1139,1092,924,1161,1185,1202,1173,1304,1445,1430,1314,1247,1198,1195,1255,1300,1329,1353,1394,1409,1428,1428,1439,1466,1497,1496,1499,1495,1479,1480,1467,1468,1462,1464,1463,1460,1465,1484,1481,1497,1499,1508,1498,1502
1292,1268,1301,1275,1285,1261,1247,1259,1231,1241,1272,1249,1274,1290,1253,1293,1316,1332,1368,1380,1413,1437,1461,1477,1501,1527,1544,1571,1598,1608,1606,1612,1609,1615,1616,1616,1611,1604,1594,1592,1589,1581,1553,1543,1538,1523,1480,1449,1429,1380,1341,1297,1236,1205,1192,1195,1161,1130,1177,1136,1157,1188,1173,1177,1165,1105,1148,1161,1165,1115,1173,1133,1177,1192,1148,1188,1130,1157,1181,1173,1177,1223,1226,1185,1238,1181,1231,1245,1192,1185,1211,1165,1220,1208,1223,1228,1234,1255,1253,1217,1214,1251,1217,1255,1211,1241,1265,1255,1274,1247,1249,1205,1243,1228,1238,1257,1228,1245,1228,1202,1185,1205,1195,1177,1214,1228,1234,1198,1127,1139,1157,1181,1157,1169,1169,1177,1192,1251,1279,1290,1272,1220,1228,1165,1177,1223,1220,1261,1223,1192,1173,1152,1169,1223,1259,1243,1231,1148,1152,1143,1136,1161,1130,1122,1152,1130,1177,1157,1053,1202,1192,1122,1139,1148,1152,1004,1130,1165,1185,1198,1192,1409,1563,1561,1413,1289,1267,1247,1290,1343,1381,1365,1402,1423,1428,1438,1456,1471,1487,1502,1490,1490,1485,1473,1470,1465,1456,1462,1452,1458,1463,1486,1485,1492,1500,1504,1504,1502
1281,1265,1265,1255,1265,1275,1241,1226,1228,1261,1238,1257,1245,1268,1284,1298,1301,1320,1335,1350,1399,1426,1450,1474,1489,1512,1542,1563,1586,1606,1609,1611,1613,1616,1616,1616,1617,1609,1599,1598,1598,1579,1572,1552,1542,1532,1509,1473,1441,1417,1382,1337,1290,1253,1198,1181,1195,1143,1173,1157,1139,1181,1143,1192,1127,1136,1177,1214,1165,1185,1157,1220,1157,1127,1173,1133,1165,1202,1173,1205,1217,1198,1231,1223,1165,1208,1226,1223,1223,1238,1198,1195,1226,1214,1198,1173,1220,1238,1211,1231,1238,1231,1226,1202,1214,1195,1226,1282,1270,1243,1243,1217,1247,1267,1268,1253,1228,1208,1217,1238,1195,1148,1169,1205,1185,1228,1185,1223,1202,1198,1236,1205,1161,1195,1198,1192,1173,1228,1226,1255,1253,1214,1161,1192,1161,1173,1133,1211,1181,1223,1177,1148,1161,1208,1226,1208,1177,1185,1173,1143,1105,1185,1169,1139,1185,1181,1139,1152,1169,1169,1127,1152,1122,1127,1115,1130,898,1130,1127,1152,1205,1354,1532,1534,1416,1263,1282,1287,1330,1342,1371,1415,1423,1419,1434,1447,1466,1477,1494,1493,1492,1471,1478,1466,1470,1451,1449,1454,1451,1469,1468,1473,1499,1499,1498,1512,1504,1508
1282,1279,1270,1259,1249,1241,1261,1275,1214,1268,1234,1259,1257,1261,1253,1293,1272,1318,1327,1351,1380,1408,1437,1458,1474,1517,1538,1549,1571,1595,1614,1621,1619,1614,1621,1625,1624,1611,1610,1596,1591,1587,1569,1570,1555,1539,1525,1499,1478,1452,1413,1373,1342,1281,1247,1226,1205,1205,1177,1188,1165,1177,1143,1177,1169,1177,1205,1157,1220,1198,1181,1185,1161,1198,1214,1157,1133,1188,1152,1152,1188,1231,1188,1220,1251,1165,1192,1198,1226,1185,1231,1208,1236,1217,1165,1214,1195,1173,1192,1223,1220,1181,1188,1243,1220,1211,1220,1208,1236,1228,1249,1241,1281,1259,1247,1211,1208,1217,1223,1202,1211,1217,1185,1228,1217,1205,1198,1202,1198,1231,1192,1139,1236,1173,1192,1195,1192,1195,1214,1249,1181,1220,1188,1177,1192,1220,1243,1185,1195,1188,1139,1169,1195,1157,1136,1157,1152,1143,1188,1143,1173,1161,1133,1152,1188,1188,1173,1148,1136,1148,1152,1053,1139,1053,1148,1177,1127,1169,1157,1148,1165,1265,1351,1377,1318,1265,1310,1333,1357,1398,1416,1441,1445,1441,1442,1459,1474,1489,1500,1485,1477,1481,1477,1466,1450,1449,1443,1452,1453,1468,1470,1483,1489,1507,1504,1504,1503,1491
1284,1272,1253,1267,1243,1223,1263,1238,1234,1238,1259,1228,1228,1257,1282,1255,1289,1290,1319,1340,1354,1396,1419,1447,1468,1491,1517,1538,1556,1581,1606,1619,1623,1628,1617,1620,1625,1613,1615,1608,1602,1588,1580,1572,1552,1545,1536,1522,1497,1468,1427,1415,1368,1312,1293,1238,1223,1226,1165,1177,1148,1169,1169,1161,1161,1105,1198,1181,1202,1217,1152,1202,1173,1217,1185,1169,1105,1173,1165,1223,1198,1192,1188,1231,1205,1177,1228,1211,1214,1202,1220,1234,1202,1192,1188,1185,1192,1231,1185,1202,1198,1236,1202,1211,1211,1211,1188,1169,1214,1247,1148,1192,1185,1217,1220,1236,1217,1205,1208,1220,1195,1181,1234,1202,1245,1198,1195,1195,1143,1205,1173,1195,1238,1205,1211,1139,1133,1188,1192,1181,1202,1157,1133,1198,1217,1245,1234,1220,1157,1177,1177,1223,1152,1136,1185,1130,1143,1148,1139,951,1161,1004,1152,1133,1130,1157,1161,1208,1136,1143,1092,1053,1130,1195,1139,1053,1143,1152,1165,1148,1208,1223,1243,1274,1312,1326,1351,1356,1402,1425,1441,1447,1454,1451,1458,1460,1462,1488,1490,1490,1476,1483,1477,1461,1441,1442,1429,1449,1456,1475,1486,1494,1506,1501,1499,1504,1494,1491
1272,1257,1277,1255,1245,1247,1253,1231,1247,1234,1249,1243,1243,1255,1272,1270,1257,1287,1314,1326,1376,1377,1415,1441,1458,1483,1501,1536,1549,1573,1594,1603,1624,1632,1627,1623,1627,1623,1618,1612,1603,1592,1584,1571,1563,1554,1536,1526,1519,1491,1476,1447,1405,1372,1319,1305,1223,1211,1188,1198,1173,1177,1223,1115,1122,1169,1195,1220,1223,1169,1152,1195,1161,1157,1152,1165,1173,1208,1192,1185,1202,1185,1192,1236,1214,1192,1195,1220,1249,1195,1185,1223,1205,1228,1198,1247,1223,1177,1217,1228,1226,1220,1236,1243,1231,1247,1188,1214,1211,1195,1226,1205,1188,1208,1223,1217,1228,1152,1208,1198,1217,1228,1214,1202,1185,1202,1165,1223,1205,1208,1211,1208,1177,1161,1177,1177,1185,1173,1143,1169,1139,1188,1152,1165,1157,1238,1285,1185,1173,1217,1231,1265,1228,1169,1202,1198,1181,1139,1165,1127,1139,1115,1130,1115,1136,1143,1236,1173,1152,1192,1136,1092,1181,1165,1177,1075,1122,1161,1173,1115,1202,1208,1236,1263,1275,1353,1360,1402,1425,1438,1465,1460,1457,1468,1456,1460,1471,1490,1486,1498,1475,1480,1472,1449,1435,1438,1447,1447,1455,1471,1481,1490,1510,1502,1506,1490,1478,1469
1279,1261,1281,1281,1255,1217,1247,1220,1234,1236,1214,1241,1220,1253,1234,1261,1268,1297,1305,1313,1330,1343,1398,1421,1451,1475,1491,1516,1542,1554,1579,1596,1617,1626,1637,1630,1623,1621,1621,1616,1611,1596,1592,1579,1565,1561,1555,1532,1528,1514,1498,1472,1436,1404,1352,1319,1277,1251,1223,1188,1192,1136,1136,1165,1136,1133,1205,1161,1202,1139,1173,1181,1198,1173,1177,1211,1169,1205,1198,1185,1185,1177,1217,1195,1214,1228,1198,1136,1245,1228,1198,1181,1211,1181,1185,1223,1217,1241,1217,1251,1223,1198,1236,1195,1211,1249,1220,1198,1192,1231,1236,1214,1223,1226,1245,1223,1247,1217,1177,1161,1192,1185,1195,1226,1185,1198,1181,1198,1238,1165,1208,1148,1148,1152,1185,1181,1185,1195,1211,1217,1192,1136,1181,1188,1192,1263,1275,1241,1161,1208,1195,1228,1181,1231,1234,1198,1139,1130,1136,1115,1105,1115,1105,1092,1105,1152,1214,1165,1165,1130,1133,1148,1152,1188,1139,1139,1165,1202,1139,1165,1192,1205,1261,1308,1335,1380,1394,1413,1444,1457,1456,1466,1466,1469,1463,1465,1476,1488,1492,1464,1469,1468,1462,1450,1438,1432,1456,1459,1475,1490,1499,1505,1498,1508,1491,1477,1471,1468
1282,1253,1282,1259,1275,1228,1243,1234,1192,1214,1228,1211,1241,1217,1228,1243,1263,1277,1279,1308,1318,1352,1377,1409,1428,1464,1488,1506,1523,1551,1566,1588,1602,1625,1626,1635,1640,1629,1619,1614,1614,1604,1601,1581,1574,1568,1557,1556,1533,1537,1520,1483,1466,1430,1409,1361,1322,1270,1247,1257,1211,1202,1185,1122,1169,1148,1143,1177,1161,1122,1169,1127,1202,1211,1181,1115,1136,1205,1192,1243,1292,1267,1247,1211,1217,1181,1188,1241,1226,1231,1188,1161,1198,1228,1226,1214,1188,1208,1169,1169,1157,1226,1236,1220,1211,1214,1228,1223,1217,1243,1234,1202,1195,1214,1220,1214,1198,1234,1161,1202,1231,1231,1198,1195,1205,1192,1195,1139,1205,1192,1208,1177,1161,1202,1226,1136,1217,1192,1185,1202,1136,1139,1202,1173,1133,1223,1255,1202,1217,1181,1195,1157,1192,1220,1241,1181,1152,1198,1130,1133,1105,1139,1053,1157,1127,1185,1241,1241,1214,1139,1161,1030,1136,1192,1152,1143,1188,1195,1236,1214,1177,1257,1277,1326,1367,1399,1412,1436,1461,1467,1477,1467,1475,1468,1455,1466,1474,1481,1474,1468,1468,1455,1456,1439,1441,1441,1461,1471,1482,1487,1497,1500,1505,1498,1488,1466,1461,1456
1320,1292,1282,1253,1261,1285,1249,1217,1228,1236,1177,1245,1208,1234,1211,1231,1253,1270,1289,1307,1335,1351,1363,1394,1423,1446,1482,1501,1510,1532,1552,1564,1587,1613,1627,1627,1638,1630,1628,1614,1614,1615,1598,1591,1596,1578,1567,1554,1555,1543,1524,1515,1501,1464,1438,1419,1376,1320,1295,1289,1214,1192,1185,1185,1139,1143,1136,1152,1139,1133,1115,1188,1148,1092,1192,1161,1173,1181,1208,1325,1460,1481,1331,1257,1238,1205,1195,1243,1214,1211,1165,1236,1157,1214,1249,1198,1173,1188,1217,1208,1202,1214,1238,1195,1234,1198,1177,1223,1234,1205,1195,1214,1208,1241,1185,1208,1205,1214,1217,1223,1217,1223,1195,1236,1195,1185,1198,1157,1198,1208,1217,1130,1188,1198,1226,1133,1169,1217,1185,1202,1173,1195,951,1181,1139,1205,1192,1165,1136,1161,1157,1133,1157,1157,1205,1161,1148,1152,1148,1143,1133,1165,1136,1185,1152,1249,1312,1343,1307,1208,1143,1161,1136,1122,1092,1143,1169,1231,1231,1251,1265,1305,1322,1352,1398,1416,1450,1454,1461,1478,1473,1476,1467,1466,1461,1472,1487,1493,1471,1473,1457,1454,1449,1447,1446,1453,1476,1491,1494,1504,1505,1495,1496,1479,1471,1450,1452,1429
1309,1274,1282,1247,1259,1255,1249,1249,1243,1226,1223,1236,1208,1223,1236,1234,1236,1272,1277,1295,1298,1334,1333,1365,1407,1425,1460,1487,1497,1512,1537,1561,1570,1584,1608,1622,1631,1638,1623,1622,1617,1607,1602,1599,1586,1581,1569,1561,1551,1543,1532,1525,1506,1495,1474,1444,1403,1385,1333,1298,1259,1241,1220,1217,1202,1192,1169,1148,1173,1181,1165,1152,1177,1148,1195,1205,1181,1220,1263,1440,1578,1583,1432,1253,1249,1223,1217,1223,1234,1192,1217,1192,1173,1173,1208,1208,1228,1208,1205,1198,1188,1234,1231,1217,1195,1173,1202,1220,1177,1205,1214,1185,1228,1152,1211,1181,1202,1185,1217,1198,1228,1226,1211,1245,1226,1211,1177,1181,1105,1161,1143,1185,1202,1185,1217,1181,1185,1202,1173,1202,1157,1136,1139,1143,1165,1211,1192,1165,1148,1148,1198,1139,1136,1157,1122,1136,1148,1157,1198,1143,1139,1165,1169,1161,1169,1289,1331,1356,1334,1211,1208,1173,1198,1105,1169,1139,1208,1205,1261,1277,1287,1320,1341,1393,1413,1432,1463,1459,1476,1475,1480,1472,1461,1460,1456,1470,1490,1483,1468,1467,1461,1451,1443,1443,1456,1462,1482,1486,1503,1503,1492,1489,1475,1469,1454,1440,1429,1423
1308,1300,1287,1274,1281,1245,1259,1228,1243,1228,1251,1245,1211,1238,1257,1249,1223,1267,1272,1279,1281,1327,1336,1347,1384,1420,1442,1471,1493,1511,1523,1542,1565,1573,1586,1610,1625,1629,1630,1633,1627,1626,1612,1604,1590,1579,1569,1561,1560,1551,1542,1531,1515,1511,1492,1463,1439,1417,1378,1347,1319,1277,1236,1247,1205,1177,1165,1181,1139,1177,1195,1181,1181,1173,1177,1177,1195,1177,1302,1451,1561,1550,1391,1257,1270,1236,1228,1214,1220,1202,1228,1220,1211,1192,1192,1165,1188,1205,1192,1202,1205,1234,1245,1259,1192,1208,1188,1238,1277,1251,1214,1195,1205,1217,1188,1136,1173,1188,1161,1220,1214,1231,1211,1208,1202,1165,1157,1173,1165,1198,1195,1161,1133,1211,1157,1198,1177,1220,1192,1173,1226,1192,1185,1161,1161,1211,1173,1133,1181,1030,1053,1173,1139,1157,1148,1157,1139,1127,1139,1030,1157,1136,1185,1143,1188,1208,1267,1316,1270,1236,1205,1181,1157,1177,1173,1136,1165,1253,1293,1289,1352,1351,1385,1417,1439,1460,1470,1465,1475,1487,1478,1470,1449,1448,1467,1488,1490,1472,1467,1461,1451,1443,1462,1462,1472,1470,1480,1497,1510,1498,1492,1462,1470,1451,1445,1424,1425,1409
1316,1307,1274,1284,1251,1263,1253,1238,1265,1220,1202,1217,1236,1223,1241,1228,1245,1202,1231,1268,1309,1320,1325,1350,1386,1395,1427,1449,1484,1517,1508,1529,1542,1564,1575,1592,1608,1623,1623,1633,1629,1635,1625,1610,1600,1590,1581,1563,1562,1553,1551,1538,1538,1529,1514,1490,1473,1449,1421,1387,1358,1326,1277,1245,1228,1185,1181,1157,1173,1188,1130,1185,1161,1169,1139,1157,1198,1211,1274,1367,1418,1356,1253,1245,1205,1192,1105,1173,1236,1195,1195,1208,1245,1177,1220,1185,1226,1231,1205,1217,1202,1268,1249,1198,1231,1165,1208,1202,1257,1247,1223,1177,1148,1245,1173,1173,1208,1208,1236,1238,1205,1188,1205,1192,1188,1195,1217,1195,1092,1161,1177,1192,1152,1228,1169,1173,1152,1192,1161,1157,1202,1177,1177,1157,1133,1169,1133,1157,1133,1173,1115,1143,1198,1127,1130,1127,1152,1122,1143,1139,1030,1133,1139,1161,1177,1148,1223,1214,1177,1152,1238,1188,1177,1217,1161,1202,1245,1274,1310,1324,1344,1388,1415,1428,1443,1473,1475,1483,1476,1475,1475,1461,1447,1453,1467,1488,1483,1475,1465,1458,1462,1463,1462,1477,1478,1503,1495,1497,1504,1480,1463,1462,1461,1446,1434,1432,1417,1414
1318,1302,1304,1279,1298,1292,1247,1279,1265,1257,1251,1251,1251,1245,1226,1214,1228,1231,1238,1257,1272,1302,1322,1327,1352,1389,1413,1436,1467,1481,1500,1508,1524,1543,1561,1573,1590,1606,1622,1628,1632,1630,1632,1621,1613,1596,1588,1582,1567,1553,1551,1537,1528,1514,1514,1509,1487,1455,1447,1415,1398,1354,1313,1287,1247,1231,1181,1202,1188,1214,1188,1165,1211,1130,1161,1133,1122,1185,1185,1188,1236,1228,1177,1188,1198,1169,1205,1181,1195,1208,1208,1195,1214,1231,1148,1205,1192,1238,1205,1238,1268,1268,1226,1157,1205,1198,1177,1192,1228,1217,1192,1231,1192,1217,1188,1173,1173,1228,1253,1220,1202,1202,1205,1181,1185,1173,1223,1161,1177,1173,1169,1143,1165,1181,1198,1157,1177,1165,1177,1139,1188,1220,1202,1157,1148,1122,1143,1152,1136,1173,1148,1139,1177,1161,1133,1133,1127,1130,1192,1122,1127,1130,1130,1143,1161,1202,1030,1169,1181,1173,1192,1188,1181,1161,1208,1234,1261,1320,1340,1360,1386,1411,1429,1456,1458,1473,1481,1479,1485,1480,1453,1449,1439,1463,1472,1483,1470,1470,1465,1454,1462,1468,1474,1470,1477,1496,1496,1482,1478,1480,1462,1460,1447,1428,1435,1417,1406,1405
1327,1308,1309,1290,1295,1275,1281,1272,1253,1268,1243,1247,1241,1214,1241,1208,1228,1208,1217,1259,1223,1305,1309,1323,1336,1377,1395,1420,1441,1466,1483,1500,1512,1520,1540,1550,1576,1595,1610,1625,1625,1628,1632,1627,1628,1620,1609,1588,1572,1565,1548,1543,1534,1522,1512,1511,1512,1482,1456,1456,1429,1397,1357,1335,1287,1279,1251,1198,1169,1192,1198,1161,1165,1231,1169,1185,1220,1157,1205,1217,1226,1220,1205,1169,1152,1161,1202,1152,1143,1211,1261,1263,1263,1198,1173,1211,1161,1185,1211,1226,1247,1243,1198,1195,1211,1223,1208,1198,1198,1208,1220,1169,1220,1238,1211,1181,1173,1185,1214,1157,1136,1223,1208,1192,1217,1133,1165,1188,1165,1169,1202,1198,1165,1192,1148,1173,1152,1247,1195,1211,1234,1188,1157,1161,1148,1152,1139,978,1205,1198,1157,1157,1165,1139,1165,1192,951,1133,1161,1188,1133,1136,1130,1139,1152,1130,1157,1143,1136,1185,1181,1188,1198,1220,1251,1257,1314,1331,1368,1402,1413,1440,1445,1453,1485,1485,1495,1486,1472,1468,1460,1440,1437,1453,1476,1484,1485,1461,1469,1465,1472,1462,1478,1488,1486,1495,1476,1480,1481,1473,1466,1462,1456,1429,1422,1400,1398,1405
1314,1334,1329,1300,1287,1293,1267,1249,1268,1261,1263,1261,1263,1251,1228,1217,1217,1223,1234,1249,1251,1279,1285,1302,1318,1356,1389,1407,1430,1454,1462,1493,1507,1510,1519,1547,1548,1575,1594,1611,1625,1624,1629,1636,1627,1630,1610,1597,1587,1567,1555,1546,1535,1525,1521,1515,1496,1496,1478,1471,1453,1427,1410,1378,1341,1324,1259,1202,1208,1188,1177,1205,1157,1202,1169,1188,1231,1214,1181,1202,1198,1195,1202,1211,1226,1139,1214,1195,1195,1247,1316,1331,1282,1208,1223,1208,1211,1220,1211,1177,1157,1226,1223,1205,1217,1157,1161,1234,1185,1220,1202,1195,1228,1290,1247,1211,1217,1202,1223,1169,1208,1217,1211,1152,1133,1143,1148,1202,1136,1139,1195,1188,1188,1157,1211,1136,1122,1122,1177,1169,1152,1105,1169,1133,1139,1133,1177,964,1173,1198,1139,1157,1130,898,1127,1105,1152,1115,1133,1139,1143,1115,1030,1152,1181,1148,1161,1143,1177,1173,1165,1231,1272,1261,1297,1336,1344,1368,1414,1424,1444,1471,1469,1482,1482,1485,1474,1484,1479,1470,1452,1437,1441,1463,1477,1487,1470,1467,1463,1472,1469,1480,1482,1489,1489,1483,1476,1475,1465,1466,1456,1436,1439,1430,1418,1402,1395,1404
1352,1341,1323,1324,1320,1290,1297,1265,1275,1249,1249,1249,1247,1263,1234,1251,1241,1226,1270,1202,1263,1243,1279,1287,1314,1329,1361,1383,1394,1432,1452,1477,1486,1501,1513,1527,1532,1553,1572,1591,1596,1619,1626,1629,1628,1633,1616,1618,1597,1582,1573,1556,1549,1532,1520,1516,1507,1503,1492,1495,1480,1449,1430,1419,1393,1348,1327,1277,1263,1214,1202,1161,1192,1188,1188,1157,1143,1152,1211,1181,1148,1211,1165,1161,1165,1185,1177,1152,1181,1313,1360,1363,1308,1231,1220,1223,1214,1211,1165,1177,1198,1208,1165,1205,1185,1220,1205,1181,1208,1188,1198,1223,1214,1241,1241,1259,1188,1238,1130,1241,1220,1205,1192,1202,1195,1195,1177,1169,1143,1195,1198,1192,1198,1152,1136,1205,1195,1157,1181,1143,1161,1173,1092,1127,1169,1133,1181,1177,1148,1127,1127,1127,1143,1136,1185,1148,1127,1161,1143,1152,1053,1139,1133,1208,1152,1192,1177,1192,1214,1202,1205,1251,1279,1314,1343,1363,1372,1406,1428,1438,1464,1474,1478,1482,1489,1479,1494,1470,1471,1450,1439,1428,1437,1480,1476,1476,1462,1456,1466,1476,1477,1482,1487,1490,1490,1470,1472,1475,1466,1464,1451,1435,1436,1428,1414,1409,1388,1399
1357,1322,1338,1313,1323,1313,1287,1293,1261,1263,1253,1268,1259,1255,1259,1255,1226,1205,1238,1214,1251,1247,1243,1249,1305,1317,1345,1383,1397,1425,1438,1460,1472,1484,1499,1512,1525,1537,1547,1572,1591,1610,1616,1622,1623,1621,1620,1618,1621,1597,1586,1574,1555,1543,1525,1525,1522,1510,1506,1487,1487,1485,1474,1443,1414,1385,1354,1325,1302,1253,1231,1243,1226,1177,1165,1192,1169,1181,1181,1152,1169,1152,1169,1157,1208,1161,1157,1161,1228,1309,1353,1335,1263,1214,1223,1223,1181,1169,1188,1205,1234,1220,1208,1205,1202,1136,1173,1202,1143,1173,1130,1198,1226,1165,1177,1243,1148,1211,1192,1143,1202,1177,1185,1226,1192,1231,1188,1185,1177,1133,1181,1220,1192,1173,1195,1139,1148,1177,1220,1157,1152,1169,1192,1148,1133,1165,1185,1202,1148,1152,1165,1188,1143,1152,1143,1143,1169,1130,1148,1177,1130,1127,1130,1136,1185,1173,1169,1177,1195,1236,1274,1287,1316,1342,1374,1394,1404,1434,1450,1462,1477,1496,1477,1487,1476,1475,1479,1474,1462,1454,1431,1441,1443,1474,1468,1476,1469,1469,1471,1481,1483,1481,1486,1486,1484,1468,1475,1469,1478,1451,1447,1429,1430,1415,1407,1403,1390,1374
1356,1342,1336,1329,1316,1334,1293,1290,1277,1290,1263,1243,1249,1245,1257,1245,1241,1234,1228,1245,1249,1245,1243,1261,1268,1312,1341,1350,1372,1409,1427,1447,1450,1476,1495,1506,1512,1523,1537,1554,1571,1588,1606,1615,1621,1616,1619,1620,1615,1611,1597,1593,1575,1562,1549,1541,1530,1522,1521,1490,1503,1483,1487,1476,1450,1420,1398,1375,1355,1326,1275,1247,1217,1161,1236,1169,1198,1217,1205,1173,1181,1139,1139,1143,1165,1161,1173,1169,1217,1251,1290,1277,1253,1177,1139,1205,1198,1165,1214,1198,1195,1236,1143,1161,1177,1181,1231,1173,1185,1192,1188,1161,1181,1169,1152,1195,1143,1165,1198,1202,1192,1208,1243,1205,1220,1211,1205,1148,1133,1169,1133,1177,1185,1143,1148,1188,1195,1211,1169,1185,1143,1133,1169,1152,1122,1122,1173,1152,1173,1192,1185,1136,1115,1185,1122,1127,1185,1127,1173,1133,1192,1105,1105,1143,1127,1198,1192,1220,1243,1270,1290,1345,1338,1375,1411,1429,1439,1454,1468,1470,1478,1476,1483,1471,1471,1470,1470,1466,1453,1434,1441,1451,1460,1468,1475,1462,1461,1466,1482,1478,1478,1486,1481,1486,1482,1484,1481,1477,1458,1443,1438,1424,1417,1409,1395,1385,1382,1383
1356,1363,1352,1340,1323,1342,1317,1313,1301,1284,1297,1255,1268,1285,1257,1268,1255,1228,1247,1245,1245,1238,1249,1253,1282,1282,1301,1330,1365,1390,1409,1431,1451,1462,1481,1478,1503,1501,1523,1542,1547,1565,1588,1600,1613,1621,1621,1612,1616,1613,1607,1603,1588,1581,1565,1558,1546,1542,1527,1510,1506,1491,1487,1488,1468,1452,1424,1418,1393,1362,1329,1292,1274,1249,1238,1214,1152,1195,1220,1185,1143,1173,1208,1122,1169,1177,1148,1165,1169,1195,1231,1238,1192,1195,1157,1217,1148,1188,1192,1202,1223,1214,1127,1173,1188,1245,1259,1249,1185,1208,1202,1143,1169,1169,1188,1161,1185,1169,1161,1185,1217,1205,1173,1241,1217,1185,1188,1205,1192,1188,1139,1185,1205,1188,1198,1253,1243,1185,1192,1241,1208,1236,1157,1092,1169,1133,1122,1127,1152,1148,1188,1157,1181,1127,1004,1133,1139,1157,1192,1165,1152,1161,1161,1198,1208,1234,1247,1245,1287,1326,1344,1372,1370,1395,1431,1442,1451,1466,1474,1480,1476,1482,1473,1484,1466,1467,1458,1461,1445,1445,1448,1462,1457,1473,1473,1470,1467,1485,1479,1479,1485,1478,1481,1486,1475,1480,1483,1475,1453,1440,1432,1413,1409,1405,1397,1380,1380,1377
1366,1366,1363,1350,1330,1324,1332,1316,1320,1301,1307,1277,1272,1282,1259,1270,1274,1228,1263,1241,1234,1268,1234,1236,1228,1257,1285,1301,1329,1372,1405,1414,1439,1450,1473,1475,1489,1498,1509,1519,1531,1543,1561,1588,1593,1610,1612,1610,1615,1610,1607,1603,1599,1584,1575,1567,1558,1540,1521,1508,1506,1507,1501,1496,1484,1468,1458,1444,1409,1402,1381,1334,1312,1281,1268,1241,1202,1185,1198,1228,1177,1130,1133,1152,1169,1122,1173,1202,1202,1192,1245,1231,1148,1177,1238,1188,1195,1181,1202,1223,1198,1198,1195,1139,1208,1247,1214,1211,1211,1139,1148,1185,1152,1169,1202,1169,1133,1136,1136,1185,1185,1205,1195,1245,1185,1161,1161,1165,1185,1185,1220,1214,1211,1165,1223,1255,1267,1208,1205,1228,1234,1181,1165,1148,1177,1139,1143,1202,1136,1157,1177,1231,1127,1169,1143,1148,1122,1192,1261,1226,1195,1139,1157,1220,1241,1267,1282,1312,1334,1372,1372,1391,1402,1436,1453,1466,1474,1476,1480,1471,1488,1478,1471,1458,1468,1465,1460,1464,1449,1443,1451,1452,1471,1463,1466,1477,1485,1496,1487,1486,1498,1499,1491,1490,1488,1482,1460,1443,1445,1432,1426,1424,1402,1401,1387,1392,1384,1380
1365,1353,1363,1344,1343,1336,1324,1329,1318,1310,1282,1282,1257,1285,1265,1284,1272,1249,1241,1255,1223,1245,1238,1255,1247,1267,1297,1302,1320,1340,1386,1388,1427,1429,1450,1466,1474,1487,1501,1511,1524,1525,1540,1565,1578,1596,1604,1608,1615,1607,1605,1599,1600,1588,1589,1576,1567,1559,1536,1520,1518,1507,1495,1490,1491,1490,1479,1461,1460,1433,1415,1398,1372,1347,1302,1279,1247,1211,1228,1245,1245,1195,1192,1195,1173,1173,1202,1157,1202,1161,1148,1188,1139,1177,1195,1157,1169,1208,1185,1169,1165,1211,1139,1195,1181,1181,1173,1214,1181,1192,1185,1169,1205,1165,1181,1202,1195,1220,1220,1181,1188,1161,1181,1188,1188,1181,1177,1169,1152,1181,1236,1198,1247,1236,1307,1375,1377,1341,1243,1177,1214,1185,1214,1214,1161,1133,1152,1122,1173,1130,1228,1188,1165,1136,1148,1161,1205,1161,1313,1277,1205,1202,1241,1285,1290,1313,1324,1353,1365,1407,1415,1422,1436,1460,1470,1481,1482,1487,1478,1477,1477,1477,1474,1468,1460,1467,1456,1452,1447,1449,1450,1465,1467,1468,1485,1490,1495,1506,1489,1492,1492,1501,1495,1508,1487,1477,1461,1446,1439,1435,1424,1402,1401,1388,1380,1380,1389,1392
1394,1378,1366,1361,1347,1344,1325,1322,1342,1310,1295,1304,1289,1292,1277,1275,1247,1265,1247,1255,1267,1205,1255,1243,1263,1234,1261,1274,1305,1308,1343,1376,1408,1417,1449,1450,1469,1485,1491,1503,1499,1524,1525,1542,1559,1572,1586,1596,1600,1604,1606,1601,1596,1593,1586,1580,1573,1552,1541,1538,1527,1515,1511,1503,1496,1508,1491,1479,1465,1458,1430,1417,1411,1378,1335,1316,1274,1261,1251,1195,1208,1214,1192,1169,1185,1136,1143,1181,1198,1157,1165,1152,1165,1169,1173,1185,1214,1192,1195,1208,1181,1188,1133,1223,1188,1226,1173,1188,1211,1139,1211,1161,1195,1148,1181,1177,1161,1214,1208,1181,1152,1198,1223,1217,1148,1192,1181,1157,1198,1238,1211,1217,1251,1355,1539,1718,1663,1483,1341,1245,1245,1226,1202,1247,1220,1161,1223,1223,1211,1220,1181,1169,1165,1165,1127,1173,1169,1241,1268,1272,1226,1263,1323,1329,1357,1367,1363,1396,1409,1426,1434,1441,1448,1460,1478,1484,1483,1482,1463,1478,1473,1465,1461,1461,1457,1456,1462,1448,1450,1464,1464,1479,1473,1493,1502,1505,1508,1505,1505,1503,1498,1498,1490,1483,1475,1474,1451,1433,1423,1419,1402,1399,1383,1385,1389,1391,1396,1389
1399,1382,1365,1374,1353,1355,1347,1344,1327,1326,1333,1305,1297,1293,1284,1265,1307,1290,1263,1289,1251,1231,1268,1261,1257,1259,1267,1253,1285,1301,1333,1351,1377,1406,1424,1440,1451,1467,1480,1499,1507,1518,1515,1527,1532,1548,1574,1584,1590,1603,1604,1597,1593,1603,1591,1587,1582,1567,1555,1553,1543,1542,1521,1522,1516,1507,1511,1507,1480,1464,1458,1439,1433,1423,1393,1363,1336,1320,1285,1270,1249,1217,1202,1139,1214,1181,1181,1165,1185,1157,1185,1211,1208,1177,1208,1177,1211,1198,1185,1133,1157,1198,1177,1165,1173,1177,1115,1188,1214,1198,1195,1226,1245,1214,1198,1152,1173,1192,1211,1173,1208,1208,1188,1217,1181,1188,1198,1251,1295,1275,1208,1217,1272,1397,1653,1904,1914,1667,1408,1290,1253,1205,1217,1217,1181,1214,1226,1245,1220,1205,1181,1152,1136,1130,1181,1192,1234,1208,1241,1281,1307,1340,1347,1385,1389,1389,1413,1421,1437,1454,1451,1450,1468,1470,1473,1483,1486,1476,1469,1469,1470,1452,1461,1460,1447,1449,1460,1462,1466,1465,1487,1491,1501,1504,1517,1524,1510,1496,1502,1504,1504,1500,1485,1472,1467,1455,1436,1430,1417,1409,1408,1391,1392,1384,1378,1402,1389,1408
1392,1390,1394,1388,1361,1355,1352,1348,1338,1324,1326,1305,1305,1300,1307,1279,1297,1293,1287,1290,1275,1302,1261,1257,1261,1263,1267,1238,1279,1270,1318,1332,1351,1391,1410,1425,1441,1461,1460,1480,1492,1504,1512,1513,1524,1529,1550,1563,1578,1591,1597,1594,1601,1596,1593,1588,1579,1573,1565,1552,1557,1552,1543,1535,1532,1528,1510,1512,1500,1495,1469,1461,1441,1438,1419,1413,1398,1352,1356,1327,1284,1275,1263,1259,1220,1198,1202,1169,1192,1165,1198,1188,1228,1127,1185,1169,1205,1173,1161,1226,1192,1181,1198,1139,1198,1188,1130,1139,1192,1169,1192,1263,1267,1293,1228,1188,1177,1177,1188,1198,1195,1115,1181,1238,1265,1259,1272,1297,1341,1316,1231,1220,1228,1331,1529,1789,1874,1685,1413,1257,1211,1185,1205,1220,1205,1136,1188,1198,1177,1169,1188,1192,1173,1198,1217,1208,1241,1249,1275,1318,1341,1377,1398,1409,1404,1412,1432,1458,1452,1465,1471,1466,1476,1491,1485,1475,1470,1476,1466,1460,1465,1454,1459,1456,1462,1467,1468,1476,1471,1483,1495,1503,1499,1519,1525,1510,1512,1502,1495,1499,1501,1509,1487,1466,1462,1443,1427,1415,1414,1402,1395,1400,1390,1382,1393,1402,1417,1421
1390,1392,1395,1396,1382,1362,1360,1337,1342,1347,1323,1322,1325,1297,1309,1309,1302,1282,1319,1298,1312,1289,1274,1281,1274,1282,1281,1257,1272,1251,1298,1308,1332,1346,1388,1409,1420,1444,1451,1467,1476,1491,1497,1512,1516,1511,1528,1543,1556,1574,1585,1590,1593,1595,1587,1596,1590,1585,1573,1573,1567,1567,1557,1553,1543,1542,1521,1516,1521,1511,1493,1482,1473,1472,1452,1441,1423,1409,1402,1382,1351,1317,1312,1285,1270,1243,1247,1205,1205,1195,1205,1195,1173,1202,1192,1177,1169,1115,1181,1217,1165,1161,1185,1214,1136,1214,1165,1143,1208,1211,1173,1173,1198,1208,1195,1173,1185,1205,1228,1231,1173,1105,1136,1185,1169,1188,1243,1267,1290,1265,1198,1198,1236,1277,1335,1466,1580,1493,1334,1208,1177,1177,1152,1205,1243,1177,1205,1177,1157,1157,1211,1245,1226,1220,1234,1261,1255,1298,1338,1368,1398,1417,1423,1417,1431,1441,1440,1462,1464,1473,1475,1480,1483,1483,1490,1472,1472,1480,1450,1467,1460,1449,1450,1451,1458,1467,1468,1472,1497,1496,1496,1501,1508,1513,1509,1507,1505,1515,1499,1502,1500,1501,1485,1460,1450,1430,1417,1413,1398,1409,1389,1391,1389,1409,1402,1413,1428,1412
1381,1399,1392,1400,1390,1382,1364,1358,1348,1342,1340,1327,1331,1322,1324,1313,1319,1289,1316,1308,1274,1307,1282,1259,1290,1284,1263,1255,1255,1261,1295,1290,1319,1342,1363,1380,1413,1425,1445,1452,1472,1472,1485,1495,1512,1512,1519,1524,1530,1561,1570,1579,1582,1588,1589,1586,1584,1581,1582,1577,1576,1576,1570,1560,1553,1559,1545,1526,1526,1514,1514,1508,1499,1495,1482,1455,1447,1429,1427,1413,1402,1394,1357,1345,1335,1287,1263,1253,1270,1247,1231,1205,1217,1185,1231,1148,1198,1195,1185,1192,1202,1177,1157,1211,1161,1195,1188,1192,1205,1208,1243,1198,1208,1195,1177,1245,1231,1198,1231,1211,1220,1169,1030,1130,1143,1148,1211,1220,1211,1208,1220,1195,1228,1257,1241,1301,1326,1341,1270,1192,1192,1165,1169,1205,1188,1181,1195,1211,1220,1220,1234,1251,1236,1268,1297,1298,1319,1342,1378,1405,1419,1433,1437,1437,1443,1458,1465,1475,1469,1475,1475,1487,1488,1483,1470,1479,1476,1471,1476,1471,1462,1453,1447,1460,1461,1474,1474,1487,1485,1492,1496,1497,1512,1503,1502,1499,1501,1509,1507,1507,1492,1483,1461,1443,1440,1428,1410,1399,1390,1395,1377,1401,1401,1402,1413,1420,1423,1425
1366,1386,1402,1394,1383,1403,1375,1364,1377,1353,1343,1353,1336,1329,1308,1322,1308,1323,1305,1310,1312,1298,1287,1279,1301,1293,1285,1277,1245,1277,1295,1305,1308,1320,1334,1344,1383,1406,1423,1442,1450,1471,1481,1478,1496,1514,1513,1524,1526,1534,1554,1560,1579,1579,1582,1585,1578,1574,1584,1584,1574,1574,1573,1570,1559,1553,1551,1538,1535,1528,1526,1517,1513,1512,1493,1479,1479,1473,1457,1438,1432,1423,1404,1389,1383,1348,1332,1307,1287,1263,1245,1259,1245,1249,1236,1198,1205,1185,1188,1195,1208,1245,1214,1195,1177,1220,1169,1202,1223,1195,1241,1157,1198,1214,1208,1220,1185,1198,1192,1202,1195,1185,1177,1195,1157,1169,1188,1161,1192,1181,1231,1208,1208,1226,1169,1251,1236,1267,1263,1211,1177,1188,1185,1198,1205,1202,1195,1238,1217,1249,1275,1268,1301,1329,1331,1342,1362,1380,1400,1431,1449,1451,1449,1463,1458,1474,1476,1464,1475,1473,1494,1481,1482,1481,1478,1486,1484,1476,1472,1480,1466,1454,1452,1465,1465,1476,1482,1470,1481,1492,1491,1495,1506,1515,1511,1509,1512,1513,1509,1512,1490,1481,1452,1440,1417,1412,1405,1400,1403,1392,1394,1387,1405,1415,1426,1420,1425,1431
1368,1366,1388,1395,1402,1401,1395,1381,1376,1365,1361,1337,1337,1322,1326,1324,1332,1308,1320,1307,1293,1290,1298,1301,1270,1289,1274,1282,1281,1272,1267,1281,1274,1300,1323,1342,1356,1386,1406,1422,1438,1445,1452,1472,1483,1493,1506,1505,1515,1519,1540,1545,1556,1569,1578,1580,1575,1568,1575,1578,1581,1573,1577,1570,1568,1557,1556,1538,1544,1538,1534,1526,1522,1519,1515,1511,1488,1498,1481,1470,1460,1442,1440,1429,1413,1402,1384,1356,1332,1322,1314,1285,1282,1261,1253,1217,1243,1226,1205,1192,1188,1208,1181,1188,1205,1223,1223,1202,1231,1223,1195,1205,1192,1217,1195,1148,1223,1195,1211,1202,1211,1130,1169,1165,1220,1185,1148,1217,1214,1185,1234,1217,1214,1143,1198,1157,1177,1243,1228,1226,1217,1217,1211,1211,1211,1214,1265,1247,1279,1289,1318,1316,1344,1354,1388,1388,1409,1405,1422,1450,1466,1455,1468,1481,1486,1478,1483,1471,1474,1473,1473,1492,1477,1478,1478,1487,1486,1479,1492,1480,1474,1465,1467,1482,1477,1485,1475,1477,1487,1487,1490,1488,1515,1519,1514,1509,1516,1502,1501,1492,1477,1453,1436,1428,1407,1405,1396,1403,1389,1394,1402,1409,1408,1415,1422,1422,1436,1434
1353,1351,1366,1388,1393,1391,1402,1391,1376,1373,1365,1350,1354,1340,1338,1323,1348,1323,1313,1334,1329,1301,1326,1318,1323,1297,1290,1293,1285,1274,1284,1272,1282,1293,1301,1316,1345,1346,1368,1409,1419,1432,1433,1440,1457,1487,1500,1509,1510,1527,1525,1532,1546,1565,1568,1573,1572,1564,1567,1571,1568,1583,1574,1576,1577,1577,1570,1552,1555,1543,1542,1538,1530,1524,1527,1526,1512,1508,1498,1500,1482,1470,1457,1449,1434,1431,1411,1406,1401,1386,1384,1351,1326,1302,1295,1267,1289,1263,1245,1243,1211,1236,1236,1192,1211,1205,1214,1217,1165,1245,1173,1205,1198,1192,1223,1251,1177,1181,1169,1220,1173,1139,1152,1188,1205,1198,1092,1177,1177,1185,1214,1192,1211,1165,1143,1247,1217,1192,1249,1236,1173,1249,1236,1231,1261,1261,1287,1301,1312,1351,1367,1366,1365,1378,1417,1417,1424,1436,1456,1467,1467,1479,1481,1490,1476,1482,1483,1477,1487,1483,1486,1482,1472,1478,1487,1481,1496,1501,1482,1482,1471,1480,1481,1478,1482,1472,1491,1493,1499,1493,1488,1496,1498,1513,1514,1513,1510,1492,1482,1498,1453,1447,1436,1426,1406,1410,1409,1395,1409,1414,1426,1421,1427,1429,1426,1435,1448,1458
1334,1334,1371,1367,1395,1399,1396,1407,1384,1371,1385,1355,1348,1356,1332,1322,1329,1333,1329,1325,1332,1336,1318,1305,1307,1292,1307,1301,1293,1309,1301,1277,1279,1274,1308,1317,1307,1338,1372,1388,1410,1417,1416,1439,1455,1466,1476,1493,1502,1516,1516,1529,1527,1543,1555,1570,1573,1564,1570,1565,1565,1557,1569,1565,1572,1575,1575,1579,1571,1560,1557,1543,1541,1545,1535,1533,1529,1535,1520,1511,1500,1496,1484,1480,1461,1445,1433,1432,1423,1427,1422,1402,1391,1363,1345,1322,1309,1316,1277,1263,1228,1287,1243,1220,1226,1236,1228,1214,1214,1169,1249,1152,1231,1177,1223,1268,1208,1208,1211,1236,1181,1214,1177,1217,1185,1223,1234,1198,1161,1177,1192,1202,1169,1226,1208,1173,1236,1268,1257,1253,1257,1274,1293,1309,1312,1300,1312,1346,1342,1385,1389,1398,1408,1421,1423,1440,1443,1460,1475,1477,1473,1482,1482,1490,1485,1490,1466,1486,1489,1491,1490,1497,1482,1498,1494,1491,1507,1494,1486,1480,1485,1476,1480,1487,1477,1486,1499,1515,1501,1498,1490,1496,1500,1507,1515,1509,1507,1490,1485,1466,1456,1445,1423,1410,1402,1409,1398,1407,1415,1424,1425,1427,1430,1423,1430,1443,1450,1445
1342,1336,1355,1342,1380,1373,1398,1398,1409,1394,1391,1375,1377,1370,1335,1343,1353,1332,1352,1318,1345,1336,1327,1337,1322,1317,1307,1300,1302,1285,1292,1287,1292,1277,1308,1309,1309,1318,1338,1368,1385,1409,1417,1421,1436,1442,1456,1468,1487,1508,1511,1527,1528,1530,1544,1549,1567,1574,1558,1563,1560,1558,1561,1562,1557,1568,1571,1572,1572,1575,1565,1566,1563,1555,1551,1559,1544,1539,1539,1525,1527,1516,1503,1500,1480,1469,1455,1463,1443,1450,1435,1424,1418,1398,1402,1393,1361,1382,1343,1332,1319,1309,1293,1279,1274,1268,1255,1226,1261,1253,1214,1238,1223,1253,1268,1268,1268,1247,1259,1241,1217,1181,1205,1214,1211,1236,1255,1214,1228,1243,1261,1234,1243,1253,1247,1251,1284,1285,1322,1318,1313,1337,1326,1322,1351,1347,1361,1382,1395,1398,1420,1434,1446,1450,1454,1451,1468,1478,1486,1486,1478,1489,1494,1478,1485,1478,1486,1484,1498,1493,1490,1501,1495,1503,1497,1495,1494,1485,1485,1496,1481,1496,1485,1490,1492,1498,1511,1519,1513,1510,1508,1504,1512,1511,1501,1505,1489,1470,1467,1439,1440,1423,1416,1402,1395,1405,1409,1414,1413,1428,1435,1437,1441,1438,1437,1456,1462,1454
1343,1326,1364,1356,1348,1380,1390,1410,1396,1402,1391,1384,1380,1372,1361,1345,1348,1345,1334,1338,1338,1323,1346,1327,1350,1343,1320,1307,1319,1302,1307,1302,1312,1302,1298,1301,1317,1310,1295,1335,1348,1391,1395,1404,1428,1432,1447,1457,1473,1477,1499,1507,1524,1516,1524,1545,1557,1563,1571,1573,1557,1552,1551,1557,1567,1561,1554,1568,1572,1568,1574,1565,1564,1567,1565,1568,1555,1554,1550,1548,1537,1527,1526,1512,1503,1492,1483,1478,1475,1463,1462,1453,1438,1418,1418,1417,1418,1409,1403,1392,1382,1375,1337,1334,1338,1312,1317,1287,1295,1293,1304,1277,1263,1257,1289,1279,1272,1285,1282,1277,1281,1301,1274,1277,1257,1272,1277,1268,1274,1279,1272,1300,1284,1305,1319,1319,1314,1341,1343,1370,1360,1382,1381,1373,1395,1388,1385,1397,1426,1445,1454,1463,1458,1454,1459,1460,1476,1483,1487,1484,1486,1491,1499,1502,1490,1502,1492,1504,1504,1496,1500,1497,1503,1499,1494,1495,1500,1495,1491,1495,1491,1500,1488,1498,1504,1520,1529,1525,1523,1521,1521,1519,1517,1519,1500,1487,1487,1462,1462,1449,1427,1415,1414,1402,1407,1407,1405,1424,1417,1427,1452,1442,1447,1440,1444,1463,1475,1472
1337,1335,1337,1340,1363,1341,1370,1388,1405,1405,1395,1385,1395,1387,1365,1361,1353,1360,1340,1340,1350,1342,1336,1334,1341,1335,1329,1326,1302,1310,1318,1300,1282,1297,1302,1309,1307,1304,1313,1325,1316,1354,1367,1391,1415,1423,1420,1446,1450,1464,1469,1497,1518,1521,1526,1525,1530,1552,1565,1574,1572,1565,1555,1544,1557,1553,1558,1562,1564,1574,1564,1569,1572,1569,1571,1566,1561,1566,1564,1553,1545,1534,1530,1529,1505,1509,1513,1511,1495,1494,1488,1473,1462,1450,1450,1447,1447,1438,1437,1431,1415,1417,1397,1377,1378,1378,1342,1354,1344,1331,1345,1330,1337,1332,1319,1338,1335,1338,1333,1335,1337,1319,1316,1341,1329,1332,1314,1309,1325,1331,1319,1326,1333,1346,1340,1338,1380,1392,1397,1396,1403,1409,1410,1421,1419,1423,1429,1423,1436,1460,1462,1468,1465,1462,1456,1466,1477,1493,1485,1490,1490,1501,1493,1497,1507,1493,1497,1504,1502,1512,1504,1499,1503,1498,1501,1497,1506,1493,1486,1490,1511,1497,1504,1517,1514,1524,1523,1532,1533,1534,1538,1536,1529,1517,1497,1491,1476,1452,1453,1423,1421,1416,1415,1408,1422,1427,1430,1438,1442,1449,1465,1452,1450,1457,1472,1494,1478,1484
1326,1319,1333,1345,1351,1362,1365,1381,1381,1398,1403,1396,1391,1390,1387,1384,1374,1367,1363,1358,1344,1344,1346,1348,1337,1346,1335,1343,1343,1329,1329,1319,1324,1320,1323,1314,1300,1302,1300,1326,1297,1322,1333,1355,1377,1389,1420,1429,1444,1454,1456,1477,1490,1515,1519,1518,1519,1530,1549,1558,1563,1563,1557,1562,1558,1552,1557,1556,1557,1562,1568,1571,1566,1575,1580,1569,1572,1564,1561,1561,1551,1543,1530,1528,1504,1517,1518,1511,1516,1502,1499,1487,1490,1482,1477,1467,1463,1463,1467,1469,1465,1459,1441,1434,1428,1417,1417,1395,1411,1410,1376,1407,1401,1381,1395,1416,1403,1401,1392,1386,1385,1370,1373,1375,1366,1368,1392,1345,1366,1374,1364,1386,1375,1397,1386,1395,1392,1419,1417,1424,1425,1435,1436,1432,1441,1447,1439,1447,1443,1458,1479,1472,1453,1465,1473,1477,1495,1491,1497,1493,1502,1500,1496,1497,1504,1507,1503,1500,1512,1506,1507,1509,1508,1507,1505,1510,1509,1499,1501,1511,1510,1506,1514,1521,1523,1524,1539,1539,1538,1539,1542,1543,1523,1498,1483,1477,1462,1440,1428,1404,1419,1406,1414,1411,1434,1433,1437,1439,1444,1456,1458,1460,1464,1472,1489,1502,1491,1479
1305,1301,1341,1332,1347,1342,1350,1362,1376,1387,1398,1405,1405,1404,1396,1395,1386,1367,1355,1364,1350,1341,1368,1354,1344,1348,1342,1341,1338,1318,1325,1331,1319,1317,1319,1305,1295,1325,1293,1317,1308,1329,1326,1333,1341,1372,1400,1417,1421,1437,1441,1451,1478,1499,1513,1515,1507,1523,1524,1535,1552,1567,1573,1568,1568,1557,1557,1553,1566,1574,1566,1575,1569,1569,1565,1567,1566,1567,1565,1557,1554,1545,1537,1536,1538,1529,1525,1517,1521,1519,1506,1493,1496,1489,1485,1488,1485,1480,1483,1484,1490,1478,1466,1459,1462,1450,1444,1447,1436,1433,1441,1447,1438,1436,1430,1429,1433,1430,1427,1413,1413,1412,1405,1395,1400,1423,1394,1408,1409,1404,1417,1423,1418,1422,1425,1439,1444,1431,1442,1443,1451,1463,1456,1452,1456,1460,1460,1447,1445,1458,1468,1468,1472,1474,1482,1483,1497,1488,1485,1485,1499,1507,1498,1513,1491,1513,1512,1512,1509,1513,1507,1509,1504,1514,1514,1516,1509,1509,1513,1510,1511,1518,1518,1527,1532,1533,1548,1550,1539,1541,1534,1523,1498,1495,1478,1467,1467,1442,1419,1415,1406,1415,1412,1429,1426,1439,1443,1461,1466,1475,1483,1468,1466,1490,1507,1507,1486,1476
1293,1305,1331,1309,1334,1343,1361,1357,1363,1366,1382,1386,1407,1417,1398,1383,1399,1386,1373,1383,1366,1355,1357,1343,1331,1342,1357,1360,1350,1334,1353,1343,1345,1331,1308,1331,1329,1307,1304,1325,1320,1317,1301,1335,1344,1356,1384,1388,1405,1422,1430,1427,1447,1468,1482,1506,1513,1517,1515,1522,1536,1542,1553,1557,1562,1569,1563,1563,1567,1563,1579,1582,1571,1575,1574,1572,1561,1562,1568,1557,1553,1554,1544,1551,1546,1541,1542,1538,1526,1516,1501,1496,1496,1507,1509,1504,1507,1507,1500,1493,1500,1493,1500,1495,1474,1470,1468,1475,1470,1457,1466,1456,1462,1456,1443,1444,1437,1427,1428,1436,1437,1425,1432,1425,1432,1443,1431,1429,1438,1439,1438,1439,1446,1438,1446,1451,1455,1458,1463,1459,1472,1469,1461,1459,1467,1476,1479,1454,1448,1450,1456,1455,1478,1483,1490,1493,1493,1493,1485,1507,1501,1513,1507,1498,1506,1506,1504,1514,1508,1509,1510,1511,1519,1521,1516,1506,1514,1512,1513,1516,1515,1528,1529,1537,1543,1550,1546,1548,1543,1538,1523,1510,1501,1491,1478,1460,1458,1428,1417,1428,1419,1428,1429,1439,1432,1457,1454,1472,1480,1480,1489,1463,1483,1513,1522,1519,1487,1492
1329,1302,1319,1316,1340,1332,1358,1348,1366,1370,1356,1371,1391,1404,1413,1405,1409,1393,1398,1389,1372,1389,1348,1348,1352,1346,1344,1337,1364,1336,1360,1347,1354,1346,1338,1335,1330,1327,1316,1318,1314,1314,1308,1324,1337,1341,1350,1363,1385,1395,1405,1426,1430,1449,1465,1487,1507,1512,1515,1523,1523,1533,1530,1541,1551,1555,1564,1570,1562,1567,1565,1578,1583,1580,1587,1588,1587,1583,1581,1578,1578,1576,1564,1573,1565,1573,1571,1565,1544,1534,1519,1519,1521,1516,1520,1523,1515,1509,1514,1501,1497,1493,1497,1499,1506,1499,1491,1492,1499,1486,1486,1488,1467,1472,1471,1460,1476,1456,1461,1462,1465,1459,1458,1461,1461,1462,1458,1471,1458,1462,1462,1462,1475,1473,1466,1471,1465,1468,1465,1477,1468,1480,1463,1472,1472,1470,1476,1457,1452,1440,1454,1465,1485,1486,1481,1488,1487,1504,1502,1506,1509,1513,1510,1507,1509,1514,1504,1512,1512,1514,1516,1529,1520,1522,1521,1519,1517,1514,1523,1527,1535,1540,1551,1545,1552,1553,1550,1544,1531,1525,1514,1500,1496,1487,1477,1458,1441,1428,1417,1416,1425,1428,1446,1434,1452,1470,1474,1485,1498,1474,1479,1487,1495,1538,1536,1513,1498,1491
1314,1310,1319,1319,1325,1332,1344,1350,1350,1361,1376,1387,1380,1395,1398,1394,1410,1409,1400,1375,1393,1372,1386,1364,1364,1355,1355,1384,1365,1364,1373,1358,1356,1355,1357,1347,1332,1330,1327,1331,1331,1317,1322,1317,1319,1323,1345,1355,1360,1366,1375,1396,1408,1427,1431,1452,1475,1492,1506,1516,1520,1523,1527,1530,1538,1544,1553,1562,1562,1563,1558,1564,1567,1576,1581,1583,1586,1583,1579,1582,1577,1580,1588,1572,1572,1576,1574,1564,1565,1557,1545,1541,1541,1535,1535,1520,1522,1527,1520,1520,1521,1509,1512,1511,1512,1519,1514,1514,1512,1510,1510,1501,1503,1493,1497,1501,1495,1493,1495,1482,1470,1471,1476,1476,1472,1478,1482,1470,1481,1475,1482,1483,1488,1480,1487,1486,1492,1483,1475,1486,1472,1476,1472,1478,1487,1498,1474,1445,1429,1439,1455,1469,1482,1492,1495,1496,1492,1486,1480,1501,1515,1510,1505,1512,1511,1507,1516,1509,1518,1523,1514,1525,1524,1532,1516,1518,1528,1530,1530,1537,1548,1551,1561,1565,1554,1546,1542,1534,1522,1516,1499,1496,1496,1477,1475,1451,1432,1415,1430,1425,1430,1443,1445,1459,1466,1460,1503,1502,1486,1493,1490,1493,1528,1550,1537,1508,1498,1486
1324,1324,1317,1329,1324,1331,1346,1362,1361,1356,1372,1381,1388,1394,1406,1409,1404,1406,1395,1400,1398,1387,1389,1375,1373,1382,1377,1377,1373,1365,1377,1367,1366,1380,1376,1363,1367,1357,1355,1353,1324,1348,1316,1322,1322,1322,1335,1342,1370,1348,1364,1387,1398,1411,1417,1433,1444,1457,1480,1492,1500,1514,1521,1522,1518,1527,1538,1545,1559,1569,1558,1558,1552,1560,1551,1566,1571,1573,1575,1572,1573,1576,1574,1571,1569,1567,1571,1557,1549,1554,1550,1548,1547,1527,1531,1538,1536,1528,1536,1534,1530,1532,1527,1532,1527,1521,1525,1519,1512,1509,1525,1507,1502,1514,1515,1500,1504,1498,1499,1496,1485,1479,1500,1478,1476,1488,1493,1492,1488,1486,1488,1498,1490,1507,1498,1497,1490,1488,1478,1490,1487,1476,1476,1486,1493,1485,1471,1454,1416,1423,1444,1475,1478,1486,1493,1477,1493,1499,1505,1505,1503,1512,1496,1507,1508,1510,1512,1521,1518,1520,1527,1530,1533,1532,1528,1532,1532,1541,1547,1544,1558,1562,1565,1552,1551,1550,1548,1519,1512,1499,1500,1495,1489,1480,1455,1434,1428,1427,1430,1439,1452,1451,1460,1459,1471,1487,1507,1498,1495,1485,1495,1529,1558,1563,1527,1513,1494,1496
1341,1307,1340,1308,1318,1330,1332,1332,1332,1362,1354,1376,1371,1381,1376,1394,1410,1396,1422,1402,1406,1395,1398,1392,1394,1373,1377,1380,1378,1373,1385,1394,1378,1373,1388,1360,1376,1361,1361,1363,1347,1358,1335,1332,1316,1325,1327,1335,1345,1338,1348,1364,1367,1390,1387,1415,1426,1441,1452,1462,1488,1505,1510,1519,1513,1522,1523,1523,1533,1545,1558,1562,1560,1555,1553,1552,1548,1552,1561,1548,1566,1573,1567,1561,1567,1563,1558,1557,1557,1550,1552,1548,1544,1542,1538,1541,1548,1537,1542,1541,1537,1533,1534,1537,1525,1536,1528,1525,1517,1516,1514,1519,1513,1515,1513,1506,1512,1502,1500,1503,1506,1507,1501,1494,1502,1497,1503,1488,1495,1509,1503,1498,1496,1504,1492,1510,1487,1487,1488,1486,1485,1484,1486,1477,1491,1483,1480,1426,1401,1398,1443,1459,1487,1483,1492,1506,1490,1496,1497,1502,1500,1495,1501,1503,1493,1511,1505,1512,1516,1524,1523,1528,1525,1534,1532,1543,1548,1548,1556,1566,1571,1562,1556,1556,1544,1531,1528,1510,1500,1504,1494,1483,1471,1455,1432,1427,1428,1439,1449,1440,1459,1460,1462,1476,1501,1502,1514,1503,1498,1493,1522,1562,1562,1544,1520,1513,1505,1498
1337,1334,1331,1324,1319,1338,1316,1344,1341,1351,1366,1365,1375,1386,1390,1383,1381,1394,1398,1403,1408,1398,1405,1387,1393,1389,1383,1372,1398,1368,1383,1390,1383,1382,1370,1373,1384,1375,1391,1354,1373,1350,1348,1337,1332,1338,1340,1318,1325,1341,1337,1361,1357,1367,1370,1390,1395,1413,1426,1443,1456,1459,1483,1501,1512,1512,1502,1509,1513,1519,1530,1545,1549,1562,1559,1553,1541,1545,1549,1548,1544,1544,1543,1545,1544,1554,1555,1555,1539,1541,1548,1539,1539,1541,1540,1540,1539,1538,1541,1544,1542,1538,1539,1531,1533,1532,1525,1526,1526,1526,1531,1527,1525,1525,1521,1511,1510,1522,1513,1516,1509,1513,1513,1501,1512,1502,1512,1502,1503,1488,1510,1498,1509,1503,1506,1497,1482,1492,1482,1487,1499,1497,1503,1502,1495,1478,1461,1415,1401,1393,1437,1465,1485,1495,1489,1500,1495,1502,1493,1494,1503,1500,1491,1493,1497,1507,1506,1512,1519,1526,1526,1533,1541,1532,1539,1546,1552,1568,1559,1568,1569,1564,1560,1550,1540,1519,1516,1512,1509,1504,1482,1469,1449,1434,1430,1429,1426,1445,1441,1451,1464,1463,1485,1487,1506,1521,1518,1499,1503,1506,1550,1581,1569,1536,1517,1510,1502,1505
1336,1346,1342,1331,1324,1340,1346,1347,1340,1342,1351,1357,1364,1383,1381,1390,1378,1376,1390,1398,1413,1401,1412,1411,1401,1401,1395,1394,1392,1393,1394,1396,1395,1381,1384,1390,1389,1396,1387,1385,1386,1366,1373,1363,1342,1343,1340,1332,1338,1338,1334,1329,1341,1350,1374,1365,1391,1400,1411,1411,1435,1435,1452,1475,1491,1497,1504,1512,1502,1507,1508,1522,1529,1541,1557,1548,1553,1555,1552,1554,1545,1541,1543,1543,1546,1549,1550,1545,1549,1546,1539,1539,1541,1552,1539,1546,1541,1544,1544,1549,1552,1548,1542,1534,1540,1532,1537,1526,1533,1534,1536,1534,1534,1524,1524,1528,1519,1520,1519,1517,1513,1522,1510,1507,1507,1506,1514,1512,1497,1497,1508,1509,1502,1503,1504,1486,1490,1501,1495,1501,1500,1502,1506,1501,1481,1475,1461,1433,1401,1405,1441,1478,1493,1503,1496,1500,1496,1497,1499,1502,1503,1490,1500,1505,1506,1505,1511,1514,1538,1523,1534,1539,1543,1545,1555,1557,1558,1569,1563,1566,1559,1571,1558,1537,1525,1517,1510,1504,1491,1482,1454,1451,1441,1432,1428,1431,1431,1447,1452,1463,1463,1467,1495,1504,1518,1517,1508,1501,1509,1535,1575,1579,1551,1523,1514,1504,1509,1506
1325,1336,1350,1356,1343,1334,1336,1354,1334,1340,1350,1354,1372,1355,1365,1381,1384,1386,1391,1405,1398,1402,1409,1410,1398,1402,1408,1387,1395,1402,1394,1405,1392,1396,1398,1396,1398,1395,1398,1398,1397,1392,1398,1385,1378,1374,1348,1358,1347,1345,1335,1338,1343,1340,1360,1348,1363,1397,1394,1402,1409,1423,1432,1441,1462,1476,1491,1505,1513,1506,1514,1510,1517,1521,1530,1541,1541,1553,1559,1556,1561,1564,1556,1563,1558,1565,1565,1559,1556,1557,1549,1548,1545,1540,1545,1551,1551,1542,1550,1549,1550,1551,1540,1542,1546,1544,1544,1549,1533,1531,1538,1540,1540,1532,1532,1532,1527,1528,1529,1512,1512,1518,1512,1510,1516,1513,1507,1509,1502,1504,1504,1497,1491,1481,1497,1497,1501,1503,1505,1513,1510,1501,1496,1504,1480,1488,1477,1442,1429,1431,1453,1469,1487,1498,1496,1496,1492,1486,1495,1505,1499,1499,1502,1510,1511,1516,1523,1517,1531,1531,1540,1542,1544,1554,1565,1568,1569,1569,1566,1564,1571,1561,1545,1534,1519,1502,1506,1497,1486,1457,1449,1444,1427,1428,1438,1447,1448,1452,1450,1466,1470,1481,1505,1519,1527,1520,1507,1503,1530,1567,1585,1560,1532,1523,1503,1514,1510,1517
1331,1345,1346,1342,1352,1341,1353,1331,1341,1346,1338,1352,1350,1364,1371,1373,1367,1374,1391,1397,1396,1413,1407,1413,1408,1396,1399,1413,1399,1404,1408,1405,1400,1391,1388,1384,1395,1401,1411,1412,1407,1397,1390,1383,1385,1387,1372,1382,1363,1352,1352,1345,1330,1338,1353,1367,1357,1360,1368,1374,1398,1409,1412,1412,1438,1452,1473,1487,1483,1500,1503,1513,1506,1509,1516,1513,1529,1537,1545,1553,1552,1562,1567,1565,1562,1571,1565,1570,1558,1565,1564,1554,1550,1547,1550,1550,1549,1550,1539,1544,1545,1542,1548,1549,1542,1544,1548,1543,1541,1541,1546,1543,1539,1537,1537,1536,1532,1529,1526,1517,1519,1531,1525,1528,1520,1514,1511,1499,1493,1480,1492,1496,1498,1512,1508,1502,1512,1514,1519,1519,1519,1508,1491,1496,1487,1480,1482,1460,1442,1437,1445,1461,1476,1485,1485,1491,1485,1483,1489,1501,1508,1507,1516,1514,1522,1521,1518,1529,1537,1540,1539,1544,1545,1570,1565,1567,1569,1575,1578,1565,1550,1541,1538,1527,1516,1506,1498,1478,1453,1442,1424,1436,1436,1440,1439,1449,1464,1467,1480,1487,1485,1499,1512,1525,1537,1520,1501,1514,1552,1578,1574,1541,1531,1524,1514,1523,1512,1525
