1301,1279,1272,1275,1270,1274,1255,1279,1267,1263,1259,1281,1272,1289,1308,1333,1385,1425,1453,1482,1506,1533,1557,1575,1605,1630,1658,1672,1679,1688,1683,1696,1685,1673,1671,1658,1650,1636,1628,1620,1604,1585,1568,1550,1516,1488,1457,1413,1371,1323,1281,1282,1277,1257,1257,1226,1253,1251,1249,1253,1236,1214,1238,1263,1231,1249,1249,1275,1257,1255,1245,1238,1247,1251,1275,1281,1208,1275,1268,1282,1285,1277,1295,1293,1308,1298,1301,1298,1323,1317,1301,1310,1319,1340,1324,1313,1309,1323,1307,1317,1313,1330,1325,1329,1313,1302,1323,1282,1281,1272,1272,1272,1284,1284,1272,1274,1245,1263,1290,1261,1263,1267,1243,1268,1243,1231,1241,1279,1253,1287,1324,1425,1617,1746,1599,1398,1302,1281,1261,1259,1249,1241,1263,1259,1279,1275,1287,1272,1272,1275,1275,1290,1241,1214,1241,1220,1228,1257,1220,1238,1223,1205,1188,1214,1205,1157,1181,1192,1208,1152,1223,1148,1152,1173,1188,1152,1195,1192,1148,1173,1205,1148,1181,1205,1198,1169,1188,1226,1208,1236,1295,1344,1365,1434,1460,1483,1510,1535,1537,1551,1550,1553,1543,1532,1529,1534,1535,1533,1527,1504,1493,1495,1510,1501,1505,1513,1501,1506
1287,1268,1279,1238,1255,1267,1275,1259,1275,1268,1257,1257,1284,1316,1319,1346,1397,1429,1473,1495,1528,1545,1569,1592,1626,1653,1668,1672,1680,1686,1689,1685,1681,1668,1662,1651,1641,1628,1619,1606,1587,1564,1548,1527,1514,1478,1425,1365,1324,1289,1255,1236,1249,1226,1214,1208,1257,1245,1220,1249,1226,1228,1214,1205,1220,1241,1228,1236,1236,1247,1274,1231,1243,1265,1249,1292,1270,1285,1272,1275,1274,1270,1285,1268,1261,1298,1281,1300,1320,1324,1320,1284,1317,1336,1329,1329,1308,1313,1304,1313,1312,1317,1314,1298,1282,1301,1301,1297,1298,1292,1287,1304,1281,1275,1272,1263,1249,1234,1241,1245,1231,1231,1220,1241,1228,1247,1234,1253,1267,1287,1293,1364,1402,1408,1362,1324,1265,1282,1247,1243,1263,1268,1255,1274,1275,1253,1292,1305,1263,1267,1255,1277,1251,1226,1198,1247,1255,1255,1245,1208,1238,1185,1165,1192,1173,1161,1169,1177,1165,1188,1152,1133,1188,1181,1136,1198,1173,1169,1181,1181,1143,1181,1202,1192,1185,1092,1181,1173,1234,1198,1277,1282,1356,1395,1429,1456,1484,1507,1530,1542,1547,1542,1540,1530,1538,1530,1538,1538,1527,1509,1477,1490,1512,1511,1513,1504,1512,1506
1285,1287,1265,1263,1263,1274,1275,1263,1263,1279,1268,1274,1301,1298,1335,1371,1402,1439,1480,1512,1540,1557,1588,1612,1645,1657,1668,1680,1686,1689,1693,1688,1676,1669,1661,1638,1640,1623,1608,1592,1571,1547,1532,1530,1526,1516,1450,1360,1302,1279,1263,1259,1251,1257,1226,1251,1267,1253,1261,1228,1228,1249,1274,1228,1214,1217,1228,1228,1251,1226,1228,1253,1263,1255,1274,1279,1277,1268,1287,1249,1274,1211,1275,1263,1272,1298,1308,1332,1337,1330,1323,1318,1342,1357,1396,1398,1370,1316,1323,1305,1314,1326,1318,1329,1316,1326,1308,1292,1316,1312,1281,1290,1265,1265,1261,1245,1275,1267,1249,1249,1265,1263,1259,1245,1247,1220,1249,1259,1284,1287,1295,1301,1302,1275,1287,1263,1238,1267,1226,1247,1253,1263,1249,1253,1261,1267,1255,1263,1243,1238,1268,1261,1249,1236,1214,1231,1245,1241,1259,1234,1181,1195,1223,1198,1173,1157,1169,1202,1161,1198,1188,1173,1188,1148,1177,1177,1181,1173,1133,1133,1181,1130,1195,1198,1161,1188,1139,1092,1169,1169,1245,1263,1310,1348,1405,1432,1465,1501,1513,1526,1529,1546,1542,1538,1527,1530,1530,1538,1520,1505,1484,1492,1508,1514,1511,1503,1506,1503
1277,1261,1265,1253,1241,1245,1259,1261,1253,1249,1275,1287,1284,1317,1338,1389,1425,1466,1493,1530,1550,1582,1603,1629,1651,1670,1675,1682,1690,1695,1690,1682,1664,1659,1655,1633,1628,1608,1599,1574,1552,1528,1508,1518,1533,1530,1487,1371,1304,1298,1247,1211,1234,1245,1228,1236,1238,1198,1257,1231,1251,1202,1255,1226,1226,1247,1234,1236,1208,1226,1247,1211,1238,1257,1253,1263,1268,1238,1265,1272,1249,1274,1287,1282,1290,1285,1277,1310,1319,1331,1317,1354,1399,1454,1572,1580,1490,1381,1352,1337,1335,1333,1314,1333,1336,1345,1318,1312,1348,1361,1329,1293,1272,1284,1243,1261,1263,1241,1261,1267,1265,1274,1236,1241,1243,1257,1268,1274,1281,1285,1302,1300,1277,1243,1257,1255,1241,1231,1251,1281,1265,1265,1251,1279,1249,1277,1257,1287,1282,1277,1255,1249,1251,1245,1217,1249,1253,1243,1234,1231,1202,1181,1208,1214,1198,1211,1211,1173,1143,1139,1188,1169,1198,1188,1173,1169,1165,1127,1157,1157,1152,1173,1161,1205,1188,1161,1169,1177,1198,1226,1217,1257,1277,1331,1382,1410,1454,1475,1498,1523,1522,1539,1534,1531,1535,1538,1534,1535,1533,1519,1499,1499,1516,1517,1513,1514,1508,1512
1263,1231,1249,1220,1259,1236,1261,1263,1257,1265,1275,1277,1290,1341,1378,1398,1439,1483,1506,1545,1561,1583,1616,1644,1661,1673,1679,1690,1697,1690,1683,1674,1666,1661,1649,1636,1615,1601,1588,1561,1530,1508,1473,1470,1495,1496,1461,1378,1274,1270,1208,1238,1241,1251,1247,1228,1226,1220,1228,1238,1205,1228,1185,1205,1226,1238,1238,1214,1253,1205,1236,1226,1228,1253,1255,1249,1257,1255,1270,1259,1255,1251,1261,1290,1274,1287,1289,1287,1310,1326,1314,1358,1450,1670,1908,1892,1655,1457,1377,1341,1338,1338,1337,1341,1370,1344,1326,1316,1365,1385,1335,1295,1285,1282,1293,1268,1267,1285,1257,1270,1270,1243,1257,1255,1243,1243,1261,1265,1247,1228,1259,1287,1263,1220,1257,1257,1241,1257,1236,1265,1270,1243,1259,1255,1261,1274,1302,1285,1257,1259,1255,1245,1255,1267,1241,1236,1257,1243,1231,1231,1198,1185,1130,1143,1205,1173,1157,1165,1148,1188,1152,1157,1157,1143,1122,1143,1188,1148,1157,1173,1152,1161,1231,1075,1205,1202,1198,1188,1143,1228,1211,1245,1241,1282,1336,1391,1416,1454,1481,1515,1523,1527,1532,1542,1542,1535,1538,1536,1539,1526,1512,1506,1512,1521,1529,1514,1515,1512
1268,1253,1245,1251,1253,1263,1249,1267,1270,1263,1268,1289,1297,1346,1380,1421,1469,1508,1528,1551,1575,1608,1639,1659,1670,1684,1689,1690,1690,1690,1684,1675,1661,1648,1634,1623,1615,1586,1573,1543,1513,1488,1447,1423,1408,1414,1380,1313,1253,1249,1257,1173,1205,1238,1208,1217,1249,1265,1188,1245,1243,1247,1243,1223,1211,1177,1208,1234,1234,1198,1249,1228,1228,1234,1247,1259,1257,1251,1261,1249,1253,1279,1275,1275,1285,1279,1289,1287,1304,1340,1347,1351,1491,1804,2007,2003,1731,1483,1398,1374,1360,1370,1393,1406,1441,1425,1378,1346,1345,1358,1348,1317,1318,1287,1287,1274,1275,1284,1281,1274,1275,1268,1270,1267,1267,1261,1287,1319,1279,1247,1275,1279,1263,1241,1238,1253,1228,1236,1265,1293,1289,1261,1259,1228,1251,1275,1290,1287,1270,1261,1255,1259,1265,1255,1261,1272,1270,1255,1247,1245,1211,1181,1169,1217,1188,1198,1143,1152,1185,1148,1133,1205,1192,1092,1161,1136,1181,1173,1152,1157,1133,1198,1181,1148,1198,1198,1208,1143,1169,1143,1143,1238,1214,1245,1319,1361,1383,1444,1468,1488,1504,1520,1530,1534,1533,1533,1534,1528,1528,1528,1520,1521,1502,1523,1513,1527,1518,1515
1251,1223,1236,1257,1245,1243,1247,1247,1275,1265,1268,1285,1330,1356,1403,1440,1473,1515,1544,1569,1599,1625,1652,1669,1681,1695,1692,1690,1697,1685,1679,1668,1655,1641,1635,1617,1598,1580,1548,1520,1494,1454,1417,1398,1365,1336,1309,1285,1241,1234,1238,1236,1236,1245,1253,1195,1243,1270,1243,1226,1231,1214,1228,1211,1195,1223,1157,1205,1211,1195,1279,1255,1257,1247,1263,1243,1259,1268,1245,1253,1251,1265,1302,1293,1304,1290,1275,1298,1300,1318,1335,1347,1443,1688,1891,1864,1611,1442,1371,1389,1382,1378,1440,1600,1727,1644,1472,1392,1345,1340,1330,1341,1324,1329,1298,1300,1282,1304,1310,1287,1301,1295,1290,1277,1268,1300,1341,1382,1319,1277,1265,1300,1304,1270,1241,1245,1247,1259,1270,1268,1287,1259,1281,1287,1287,1265,1312,1310,1297,1268,1272,1261,1272,1268,1241,1259,1272,1249,1217,1243,1192,1220,1211,1173,1136,1173,1228,1152,1173,1139,1205,1208,1205,1127,1152,1143,1161,1238,1195,1152,1115,1152,1053,1139,1173,1195,1173,1181,1169,1208,1185,1205,1214,1211,1274,1326,1370,1412,1444,1471,1492,1511,1526,1531,1540,1528,1530,1527,1516,1527,1524,1520,1508,1513,1530,1525,1516,1522
1281,1238,1243,1226,1231,1245,1272,1268,1270,1292,1293,1312,1344,1363,1434,1463,1491,1528,1557,1588,1609,1638,1664,1678,1682,1693,1691,1689,1691,1685,1679,1667,1644,1638,1624,1598,1582,1567,1537,1500,1466,1425,1377,1354,1336,1333,1287,1247,1263,1243,1226,1226,1245,1217,1261,1289,1300,1270,1245,1253,1198,1255,1236,1185,1208,1211,1220,1236,1192,1226,1238,1241,1238,1249,1245,1247,1253,1277,1220,1259,1274,1253,1282,1304,1293,1305,1301,1274,1317,1325,1342,1361,1388,1452,1560,1543,1456,1385,1374,1381,1383,1400,1465,1739,1945,1917,1667,1448,1382,1374,1365,1375,1350,1340,1308,1293,1323,1302,1316,1300,1309,1300,1289,1282,1312,1337,1390,1424,1395,1310,1290,1287,1265,1243,1263,1220,1249,1226,1220,1259,1261,1263,1272,1289,1316,1335,1386,1415,1343,1284,1270,1247,1259,1251,1245,1267,1265,1214,1241,1243,1205,1249,1241,1205,1152,1136,1217,1173,1223,1127,1181,1148,1161,1177,1115,1136,1173,1211,1173,1139,1139,1136,1205,1092,1173,1185,1181,1177,1157,1211,1202,1161,1165,1205,1243,1282,1330,1381,1421,1445,1482,1506,1522,1529,1532,1541,1532,1527,1526,1533,1533,1528,1519,1517,1523,1529,1524,1527
1270,1238,1255,1238,1249,1247,1259,1270,1282,1287,1281,1329,1347,1396,1443,1477,1514,1541,1571,1601,1629,1656,1670,1681,1691,1691,1697,1696,1689,1679,1671,1659,1645,1630,1616,1591,1573,1550,1510,1488,1436,1395,1356,1324,1302,1301,1247,1265,1272,1241,1208,1226,1238,1220,1305,1390,1420,1386,1275,1270,1257,1192,1241,1238,1217,1185,1195,1177,1231,1249,1257,1241,1270,1263,1261,1268,1270,1217,1241,1272,1268,1263,1274,1289,1292,1289,1285,1295,1312,1317,1338,1346,1345,1364,1390,1404,1407,1404,1409,1427,1435,1428,1447,1672,1937,1975,1773,1487,1413,1430,1435,1423,1402,1366,1353,1332,1322,1322,1335,1325,1327,1334,1318,1298,1304,1350,1361,1420,1380,1327,1279,1251,1253,1245,1268,1251,1249,1245,1231,1205,1255,1247,1265,1285,1281,1385,1511,1568,1458,1354,1302,1251,1243,1259,1270,1243,1253,1208,1228,1217,1236,1226,1243,1139,1161,1220,1238,1211,1220,1195,1148,1192,1105,1139,1127,1169,1139,1105,1139,1130,1152,1157,1161,1165,1188,1177,1169,1202,1169,1198,1157,1030,1198,1165,1208,1226,1292,1341,1405,1439,1465,1495,1515,1512,1528,1542,1539,1535,1525,1538,1531,1521,1519,1514,1521,1525,1527,1526
1247,1234,1249,1226,1249,1241,1259,1255,1270,1293,1282,1333,1357,1422,1462,1507,1526,1552,1578,1606,1641,1659,1681,1685,1689,1692,1689,1685,1685,1667,1661,1654,1641,1633,1596,1583,1548,1523,1488,1457,1421,1365,1336,1292,1274,1279,1274,1249,1238,1238,1234,1238,1249,1268,1316,1432,1490,1507,1408,1289,1231,1231,1241,1236,1192,1236,1238,1261,1188,1236,1231,1253,1223,1274,1217,1238,1247,1251,1251,1281,1267,1272,1275,1274,1308,1289,1307,1317,1372,1336,1331,1335,1342,1340,1346,1358,1383,1400,1499,1650,1654,1535,1486,1523,1708,1800,1668,1464,1441,1498,1620,1617,1488,1409,1353,1346,1337,1333,1342,1376,1385,1352,1341,1320,1308,1318,1305,1351,1331,1304,1289,1259,1253,1253,1236,1268,1245,1198,1267,1249,1265,1270,1292,1270,1292,1443,1742,1881,1724,1471,1347,1281,1272,1285,1247,1249,1223,1220,1226,1192,1169,1188,1198,1173,1173,1211,1185,1198,1188,1148,1161,1053,1136,1136,1181,1152,1105,1122,1148,1127,1030,1165,1115,1133,1148,1122,1130,1173,1169,1133,1181,1143,1139,1185,1217,1214,1249,1316,1357,1415,1449,1482,1499,1514,1521,1534,1530,1539,1534,1536,1538,1529,1527,1519,1518,1534,1525,1516
1236,1220,1231,1241,1231,1236,1268,1268,1247,1279,1318,1348,1406,1441,1486,1512,1548,1566,1587,1620,1651,1667,1684,1689,1693,1692,1683,1687,1679,1675,1663,1643,1634,1624,1588,1568,1540,1507,1468,1421,1390,1347,1284,1287,1282,1257,1253,1261,1241,1241,1247,1226,1220,1259,1270,1384,1495,1513,1443,1326,1223,1228,1188,1205,1161,1188,1188,1226,1185,1223,1217,1220,1241,1234,1238,1226,1223,1226,1259,1259,1261,1270,1265,1289,1284,1302,1323,1348,1407,1347,1329,1357,1338,1346,1372,1383,1390,1416,1574,1818,1893,1762,1612,1585,1521,1525,1513,1430,1443,1574,1753,1792,1631,1454,1398,1365,1354,1352,1367,1376,1389,1372,1353,1324,1309,1302,1300,1298,1320,1313,1297,1301,1267,1268,1267,1253,1263,1261,1257,1259,1268,1281,1293,1272,1331,1480,1804,1927,1753,1503,1363,1289,1285,1272,1282,1261,1249,1234,1192,1220,1165,1217,1202,1188,1205,1195,1161,1148,1177,1177,1185,1177,1157,1173,1148,1169,1181,1152,1148,1122,1127,1165,1161,1185,1130,1133,1161,1148,1143,1075,1133,1075,1165,1165,1185,1161,1220,1268,1333,1383,1436,1454,1479,1497,1518,1525,1530,1540,1537,1528,1531,1527,1537,1519,1522,1532,1528,1529
1241,1238,1238,1223,1245,1231,1249,1270,1267,1285,1318,1370,1417,1455,1496,1530,1557,1579,1603,1630,1659,1669,1681,1690,1697,1686,1683,1678,1670,1666,1653,1643,1625,1602,1572,1551,1519,1493,1445,1405,1352,1298,1272,1259,1228,1241,1217,1236,1238,1236,1214,1247,1217,1241,1220,1265,1367,1416,1370,1282,1234,1217,1208,1205,1231,1208,1198,1253,1231,1211,1234,1257,1265,1217,1255,1236,1243,1247,1231,1263,1267,1282,1251,1295,1338,1364,1366,1335,1325,1329,1341,1345,1348,1391,1365,1392,1402,1426,1520,1760,1904,1860,1693,1592,1519,1502,1500,1446,1485,1595,1760,1818,1696,1501,1414,1372,1370,1358,1360,1358,1378,1368,1319,1293,1312,1314,1293,1308,1332,1324,1322,1314,1313,1298,1261,1275,1243,1261,1270,1265,1251,1263,1272,1304,1335,1432,1588,1652,1537,1405,1333,1289,1274,1301,1272,1267,1228,1211,1195,1217,1165,1188,1205,1195,1192,1157,1152,1157,1192,1053,1188,1195,1139,1161,1202,1211,1173,1161,1177,1152,1169,1075,1185,1195,1188,1122,1161,1133,1165,1157,1143,1130,1105,1161,1177,1169,1181,1270,1287,1334,1414,1435,1475,1495,1499,1517,1535,1542,1546,1544,1531,1542,1536,1534,1535,1533,1521,1525
1223,1223,1217,1228,1228,1249,1261,1284,1281,1318,1345,1381,1428,1468,1512,1539,1568,1594,1625,1649,1663,1676,1684,1697,1692,1689,1678,1681,1668,1660,1641,1633,1611,1588,1563,1534,1505,1465,1421,1383,1324,1292,1272,1257,1228,1238,1249,1236,1211,1243,1231,1228,1238,1236,1249,1277,1292,1270,1249,1220,1249,1241,1220,1198,1161,1195,1228,1214,1247,1205,1228,1228,1253,1241,1253,1245,1243,1247,1220,1277,1275,1295,1292,1330,1364,1429,1425,1365,1342,1344,1330,1364,1383,1384,1391,1395,1405,1427,1452,1551,1694,1723,1655,1611,1505,1479,1453,1439,1553,1717,1771,1720,1622,1485,1402,1393,1382,1365,1356,1337,1348,1350,1320,1338,1364,1347,1317,1313,1316,1326,1324,1331,1304,1297,1281,1268,1259,1281,1285,1281,1295,1268,1290,1251,1316,1333,1345,1365,1340,1272,1279,1293,1274,1272,1289,1257,1243,1226,1231,1205,1185,1188,1143,1165,1202,1195,1169,1157,1173,1188,1173,1148,1133,1136,1192,1198,1115,1133,1139,1105,1157,1169,1173,1173,1188,1211,1263,1161,1130,1136,1152,1105,1143,1165,1148,1188,1148,1243,1255,1316,1368,1419,1452,1468,1505,1515,1523,1537,1545,1544,1545,1540,1548,1545,1532,1532,1538,1527
1238,1255,1251,1202,1255,1234,1255,1247,1289,1324,1361,1394,1439,1482,1513,1553,1583,1605,1626,1658,1674,1679,1688,1696,1693,1684,1676,1670,1667,1650,1639,1622,1600,1573,1550,1513,1473,1449,1393,1345,1297,1268,1231,1245,1236,1208,1234,1214,1234,1220,1263,1192,1223,1241,1253,1251,1249,1234,1228,1234,1267,1217,1214,1205,1236,1236,1238,1238,1234,1214,1236,1217,1247,1228,1238,1245,1257,1284,1217,1307,1330,1317,1340,1380,1454,1497,1502,1449,1360,1355,1368,1383,1419,1432,1417,1419,1416,1415,1425,1461,1487,1513,1528,1496,1431,1418,1421,1447,1553,1730,1779,1642,1527,1469,1417,1393,1381,1348,1361,1374,1360,1338,1338,1338,1337,1318,1331,1337,1319,1318,1309,1309,1329,1304,1297,1245,1282,1270,1277,1290,1318,1282,1257,1282,1279,1307,1292,1279,1285,1268,1272,1263,1304,1247,1263,1234,1238,1226,1205,1228,1115,1177,1169,1136,1139,1165,1130,1161,1195,1188,1188,1139,1157,1139,1130,1139,1152,1148,1127,1115,924,1185,1169,1188,1169,1205,1192,1173,1136,1136,1136,1105,1148,1139,1152,1148,1202,1188,1245,1277,1343,1397,1422,1469,1487,1518,1518,1530,1539,1548,1546,1543,1544,1535,1538,1539,1534,1527
1241,1236,1249,1231,1268,1257,1277,1268,1275,1329,1358,1412,1468,1509,1542,1571,1594,1621,1650,1668,1688,1689,1690,1697,1690,1680,1666,1673,1655,1643,1634,1613,1582,1560,1523,1496,1460,1413,1377,1325,1295,1261,1228,1205,1208,1192,1238,1247,1198,1236,1236,1214,1208,1205,1226,1226,1226,1202,1185,1202,1231,1234,1214,1217,1228,1211,1188,1208,1220,1236,1241,1268,1220,1263,1272,1279,1220,1259,1263,1313,1383,1340,1365,1486,1645,1702,1622,1480,1405,1385,1387,1427,1488,1527,1520,1454,1434,1420,1409,1416,1419,1409,1414,1409,1402,1404,1435,1465,1550,1698,1718,1582,1525,1477,1456,1413,1393,1380,1384,1387,1373,1346,1363,1388,1362,1360,1363,1340,1336,1330,1325,1301,1341,1335,1301,1295,1289,1279,1267,1308,1465,1364,1301,1305,1320,1293,1290,1274,1285,1290,1289,1253,1275,1238,1234,1226,1211,1217,1185,1177,1136,1157,1152,1157,1143,1139,1143,1195,1192,1217,1188,1122,1185,1157,1177,1148,1136,1143,1188,898,1152,1157,1115,1075,1192,1169,1241,1181,1157,1136,1130,1169,1177,1133,1173,1173,1173,1202,1249,1261,1305,1366,1415,1443,1480,1497,1524,1525,1530,1551,1536,1543,1542,1536,1548,1540,1538,1542
1245,1223,1247,1211,1214,1270,1284,1284,1302,1344,1392,1447,1478,1527,1560,1572,1610,1635,1658,1676,1685,1690,1700,1698,1683,1668,1666,1662,1655,1635,1627,1592,1578,1543,1511,1472,1434,1396,1335,1287,1251,1247,1228,1238,1211,1272,1251,1234,1231,1208,1236,1223,1220,1226,1228,1226,1238,1265,1188,1226,1228,1241,1226,1214,1208,1195,1198,1217,1231,1238,1228,1228,1231,1226,1234,1275,1270,1253,1274,1319,1367,1342,1383,1561,1768,1845,1792,1588,1448,1417,1410,1450,1532,1578,1570,1496,1450,1431,1417,1403,1418,1409,1421,1409,1416,1425,1440,1478,1609,1828,1833,1621,1541,1486,1465,1449,1441,1420,1401,1410,1383,1388,1395,1396,1361,1370,1368,1382,1351,1360,1330,1316,1335,1360,1316,1309,1331,1322,1298,1307,1348,1325,1307,1308,1290,1290,1275,1301,1263,1279,1295,1265,1267,1249,1241,1228,1253,1202,1214,1198,1202,1205,1173,1165,1161,1188,1143,1211,1211,1211,1177,1148,1173,1181,1173,1139,1185,1139,1195,1152,1127,1092,1075,1161,1136,1115,1177,1152,1181,1115,1192,1136,1152,1165,1165,1122,1136,1188,1223,1265,1259,1323,1377,1418,1466,1483,1500,1511,1526,1540,1531,1534,1536,1550,1538,1549,1541,1543
1234,1241,1243,1236,1214,1255,1268,1305,1332,1363,1405,1466,1510,1536,1566,1590,1617,1645,1661,1680,1684,1691,1697,1693,1681,1668,1666,1657,1647,1634,1616,1596,1567,1525,1486,1458,1413,1375,1313,1253,1261,1247,1198,1234,1192,1247,1243,1253,1236,1226,1236,1231,1251,1268,1287,1251,1214,1243,1208,1198,1214,1217,1236,1192,1211,1139,1251,1220,1226,1255,1234,1247,1238,1253,1243,1243,1257,1267,1267,1316,1324,1333,1361,1541,1771,1868,1824,1648,1460,1429,1430,1449,1505,1589,1585,1499,1458,1425,1430,1422,1434,1441,1440,1440,1417,1428,1442,1487,1601,1840,1865,1638,1517,1476,1461,1475,1481,1455,1450,1455,1429,1430,1429,1431,1395,1398,1389,1380,1364,1352,1346,1326,1333,1333,1309,1298,1326,1348,1340,1293,1290,1295,1265,1329,1333,1312,1298,1289,1300,1320,1300,1281,1263,1245,1247,1226,1220,1157,1231,1192,1177,1173,1185,1169,1169,1195,1195,1205,1198,1195,1192,1157,1143,1185,1092,1169,1165,1130,1185,1161,1165,1136,1105,1133,1133,1148,1136,1139,1075,1004,951,1130,1136,1105,1127,1136,1143,1195,1185,1211,1267,1302,1347,1405,1430,1465,1476,1501,1510,1526,1538,1530,1539,1535,1534,1540,1544,1539
1261,1205,1253,1223,1238,1251,1257,1324,1341,1396,1438,1470,1512,1546,1571,1605,1626,1655,1668,1680,1695,1698,1702,1692,1676,1661,1667,1658,1641,1627,1608,1583,1549,1512,1476,1437,1387,1338,1297,1234,1214,1245,1228,1208,1211,1198,1214,1198,1228,1208,1234,1243,1253,1241,1253,1220,1236,1181,1238,1211,1238,1208,1211,1231,1214,1205,1217,1220,1226,1188,1223,1234,1228,1247,1234,1245,1243,1247,1253,1290,1307,1325,1352,1445,1628,1762,1742,1598,1476,1427,1434,1436,1483,1554,1571,1544,1496,1447,1443,1447,1467,1465,1460,1454,1458,1458,1475,1489,1553,1730,1766,1604,1507,1492,1486,1480,1491,1499,1515,1526,1483,1452,1454,1471,1439,1432,1419,1399,1386,1372,1357,1351,1313,1317,1325,1310,1338,1340,1340,1300,1300,1277,1305,1360,1403,1358,1319,1297,1316,1344,1324,1301,1270,1243,1226,1238,1205,1228,1205,1181,1165,1181,1188,1177,1205,1181,1188,1202,1202,1148,1161,1152,1092,1133,1169,1177,1161,1115,1157,1139,951,1133,1136,1130,1136,1115,1136,1127,1133,1169,1127,1143,1152,1173,1092,1148,1181,1169,1177,1188,1263,1275,1343,1387,1414,1451,1472,1503,1514,1522,1532,1533,1533,1529,1542,1538,1538,1539
1231,1223,1217,1234,1243,1261,1279,1318,1360,1403,1443,1495,1531,1556,1586,1612,1642,1655,1680,1686,1696,1702,1707,1691,1671,1658,1659,1650,1638,1617,1597,1571,1529,1488,1447,1418,1353,1304,1259,1223,1198,1220,1195,1192,1198,1202,1195,1238,1241,1231,1211,1241,1249,1251,1251,1265,1228,1238,1192,1181,1161,1208,1198,1228,1231,1238,1231,1241,1223,1255,1223,1234,1220,1253,1234,1228,1282,1277,1282,1302,1308,1331,1365,1408,1454,1551,1565,1479,1439,1422,1440,1490,1565,1695,1805,1718,1560,1502,1489,1492,1500,1492,1500,1500,1501,1504,1509,1513,1526,1566,1589,1541,1516,1512,1506,1506,1515,1541,1570,1554,1505,1454,1461,1491,1480,1470,1461,1450,1426,1412,1391,1373,1347,1325,1305,1307,1336,1340,1342,1330,1302,1290,1304,1317,1308,1320,1309,1290,1307,1347,1327,1305,1275,1245,1231,1192,1139,1251,1177,1177,1122,1202,1169,1177,1165,1152,1173,1165,1185,1127,1148,1185,1152,1173,1136,1092,1105,1127,1173,1133,1133,1130,1143,1092,1181,1139,1075,1181,1139,1130,1105,1152,1148,1143,1148,1173,1169,1148,1211,1226,1198,1277,1324,1366,1399,1431,1461,1486,1514,1527,1535,1529,1524,1525,1535,1535,1530,1534
1275,1202,1238,1208,1236,1259,1290,1335,1357,1423,1461,1506,1544,1571,1604,1620,1645,1667,1683,1695,1701,1700,1701,1687,1668,1659,1654,1640,1625,1621,1585,1550,1505,1470,1421,1383,1326,1293,1236,1241,1205,1198,1181,1173,1234,1211,1238,1188,1228,1195,1236,1220,1247,1251,1287,1259,1214,1195,1173,1192,1211,1223,1226,1226,1177,1205,1241,1202,1214,1249,1238,1245,1195,1253,1241,1251,1249,1272,1295,1308,1329,1329,1356,1402,1408,1413,1406,1407,1415,1429,1450,1509,1665,1971,2007,2007,1686,1572,1551,1527,1503,1528,1562,1545,1548,1580,1595,1546,1531,1525,1535,1539,1531,1529,1537,1536,1546,1585,1601,1589,1546,1493,1486,1521,1532,1514,1512,1532,1563,1554,1458,1390,1382,1367,1335,1322,1302,1329,1324,1338,1309,1309,1316,1357,1310,1304,1284,1282,1301,1323,1308,1310,1265,1243,1208,1228,1202,1173,1205,1161,1173,1157,1202,1139,1152,1185,1177,1143,1115,1127,1136,1143,1157,1092,1004,1148,1143,1139,1133,1161,1152,1130,1105,1139,1161,1188,1152,1133,1004,1143,1127,1053,1136,1053,1127,1133,1130,1161,1177,1173,1217,1214,1268,1350,1384,1419,1447,1478,1500,1520,1528,1532,1524,1521,1537,1528,1535,1534
1231,1236,1251,1247,1270,1272,1312,1345,1396,1427,1480,1527,1564,1585,1610,1640,1657,1681,1692,1699,1702,1706,1701,1678,1664,1648,1648,1635,1614,1595,1568,1541,1481,1452,1405,1345,1322,1243,1217,1185,1220,1211,1214,1217,1205,1195,1198,1231,1161,1208,1208,1241,1241,1241,1282,1234,1243,1220,1208,1202,1220,1169,1173,1208,1208,1220,1249,1234,1208,1214,1226,1234,1192,1243,1265,1295,1281,1289,1305,1327,1329,1353,1365,1388,1386,1390,1394,1404,1409,1443,1489,1539,1747,2007,2007,2007,1783,1600,1583,1567,1542,1577,1632,1630,1592,1600,1645,1583,1554,1542,1543,1548,1552,1563,1561,1549,1596,1616,1604,1607,1606,1587,1563,1582,1582,1570,1564,1633,1704,1688,1568,1439,1390,1364,1356,1346,1332,1322,1352,1357,1318,1316,1385,1511,1447,1310,1309,1261,1275,1274,1261,1245,1214,1238,1211,1198,1177,1228,1188,1173,1188,1177,1133,1188,1030,1143,1188,1211,1198,1136,1188,1139,1169,1185,1143,1122,1173,1122,1136,1139,1143,1105,1115,1122,964,1105,1148,1133,1105,1152,1127,1122,1133,1075,1122,1169,1161,1165,1143,1202,1198,1226,1261,1319,1364,1411,1430,1466,1497,1516,1527,1529,1533,1522,1528,1524,1536,1532
1241,1226,1231,1253,1277,1290,1316,1361,1389,1437,1491,1541,1571,1594,1623,1647,1665,1680,1687,1701,1706,1705,1700,1678,1658,1650,1642,1629,1612,1590,1554,1519,1478,1430,1374,1318,1292,1241,1236,1226,1208,1181,1195,1198,1211,1220,1202,1231,1228,1152,1177,1220,1238,1234,1265,1279,1208,1185,1241,1192,1185,1185,1211,1161,1223,1226,1313,1268,1236,1245,1217,1236,1249,1251,1313,1381,1345,1292,1309,1319,1331,1348,1384,1395,1395,1391,1410,1419,1439,1480,1530,1569,1680,1996,2007,2007,1818,1615,1604,1604,1578,1576,1642,1696,1669,1627,1680,1619,1565,1549,1552,1561,1566,1592,1596,1576,1593,1613,1622,1646,1652,1662,1625,1594,1579,1572,1572,1664,1727,1720,1617,1478,1414,1390,1364,1366,1342,1343,1351,1340,1326,1310,1397,1528,1405,1344,1298,1282,1259,1268,1267,1249,1228,1247,1220,1217,1195,1217,1148,1185,1152,1181,1169,1169,1169,1157,1188,1181,1181,1139,1115,1181,1152,1143,1133,1130,1136,1177,1092,1152,1157,1185,951,978,1136,1177,1136,1133,1092,1136,1157,1127,1143,1115,1143,1139,1169,1157,1136,1139,1152,1236,1214,1281,1331,1398,1423,1458,1486,1510,1521,1526,1546,1530,1529,1531,1531,1523
1243,1249,1272,1251,1255,1281,1323,1373,1415,1448,1509,1540,1582,1605,1639,1659,1672,1690,1695,1700,1701,1707,1692,1672,1664,1643,1629,1616,1596,1578,1545,1503,1463,1419,1360,1304,1268,1241,1211,1241,1238,1247,1195,1181,1223,1195,1205,1165,1188,1214,1205,1188,1236,1234,1231,1234,1205,1236,1217,1169,1205,1241,1238,1192,1195,1231,1308,1297,1226,1217,1241,1259,1226,1275,1310,1360,1326,1308,1325,1329,1350,1342,1383,1398,1381,1394,1419,1449,1478,1533,1584,1623,1636,1800,1997,1948,1779,1653,1640,1639,1601,1566,1594,1645,1646,1612,1635,1581,1516,1530,1565,1571,1588,1608,1621,1596,1585,1595,1614,1639,1680,1754,1694,1589,1526,1505,1499,1586,1670,1668,1585,1512,1452,1413,1413,1366,1364,1375,1358,1361,1333,1326,1343,1337,1326,1312,1293,1270,1265,1259,1214,1236,1228,1195,1205,1165,1165,1198,1234,1173,1136,1195,1185,1161,1165,1148,1136,1115,1157,1152,1139,1030,1173,1181,1173,1157,1161,1127,1161,1169,1133,1165,1133,1133,1115,1143,1122,1152,1157,1161,1133,1105,1075,1130,1143,1188,1127,1157,1148,1161,1122,1130,1208,1236,1302,1353,1406,1440,1475,1506,1515,1527,1529,1541,1534,1525,1524,1526
1245,1220,1253,1272,1279,1304,1325,1381,1419,1481,1520,1560,1597,1613,1650,1659,1676,1694,1702,1706,1712,1709,1694,1672,1657,1646,1628,1607,1587,1562,1535,1491,1452,1400,1344,1292,1263,1236,1226,1192,1223,1243,1217,1192,1202,1185,1202,1238,1198,1208,1234,1208,1208,1226,1223,1226,1243,1228,1195,1205,1188,1217,1165,1211,1249,1223,1284,1298,1251,1234,1208,1243,1241,1259,1279,1292,1293,1318,1332,1338,1353,1360,1368,1390,1407,1405,1434,1461,1519,1607,1701,1744,1700,1713,1790,1786,1720,1680,1670,1665,1621,1569,1574,1596,1605,1596,1581,1516,1472,1490,1551,1588,1617,1610,1603,1592,1581,1573,1588,1616,1696,1762,1696,1600,1526,1456,1438,1498,1560,1585,1543,1512,1460,1422,1405,1368,1375,1423,1428,1409,1361,1332,1312,1319,1308,1279,1284,1268,1228,1261,1211,1253,1223,1211,1198,1192,1217,1177,1152,1208,1152,1165,1139,1139,1192,1185,1136,1152,1139,1161,1127,1130,1136,1181,1130,1161,1130,1148,1127,1157,1165,1133,1165,1161,1143,1075,1173,1130,1143,1165,1127,1105,1152,1139,1192,1152,1122,951,1130,924,1139,1195,1165,1217,1279,1327,1390,1429,1462,1498,1511,1525,1533,1539,1534,1519,1515,1515
1228,1228,1268,1259,1257,1317,1352,1402,1430,1487,1532,1571,1600,1622,1650,1666,1682,1696,1704,1704,1707,1703,1692,1671,1653,1641,1615,1604,1583,1549,1507,1475,1428,1384,1332,1261,1275,1228,1202,1211,1228,1161,1198,1238,1228,1231,1205,1173,1192,1195,1192,1192,1211,1205,1238,1223,1181,1238,1228,1217,1217,1185,1226,1195,1220,1214,1234,1281,1245,1217,1259,1238,1253,1249,1274,1274,1323,1341,1344,1355,1372,1372,1392,1416,1415,1450,1455,1473,1542,1657,1837,1947,1840,1738,1710,1694,1654,1636,1676,1668,1597,1557,1575,1604,1612,1620,1612,1549,1509,1518,1561,1592,1611,1596,1605,1597,1591,1551,1557,1623,1765,1805,1698,1615,1575,1510,1465,1507,1556,1579,1540,1479,1425,1409,1409,1405,1462,1542,1562,1520,1443,1360,1336,1324,1305,1314,1312,1301,1342,1314,1272,1253,1297,1316,1253,1228,1169,1152,1177,1185,1198,1169,1148,1053,1169,1181,1205,1136,1177,1185,1075,1092,1139,1115,1139,1127,1105,1157,1143,1105,1030,1165,1152,1130,1152,1143,1092,1157,1143,1165,1133,1127,1105,1205,1075,1115,1127,1092,1075,1148,1148,1161,1214,1217,1249,1309,1362,1405,1445,1483,1505,1526,1531,1541,1538,1527,1517,1512
1220,1202,1272,1257,1282,1318,1351,1417,1454,1501,1545,1577,1609,1635,1653,1667,1685,1700,1700,1702,1705,1702,1684,1667,1641,1623,1611,1597,1566,1532,1492,1468,1409,1362,1302,1259,1247,1188,1228,1205,1228,1211,1181,1214,1211,1208,1214,1195,1220,1228,1214,1173,1152,1226,1234,1211,1234,1217,1228,1205,1198,1211,1211,1211,1226,1234,1220,1241,1231,1223,1249,1270,1261,1281,1309,1314,1326,1337,1358,1382,1403,1399,1408,1420,1440,1481,1496,1505,1555,1657,1837,1986,1923,1756,1661,1631,1600,1600,1629,1621,1543,1528,1571,1623,1635,1660,1694,1657,1610,1587,1588,1573,1575,1574,1594,1608,1606,1572,1568,1632,1731,1772,1688,1651,1646,1612,1559,1559,1549,1528,1498,1447,1391,1355,1382,1417,1510,1551,1535,1476,1423,1371,1341,1320,1313,1322,1337,1346,1397,1370,1284,1263,1341,1348,1302,1231,1217,1223,1195,1192,1208,1202,1188,1181,1223,1169,1139,1181,1130,1143,1165,978,1185,1139,1192,1188,1157,1122,1130,1122,1139,1133,1136,1177,1130,1202,1127,1139,1161,1139,1169,1133,1092,1133,1122,1152,1105,1139,1122,1004,1148,1127,1181,1152,1231,1284,1358,1396,1439,1472,1502,1517,1525,1537,1532,1527,1510,1511
1267,1211,1270,1275,1304,1324,1385,1419,1468,1519,1558,1589,1622,1639,1662,1675,1689,1701,1704,1698,1702,1697,1678,1661,1643,1626,1611,1578,1551,1519,1487,1442,1398,1333,1282,1241,1226,1226,1245,1205,1177,1195,1192,1177,1211,1165,1198,1208,1198,1202,1198,1195,1198,1220,1234,1214,1198,1231,1192,1214,1249,1234,1243,1211,1173,1214,1205,1245,1231,1238,1234,1268,1282,1285,1316,1331,1326,1341,1332,1381,1395,1398,1417,1438,1459,1500,1556,1550,1577,1642,1731,1839,1841,1728,1665,1623,1623,1617,1592,1541,1486,1491,1556,1623,1644,1676,1700,1706,1670,1654,1622,1582,1529,1521,1562,1608,1634,1640,1643,1663,1672,1678,1664,1664,1679,1669,1636,1596,1542,1470,1447,1443,1407,1400,1380,1402,1432,1447,1429,1411,1402,1405,1370,1320,1314,1326,1357,1372,1406,1404,1337,1261,1285,1324,1289,1234,1192,1198,1205,1198,1208,1281,1326,1241,1169,1161,1181,1192,1115,1169,1148,1177,1143,1169,1152,1165,1161,1211,1195,1053,1148,1075,1161,1122,1075,1092,1165,1136,1185,1075,1127,1143,1127,1157,1181,1105,1130,1152,1122,1136,1181,1139,1152,1188,1243,1297,1338,1396,1438,1461,1490,1513,1523,1529,1538,1528,1515,1495
1238,1228,1247,1267,1308,1343,1387,1425,1480,1528,1573,1608,1629,1649,1674,1681,1695,1702,1699,1702,1707,1696,1681,1661,1643,1629,1601,1580,1540,1514,1475,1426,1368,1313,1290,1231,1198,1243,1228,1188,1188,1192,1177,1226,1195,1255,1205,1214,1234,1185,1247,1236,1234,1202,1220,1217,1245,1214,1234,1202,1247,1307,1282,1234,1249,1236,1228,1236,1261,1251,1261,1275,1285,1300,1308,1320,1336,1346,1360,1368,1376,1404,1426,1459,1488,1513,1575,1575,1584,1631,1670,1703,1726,1692,1661,1630,1666,1664,1616,1561,1516,1512,1546,1618,1663,1680,1687,1685,1682,1672,1674,1635,1573,1537,1549,1601,1654,1663,1669,1672,1665,1670,1672,1663,1667,1659,1630,1613,1588,1531,1471,1455,1451,1438,1413,1397,1395,1383,1390,1417,1401,1414,1395,1340,1331,1367,1365,1358,1413,1399,1314,1308,1257,1263,1236,1195,1238,1202,1202,1188,1205,1335,1412,1297,1192,1205,1185,1133,1136,1192,1130,1181,1075,1105,1139,1181,1195,1165,1169,1152,1143,1169,1139,924,1075,1152,1130,1143,1169,1139,1127,1139,978,1127,1105,951,1127,1130,1127,1136,1161,1139,1139,1122,1226,1268,1300,1364,1433,1456,1487,1500,1511,1527,1528,1525,1524,1510
1241,1255,1251,1265,1305,1348,1398,1443,1502,1537,1577,1613,1636,1657,1674,1683,1705,1701,1706,1704,1695,1687,1677,1661,1645,1625,1601,1569,1529,1501,1456,1402,1345,1301,1251,1152,1181,1192,1214,1208,1205,1161,1243,1226,1169,1195,1181,1226,1202,1195,1188,1223,1228,1228,1214,1241,1231,1188,1152,1228,1238,1284,1247,1214,1205,1208,1249,1261,1251,1228,1295,1295,1282,1287,1309,1326,1342,1345,1346,1347,1380,1417,1444,1476,1504,1539,1583,1607,1605,1623,1636,1666,1690,1672,1630,1624,1648,1656,1642,1608,1588,1556,1538,1638,1681,1687,1685,1690,1692,1690,1698,1674,1651,1624,1618,1629,1658,1665,1669,1672,1666,1667,1668,1672,1661,1644,1623,1599,1606,1605,1587,1548,1524,1485,1456,1449,1400,1407,1405,1414,1407,1376,1362,1353,1347,1329,1352,1350,1361,1326,1282,1281,1292,1265,1234,1185,1220,1249,1143,1202,1223,1314,1332,1223,1217,1148,1122,1148,1157,1152,1198,1133,1115,1139,1165,1122,1177,1152,1143,1127,1030,1136,1136,1181,1122,1115,1127,1143,1165,1152,1122,1115,1127,1115,1143,1181,1092,1075,1115,924,1136,1115,1127,1161,1157,1223,1305,1345,1404,1447,1470,1497,1516,1514,1526,1528,1523,1512
1253,1228,1270,1298,1310,1356,1399,1449,1503,1549,1589,1623,1638,1661,1678,1689,1698,1696,1705,1702,1693,1690,1676,1657,1637,1621,1603,1561,1527,1480,1433,1381,1318,1274,1223,1226,1253,1185,1192,1205,1243,1198,1169,1214,1157,1220,1188,1220,1198,1208,1202,1208,1214,1226,1220,1208,1177,1214,1169,1177,1236,1234,1255,1228,1211,1251,1208,1238,1241,1247,1265,1295,1287,1312,1309,1313,1316,1337,1350,1375,1405,1430,1478,1497,1520,1549,1588,1625,1617,1604,1623,1656,1668,1660,1641,1636,1644,1655,1655,1644,1623,1584,1582,1661,1688,1691,1692,1698,1720,1720,1714,1699,1685,1678,1676,1670,1680,1679,1674,1673,1669,1661,1663,1664,1644,1613,1585,1564,1574,1617,1646,1618,1583,1543,1510,1510,1486,1455,1445,1415,1429,1399,1377,1358,1348,1353,1329,1304,1287,1279,1267,1251,1279,1367,1341,1295,1228,1220,1185,1202,1173,1208,1245,1231,1177,1161,1157,1105,1177,1143,1139,1173,1161,1127,1133,1152,1161,1157,1143,1133,1139,1075,1130,1127,1173,1165,1148,1165,1127,1143,1143,1185,1053,1161,1115,1148,1115,1136,1161,978,1053,1136,1133,1115,1169,1214,1302,1324,1368,1431,1456,1483,1493,1513,1523,1512,1508,1504
1247,1231,1243,1275,1327,1376,1405,1461,1511,1557,1598,1616,1647,1662,1679,1693,1702,1694,1692,1698,1695,1688,1668,1655,1639,1616,1593,1551,1514,1476,1421,1378,1295,1268,1181,1139,1223,1192,1165,1214,1208,1188,1169,1192,1220,1220,1198,1202,1157,1169,1238,1205,1223,1192,1223,1228,1198,1223,1257,1255,1253,1249,1226,1211,1181,1234,1234,1247,1245,1231,1290,1281,1304,1316,1325,1322,1319,1356,1373,1383,1419,1443,1478,1517,1538,1567,1588,1631,1636,1605,1622,1667,1672,1663,1663,1645,1654,1672,1670,1665,1647,1624,1635,1685,1692,1694,1701,1707,1722,1730,1726,1710,1709,1701,1696,1701,1695,1690,1688,1674,1664,1656,1651,1631,1590,1562,1546,1530,1560,1621,1687,1676,1644,1617,1571,1549,1531,1508,1473,1449,1441,1415,1403,1382,1357,1335,1312,1293,1285,1281,1257,1259,1295,1431,1402,1371,1255,1211,1177,1202,1177,1208,1202,1282,1205,1173,1169,1202,1169,1161,1143,1143,1173,1195,1195,1185,1192,1157,1185,1122,1115,1165,1139,1148,1105,1130,1139,1198,1115,1127,1181,1161,1105,1115,1161,1075,1148,1115,1136,1133,1161,1185,1130,1148,1192,1236,1253,1312,1373,1398,1441,1467,1484,1507,1514,1514,1504,1501
1245,1251,1267,1284,1337,1377,1423,1481,1521,1573,1601,1634,1643,1668,1684,1699,1697,1699,1692,1696,1692,1678,1667,1656,1636,1609,1580,1543,1504,1458,1405,1331,1309,1265,1228,1192,1223,1181,1198,1169,1208,1152,1205,1169,1214,1211,1177,1226,1195,1220,1202,1192,1220,1181,1195,1208,1234,1192,1241,1263,1282,1287,1245,1226,1236,1255,1238,1257,1272,1275,1275,1270,1290,1295,1312,1331,1337,1355,1378,1408,1443,1468,1498,1516,1552,1586,1621,1645,1643,1619,1636,1670,1668,1661,1662,1664,1686,1702,1690,1687,1689,1694,1712,1713,1708,1706,1713,1718,1733,1737,1733,1726,1715,1717,1714,1715,1710,1705,1694,1672,1657,1655,1647,1618,1572,1514,1515,1529,1567,1625,1690,1709,1695,1666,1621,1572,1555,1531,1499,1480,1460,1441,1414,1400,1372,1332,1309,1305,1267,1284,1274,1281,1272,1293,1403,1460,1228,1226,1195,1152,1177,1177,1236,1261,1228,1173,1122,1169,1122,1157,1181,1136,1139,1148,1217,1173,1165,1139,1165,1133,1133,1177,1136,1157,1185,1157,1165,1127,1157,1133,1161,1136,1105,951,1130,1136,1105,1148,1133,1161,1143,1004,1139,1157,1188,1202,1226,1267,1332,1391,1430,1450,1473,1495,1512,1517,1506,1502
1236,1208,1289,1290,1344,1399,1439,1488,1542,1584,1612,1629,1653,1675,1687,1698,1695,1690,1694,1692,1686,1673,1663,1647,1628,1607,1571,1534,1502,1451,1381,1318,1259,1255,1261,1249,1161,1177,1208,1211,1195,1192,1214,1205,1202,1214,1220,1238,1177,1231,1198,1211,1223,1139,1202,1208,1236,1228,1198,1253,1282,1236,1236,1316,1265,1236,1267,1243,1274,1277,1268,1289,1308,1309,1318,1329,1347,1411,1460,1499,1491,1482,1510,1525,1554,1586,1610,1622,1631,1639,1652,1679,1678,1673,1680,1684,1698,1709,1714,1700,1696,1721,1743,1724,1707,1712,1724,1723,1732,1733,1740,1739,1736,1726,1724,1720,1710,1710,1695,1684,1674,1661,1651,1642,1608,1548,1528,1526,1580,1630,1674,1714,1718,1700,1640,1568,1552,1538,1501,1478,1490,1466,1429,1401,1362,1340,1302,1263,1263,1282,1268,1261,1282,1308,1297,1300,1289,1238,1181,1177,1205,1173,1198,1211,1220,1185,1139,1173,1148,1157,1133,1169,1181,1259,1211,1198,1157,1185,1157,1127,1127,1136,1133,1173,1133,1143,1133,1130,1188,1139,951,1148,1133,1133,1075,1139,1173,1105,1143,1053,1075,1122,1133,1148,1173,1148,1231,1270,1329,1376,1420,1450,1472,1488,1513,1508,1507,1501
1255,1255,1284,1301,1337,1390,1447,1506,1554,1585,1616,1635,1659,1675,1696,1695,1693,1687,1695,1690,1678,1672,1659,1644,1616,1590,1562,1519,1481,1429,1364,1309,1245,1253,1241,1231,1181,1205,1198,1173,1143,1211,1188,1177,1181,1192,1188,1211,1198,1181,1181,1223,1231,1228,1165,1198,1234,1241,1238,1265,1277,1272,1282,1327,1284,1267,1255,1265,1282,1289,1309,1316,1316,1334,1336,1337,1396,1456,1569,1625,1604,1547,1526,1540,1553,1577,1602,1625,1646,1659,1669,1682,1718,1730,1710,1714,1755,1774,1741,1710,1702,1703,1724,1731,1709,1727,1734,1730,1739,1745,1753,1750,1746,1746,1736,1717,1688,1674,1687,1687,1680,1665,1659,1657,1654,1629,1594,1565,1586,1640,1685,1701,1722,1703,1635,1562,1534,1538,1490,1512,1507,1475,1438,1391,1351,1370,1316,1259,1259,1265,1265,1287,1287,1290,1279,1223,1249,1241,1214,1217,1214,1157,1205,1157,1198,1177,1198,1181,1139,1139,1133,1122,1185,1257,1293,1255,1188,1165,1130,1157,1075,1105,1130,1148,1152,1139,1143,1143,1161,1133,1173,1133,1004,978,1105,924,1105,1004,1053,1152,1139,1148,1127,1122,1152,1173,1181,1267,1312,1360,1419,1453,1470,1492,1512,1517,1507,1512
1243,1220,1279,1308,1365,1402,1461,1511,1555,1598,1617,1645,1667,1689,1702,1706,1695,1694,1691,1688,1679,1667,1653,1642,1616,1588,1554,1522,1477,1423,1353,1282,1249,1198,1188,1181,1185,1130,1202,1177,1188,1223,1223,1177,1195,1148,1165,1185,1185,1205,1195,1185,1181,1202,1133,1181,1205,1192,1247,1275,1272,1263,1277,1305,1249,1268,1247,1272,1275,1287,1297,1323,1316,1318,1343,1348,1394,1482,1597,1663,1642,1590,1548,1563,1573,1587,1613,1642,1667,1667,1668,1703,1783,1757,1699,1741,1797,1792,1747,1713,1719,1724,1729,1755,1747,1739,1746,1751,1756,1758,1764,1759,1762,1771,1748,1721,1657,1653,1689,1707,1695,1682,1677,1678,1671,1670,1645,1637,1635,1668,1712,1720,1709,1689,1645,1596,1584,1579,1537,1539,1529,1492,1439,1394,1348,1338,1353,1316,1272,1282,1277,1305,1323,1300,1263,1261,1251,1253,1185,1192,1211,1208,1165,1157,1157,1214,1165,1165,1148,1152,1130,1165,1157,1214,1297,1255,1208,1228,1195,1217,1152,1115,1133,1139,1133,1105,1136,1165,1181,1136,1075,1152,1130,978,1139,1130,1115,1148,1130,978,1130,924,1115,1004,1133,1181,1202,1217,1289,1372,1395,1437,1468,1485,1500,1517,1507,1515
1268,1247,1285,1313,1363,1414,1470,1518,1569,1598,1624,1652,1666,1683,1699,1699,1695,1692,1694,1691,1680,1658,1649,1630,1611,1585,1544,1508,1461,1402,1327,1289,1249,1228,1220,1177,1192,1195,1202,1234,1192,1188,1198,1223,1165,1173,1157,1188,1195,1205,1220,1177,1188,1217,1208,1217,1177,1223,1245,1274,1263,1245,1241,1238,1228,1243,1274,1309,1281,1309,1331,1335,1340,1351,1356,1393,1408,1450,1520,1595,1616,1595,1597,1583,1591,1611,1637,1662,1665,1667,1682,1706,1756,1742,1690,1713,1740,1733,1725,1714,1726,1746,1750,1765,1766,1752,1753,1765,1772,1762,1770,1766,1768,1768,1765,1738,1685,1650,1697,1714,1709,1695,1690,1689,1690,1687,1676,1665,1661,1672,1699,1698,1696,1685,1673,1653,1629,1608,1571,1539,1519,1487,1430,1385,1341,1341,1314,1305,1301,1309,1272,1322,1363,1341,1323,1284,1272,1263,1214,1263,1169,1226,1205,1188,1161,1195,1152,1165,1173,1165,1173,1143,1092,1188,1143,1192,1214,1214,1161,1127,1075,1148,1105,1130,1053,1139,1133,1115,1148,1127,1075,956,1127,1105,1115,1152,1004,1122,1136,1136,1143,1075,1092,1157,1122,1004,1165,1217,1289,1355,1405,1435,1470,1498,1505,1513,1503,1490
1243,1255,1272,1322,1357,1429,1480,1529,1573,1609,1634,1653,1674,1690,1702,1704,1702,1690,1681,1686,1676,1664,1649,1624,1608,1573,1538,1495,1450,1383,1319,1259,1228,1231,1192,1223,1165,1169,1223,1143,1181,1157,1214,1211,1202,1195,1214,1192,1238,1238,1205,1211,1205,1208,1251,1236,1195,1245,1217,1234,1243,1223,1245,1238,1270,1272,1304,1312,1293,1314,1326,1355,1336,1364,1384,1402,1424,1462,1493,1534,1563,1584,1592,1598,1606,1634,1655,1666,1668,1683,1700,1707,1719,1721,1707,1700,1712,1714,1720,1720,1729,1764,1765,1769,1794,1770,1775,1772,1779,1771,1762,1759,1760,1773,1771,1758,1715,1691,1710,1723,1716,1709,1698,1702,1697,1689,1683,1658,1639,1647,1660,1671,1674,1675,1681,1678,1640,1610,1561,1515,1501,1473,1441,1401,1357,1325,1290,1301,1302,1289,1289,1313,1346,1322,1340,1317,1253,1265,1208,1214,1211,1205,1185,1192,1139,1211,1257,1177,1202,1115,1173,1157,1161,1177,1177,1115,1165,1226,1169,1136,1169,1127,1130,1105,1148,1122,1165,1148,1157,1105,1152,1053,1105,1157,1053,1139,1115,1127,1004,1143,1136,1139,1122,1075,1157,1157,1177,1195,1259,1333,1376,1440,1464,1481,1504,1514,1506,1504
1243,1267,1308,1313,1384,1434,1495,1541,1575,1602,1630,1661,1679,1693,1703,1708,1702,1691,1682,1678,1671,1655,1647,1619,1602,1567,1530,1492,1433,1371,1314,1247,1236,1169,1202,1220,1208,1195,1195,1198,1188,1202,1188,1161,1208,1241,1220,1198,1185,1234,1234,1173,1211,1188,1217,1195,1223,1214,1231,1243,1205,1226,1236,1281,1272,1284,1310,1295,1314,1312,1340,1352,1382,1410,1432,1423,1455,1487,1521,1544,1555,1573,1592,1611,1634,1655,1672,1669,1678,1691,1704,1697,1702,1717,1713,1714,1721,1727,1721,1727,1735,1766,1778,1784,1802,1793,1790,1788,1780,1771,1761,1753,1761,1762,1769,1769,1752,1739,1735,1730,1726,1720,1717,1709,1705,1704,1690,1664,1640,1632,1644,1675,1704,1709,1684,1665,1636,1613,1573,1518,1500,1481,1463,1425,1384,1324,1298,1281,1310,1319,1295,1323,1330,1302,1309,1318,1295,1290,1259,1247,1243,1220,1161,1157,1192,1208,1226,1234,1148,1122,1092,1115,1133,1181,1105,1148,1127,1161,1173,1177,1092,1139,1127,1133,1169,1173,1130,1143,1115,1139,1148,1185,978,1092,1115,1004,978,951,1127,1157,1075,1030,1165,1188,1165,1143,1127,1220,1247,1337,1395,1421,1455,1486,1495,1512,1500,1498
1259,1279,1309,1329,1400,1450,1508,1540,1583,1610,1643,1666,1687,1696,1704,1705,1694,1692,1694,1676,1670,1661,1639,1614,1595,1553,1523,1462,1410,1344,1290,1243,1241,1192,1214,1173,1214,1169,1157,1195,1195,1185,1214,1185,1136,1205,1195,1139,1181,1198,1211,1208,1195,1205,1205,1220,1236,1214,1226,1205,1220,1231,1268,1287,1277,1263,1301,1322,1327,1314,1322,1353,1391,1412,1445,1475,1511,1523,1546,1564,1580,1600,1611,1632,1638,1668,1672,1682,1688,1689,1700,1700,1706,1710,1720,1732,1752,1765,1752,1745,1742,1761,1783,1787,1798,1786,1785,1791,1784,1770,1761,1773,1781,1759,1764,1762,1764,1752,1740,1732,1730,1726,1721,1720,1716,1712,1702,1693,1661,1653,1657,1680,1741,1749,1700,1667,1642,1630,1605,1565,1527,1533,1509,1480,1436,1356,1334,1324,1345,1353,1320,1366,1352,1304,1316,1312,1309,1298,1259,1265,1192,1228,1208,1245,1255,1234,1195,1185,1192,1143,1143,1115,1185,1139,1139,1115,1030,1133,1169,898,1105,1105,1075,1130,1143,1139,1169,1105,1136,1127,978,1075,1105,1075,1133,951,1115,1122,1122,1053,1004,1105,964,1130,1133,1173,1148,1192,1202,1287,1372,1415,1452,1479,1487,1512,1502,1495
1259,1267,1310,1354,1407,1456,1512,1545,1586,1620,1647,1675,1694,1708,1710,1703,1696,1694,1690,1681,1660,1654,1641,1611,1584,1549,1510,1462,1397,1355,1281,1251,1205,1192,1211,1192,1208,1173,1148,1192,1202,1208,1177,1205,1185,1185,1220,1226,1195,1205,1195,1241,1263,1208,1220,1211,1223,1192,1236,1251,1253,1228,1241,1285,1265,1310,1281,1329,1350,1357,1353,1380,1408,1443,1482,1536,1563,1571,1575,1593,1609,1630,1641,1643,1631,1658,1676,1688,1690,1698,1695,1709,1705,1717,1725,1745,1780,1799,1776,1753,1756,1769,1783,1786,1782,1762,1746,1776,1792,1781,1773,1762,1762,1754,1762,1773,1763,1753,1739,1729,1730,1729,1730,1728,1726,1723,1713,1698,1681,1668,1672,1672,1685,1692,1675,1657,1650,1640,1617,1596,1570,1557,1541,1505,1461,1423,1387,1352,1352,1335,1361,1426,1375,1329,1322,1297,1272,1292,1295,1285,1290,1331,1336,1267,1298,1234,1173,1148,1188,1136,1136,1115,1161,1122,1075,1157,1148,1133,1136,1136,1148,1127,1075,1143,1152,1130,1169,1143,1136,1004,1075,1152,1053,1169,1122,1152,1136,1053,1105,951,951,1127,1115,1105,1127,1139,1133,1192,1251,1305,1336,1397,1439,1468,1487,1499,1501,1506
1251,1226,1326,1347,1424,1468,1509,1551,1596,1624,1654,1674,1693,1708,1715,1707,1697,1692,1688,1679,1665,1652,1634,1614,1575,1537,1499,1454,1388,1331,1293,1243,1202,1188,1220,1157,1188,1188,1192,1198,1148,1211,1214,1205,1161,1173,1198,1231,1208,1251,1223,1202,1223,1205,1217,1143,1202,1205,1220,1214,1228,1238,1259,1268,1267,1295,1307,1302,1356,1365,1367,1411,1424,1473,1536,1575,1584,1617,1597,1633,1642,1668,1660,1640,1609,1612,1664,1687,1694,1699,1704,1706,1712,1721,1729,1743,1768,1787,1780,1767,1769,1782,1785,1790,1795,1775,1736,1775,1816,1798,1782,1761,1758,1769,1766,1761,1760,1731,1715,1698,1704,1715,1724,1729,1726,1721,1713,1688,1667,1660,1670,1676,1670,1673,1665,1639,1614,1612,1589,1598,1592,1564,1542,1517,1480,1431,1382,1342,1313,1334,1375,1453,1435,1386,1323,1292,1253,1305,1295,1290,1308,1425,1409,1274,1268,1185,1226,1195,1202,1157,1169,1139,1198,1177,1169,1157,1185,1177,1148,1075,1169,1152,1130,1122,1122,1130,1127,1148,1092,1115,1127,1198,1105,1143,1152,1148,1030,1133,1161,1139,1105,1115,1092,1177,1133,1152,1127,1195,1236,1272,1330,1382,1436,1454,1474,1498,1505,1512
1261,1270,1324,1378,1429,1472,1528,1559,1594,1630,1665,1680,1705,1714,1712,1703,1701,1692,1690,1676,1657,1644,1628,1602,1568,1539,1483,1443,1386,1326,1267,1228,1202,1198,1157,1152,1202,1136,1205,1177,1202,1173,1185,1208,1202,1205,1217,1211,1238,1238,1228,1205,1236,1223,1195,1234,1228,1238,1226,1247,1263,1243,1272,1313,1287,1295,1308,1327,1354,1365,1403,1438,1470,1520,1568,1600,1602,1622,1623,1640,1660,1667,1673,1659,1642,1627,1670,1695,1704,1706,1710,1713,1725,1726,1738,1747,1756,1770,1775,1781,1781,1790,1800,1810,1807,1790,1730,1785,1900,1843,1795,1785,1771,1775,1768,1762,1738,1694,1662,1653,1664,1704,1726,1723,1710,1706,1698,1665,1604,1588,1631,1663,1676,1669,1658,1643,1598,1560,1539,1563,1586,1553,1538,1520,1474,1440,1401,1368,1331,1342,1348,1397,1409,1356,1309,1281,1265,1304,1305,1324,1347,1358,1324,1253,1249,1220,1205,1188,1202,1133,1152,1192,1236,1177,1143,1139,1139,1133,1136,1148,1136,1122,1157,1169,1148,1004,1157,1143,1053,1133,1139,1161,969,1105,1004,1136,1115,1136,978,1122,1115,1075,1143,1165,1157,1127,1195,1165,1231,1272,1329,1384,1421,1465,1472,1502,1496,1510
1253,1289,1336,1380,1442,1491,1524,1569,1603,1637,1666,1689,1705,1712,1714,1704,1699,1699,1690,1677,1665,1645,1624,1591,1556,1524,1468,1425,1381,1308,1272,1247,1217,1177,1202,1130,1188,1181,1192,1192,1173,1205,1188,1198,1165,1181,1231,1208,1228,1238,1220,1214,1202,1198,1211,1223,1243,1220,1247,1247,1234,1245,1287,1343,1301,1317,1325,1330,1334,1407,1434,1477,1528,1561,1590,1589,1587,1609,1612,1649,1672,1683,1689,1681,1675,1678,1693,1700,1714,1724,1723,1721,1730,1742,1747,1747,1754,1767,1781,1786,1794,1805,1809,1821,1817,1768,1669,1732,1891,1886,1819,1800,1789,1782,1779,1749,1717,1670,1661,1681,1707,1721,1722,1715,1706,1685,1667,1623,1562,1567,1636,1664,1670,1673,1660,1644,1599,1520,1516,1552,1567,1547,1526,1496,1453,1434,1421,1394,1370,1343,1351,1332,1336,1324,1344,1316,1308,1322,1341,1371,1400,1373,1310,1279,1228,1165,1181,1148,1130,1165,1177,1188,1161,1152,1173,1165,1127,1136,1127,1169,1139,1152,1075,1157,1127,1105,1004,1139,1127,1105,1053,1139,1092,1165,1053,1105,1181,1053,1161,1139,1130,978,1143,1139,1115,1004,1143,1157,1185,1249,1307,1356,1400,1448,1462,1485,1495,1493
1249,1285,1332,1385,1444,1491,1528,1569,1607,1637,1667,1691,1710,1720,1722,1706,1697,1690,1683,1674,1656,1632,1619,1589,1552,1514,1458,1418,1350,1298,1251,1220,1165,1188,1198,1177,1195,1177,1185,1205,1188,1169,1181,1188,1214,1192,1214,1217,1192,1214,1208,1208,1205,1202,1220,1195,1195,1202,1243,1211,1247,1267,1267,1342,1325,1320,1302,1326,1396,1437,1477,1515,1564,1598,1622,1613,1556,1557,1610,1651,1680,1683,1686,1695,1688,1698,1708,1722,1738,1755,1734,1730,1733,1738,1753,1757,1765,1774,1781,1797,1806,1819,1824,1830,1832,1785,1707,1709,1830,1860,1830,1814,1801,1792,1778,1753,1738,1773,1828,1806,1760,1731,1723,1710,1690,1659,1648,1607,1569,1596,1644,1667,1675,1683,1674,1649,1604,1555,1534,1550,1547,1523,1483,1456,1440,1428,1421,1386,1380,1365,1350,1354,1324,1334,1373,1353,1329,1338,1398,1503,1523,1500,1420,1293,1243,1223,1173,1205,1192,1157,1202,1143,1143,1169,1122,1148,1165,1139,1136,1105,1136,1004,1195,1030,1105,1105,1157,1195,1122,1139,1136,1075,1127,924,951,1143,1053,1136,1105,1115,951,1161,1133,1157,1105,1127,1152,1105,1161,1217,1279,1343,1409,1440,1455,1478,1485,1477
1270,1302,1335,1394,1466,1498,1533,1582,1608,1640,1671,1695,1714,1713,1716,1710,1704,1687,1682,1667,1650,1629,1617,1581,1542,1507,1462,1407,1346,1274,1263,1226,1241,1198,1205,1173,1231,1173,1152,1181,1181,1169,1195,1202,1205,1238,1192,1205,1231,1217,1243,1214,1247,1238,1214,1211,1220,1265,1157,1234,1231,1226,1259,1326,1327,1300,1307,1346,1420,1468,1514,1546,1586,1623,1653,1664,1605,1588,1616,1657,1682,1678,1685,1686,1691,1701,1712,1730,1731,1739,1726,1727,1741,1743,1753,1761,1768,1785,1797,1809,1816,1832,1835,1850,1852,1847,1806,1799,1841,1852,1841,1828,1817,1792,1783,1752,1795,1948,2007,1980,1831,1753,1716,1678,1643,1640,1644,1621,1609,1623,1654,1670,1681,1687,1681,1653,1616,1597,1573,1561,1533,1494,1454,1417,1430,1436,1417,1419,1395,1385,1377,1320,1344,1338,1368,1356,1338,1346,1458,1643,1696,1636,1548,1350,1245,1205,1192,1217,1231,1177,1188,1223,1169,1148,1157,1161,1105,1127,1075,1115,1195,1122,1115,1127,978,1127,1177,1195,1165,1157,1122,1139,1122,1053,1136,1161,1053,1105,1185,1030,1030,969,1092,1105,1136,1127,1075,1202,1205,1208,1272,1344,1394,1429,1450,1459,1470,1469
1285,1292,1347,1409,1467,1491,1538,1582,1608,1651,1673,1698,1713,1725,1718,1702,1695,1687,1685,1667,1646,1633,1615,1575,1542,1500,1455,1413,1326,1301,1241,1208,1195,1181,1185,1181,1198,1173,1202,1214,1198,1165,1188,1157,1192,1220,1214,1251,1223,1226,1231,1231,1195,1217,1192,1247,1198,1249,1243,1220,1249,1255,1265,1272,1320,1305,1309,1366,1417,1471,1526,1560,1605,1644,1681,1680,1645,1636,1652,1660,1669,1675,1684,1689,1686,1687,1696,1705,1709,1715,1722,1729,1735,1753,1756,1767,1774,1786,1807,1827,1851,1844,1853,1865,1878,1879,1876,1867,1867,1869,1854,1832,1825,1802,1786,1766,1818,1988,2007,2007,1870,1758,1710,1644,1605,1622,1621,1610,1616,1624,1644,1663,1667,1673,1671,1652,1627,1590,1573,1540,1507,1497,1476,1429,1441,1424,1415,1428,1433,1390,1377,1342,1331,1341,1362,1342,1324,1351,1462,1629,1644,1528,1448,1336,1263,1234,1192,1169,1188,1185,1277,1223,1165,1192,1274,1181,1105,1143,1188,1115,1139,1092,1092,1122,1157,1127,1136,1136,1148,1075,1115,1152,1143,1139,1122,1030,1136,1092,1122,1130,1165,1030,1139,1139,1115,1122,1122,1092,1181,1198,1275,1316,1376,1423,1441,1447,1475,1480
1259,1312,1365,1421,1472,1508,1537,1582,1613,1645,1681,1701,1717,1715,1718,1703,1694,1685,1677,1666,1649,1627,1604,1567,1536,1483,1447,1396,1330,1265,1257,1198,1198,1192,1208,1181,1234,1169,1165,1185,1173,1185,1177,1195,1234,1192,1208,1236,1261,1181,1245,1231,1214,1205,1202,1285,1270,1226,1245,1228,1259,1245,1272,1257,1293,1292,1324,1351,1413,1486,1533,1583,1618,1645,1688,1706,1677,1661,1667,1666,1668,1674,1686,1685,1673,1672,1680,1687,1698,1704,1714,1724,1737,1746,1759,1772,1782,1798,1816,1845,1878,1881,1865,1867,1863,1875,1879,1886,1872,1857,1843,1828,1817,1805,1790,1780,1801,1923,2007,1961,1832,1753,1711,1669,1648,1635,1611,1597,1601,1617,1629,1642,1649,1655,1667,1645,1625,1601,1591,1575,1554,1549,1526,1487,1452,1415,1422,1452,1452,1407,1376,1361,1351,1324,1333,1346,1340,1354,1395,1438,1427,1387,1356,1289,1265,1249,1192,1217,1152,1181,1249,1255,1181,1214,1249,1231,1195,1157,1157,1130,1130,1133,1152,1136,1105,1122,1115,1139,1133,1105,1127,1181,1192,1133,1115,1133,1004,1152,1127,898,1152,978,1115,1004,1133,1157,1122,1173,1165,1169,1251,1302,1361,1412,1443,1466,1490,1472
1245,1324,1353,1430,1470,1505,1540,1582,1623,1654,1680,1699,1718,1721,1715,1700,1688,1681,1674,1659,1645,1629,1595,1565,1522,1484,1434,1393,1330,1265,1255,1223,1208,1181,1195,1208,1185,1165,1202,1205,1152,1192,1188,1169,1205,1228,1214,1185,1214,1217,1185,1205,1198,1231,1251,1267,1236,1245,1228,1253,1236,1274,1285,1281,1281,1308,1331,1362,1405,1481,1544,1593,1642,1652,1681,1681,1655,1659,1663,1673,1669,1674,1674,1681,1675,1668,1670,1670,1679,1688,1712,1712,1733,1751,1761,1774,1791,1800,1825,1853,1874,1879,1874,1844,1806,1798,1839,1866,1852,1814,1787,1789,1790,1792,1791,1790,1794,1808,1829,1816,1774,1736,1723,1699,1680,1653,1627,1611,1599,1605,1592,1588,1621,1630,1629,1616,1609,1609,1615,1608,1592,1570,1538,1497,1460,1406,1411,1472,1448,1420,1393,1366,1340,1334,1329,1333,1336,1352,1344,1365,1347,1314,1297,1270,1270,1251,1202,1148,1195,1152,1152,1133,1169,1211,1236,1173,1152,1220,1136,1157,1133,1139,1133,1130,1143,1053,1181,951,1053,1130,1143,1192,1169,978,1105,1136,1004,1161,1165,951,898,1030,1075,1173,1173,1139,1115,1004,1148,1161,1257,1281,1352,1406,1436,1470,1485,1498
1282,1308,1353,1421,1466,1504,1540,1592,1619,1658,1682,1705,1719,1725,1709,1706,1688,1680,1667,1659,1641,1619,1595,1558,1518,1485,1434,1365,1305,1289,1247,1220,1169,1188,1181,1188,1181,1188,1195,1192,1169,1192,1202,1192,1234,1195,1205,1236,1181,1223,1217,1231,1243,1202,1208,1245,1226,1263,1241,1228,1255,1284,1253,1275,1297,1300,1331,1360,1406,1467,1528,1597,1645,1681,1730,1710,1654,1658,1665,1674,1677,1684,1680,1680,1668,1666,1663,1649,1629,1650,1688,1717,1730,1749,1761,1779,1794,1810,1840,1855,1871,1886,1886,1855,1789,1749,1783,1836,1828,1776,1715,1706,1730,1737,1751,1773,1778,1768,1768,1758,1750,1731,1716,1702,1690,1668,1636,1597,1578,1567,1561,1533,1578,1606,1585,1568,1589,1622,1627,1609,1594,1583,1547,1506,1450,1385,1367,1413,1409,1395,1378,1350,1335,1326,1307,1298,1351,1343,1327,1325,1330,1322,1302,1297,1263,1263,1223,1214,1192,1195,1133,1139,1195,1152,1195,1220,1127,1133,1136,1115,1136,1185,1152,1139,1105,1136,1133,1169,1130,1075,978,951,1173,1165,1115,1139,1092,978,1115,1122,1136,1105,1127,1075,1004,1127,924,1130,1188,1211,1241,1304,1342,1408,1443,1462,1483,1497
1282,1319,1351,1424,1472,1514,1541,1580,1622,1660,1685,1708,1715,1715,1710,1698,1686,1681,1668,1658,1640,1622,1590,1554,1502,1475,1421,1388,1316,1279,1228,1195,1181,1192,1169,1185,1181,1211,1202,1169,1133,1217,1185,1188,1205,1173,1177,1173,1223,1202,1202,1226,1198,1228,1228,1247,1217,1243,1259,1259,1241,1272,1274,1293,1309,1325,1327,1371,1405,1449,1516,1585,1641,1664,1699,1697,1662,1669,1673,1682,1683,1681,1685,1683,1674,1676,1664,1621,1570,1588,1658,1715,1733,1750,1770,1785,1806,1826,1842,1859,1878,1889,1893,1877,1846,1810,1809,1830,1827,1785,1718,1678,1660,1650,1656,1709,1757,1764,1748,1744,1727,1721,1709,1698,1689,1676,1651,1610,1549,1516,1515,1529,1597,1643,1631,1599,1590,1572,1570,1595,1588,1575,1531,1481,1436,1375,1341,1332,1363,1367,1361,1351,1334,1313,1292,1295,1290,1302,1304,1308,1270,1307,1265,1261,1247,1223,1139,1143,1208,1177,1139,1152,1173,1161,1143,1136,1208,1220,1185,1188,1157,1130,1185,1105,1133,1169,1177,1004,1139,1092,1092,1122,1127,1127,1136,1157,1053,1127,1152,1075,1130,1127,1115,1173,978,1157,1030,1192,1130,1177,1195,1287,1366,1404,1434,1462,1489,1498
1297,1330,1364,1446,1478,1508,1549,1585,1629,1670,1690,1710,1718,1719,1714,1697,1684,1677,1663,1655,1637,1616,1589,1546,1514,1463,1425,1354,1327,1298,1236,1198,1198,1211,1208,1181,1181,1205,1188,1226,1161,1169,1202,1169,1208,1185,1217,1226,1214,1226,1185,1226,1205,1234,1238,1205,1247,1268,1274,1275,1265,1287,1292,1301,1318,1323,1354,1378,1430,1467,1504,1557,1594,1622,1634,1649,1658,1672,1676,1687,1685,1690,1689,1689,1685,1673,1669,1652,1612,1618,1680,1723,1743,1762,1779,1794,1812,1835,1842,1856,1864,1854,1853,1869,1868,1865,1852,1850,1837,1810,1763,1722,1676,1628,1629,1680,1730,1751,1744,1728,1719,1707,1702,1694,1690,1695,1682,1660,1620,1551,1547,1575,1614,1654,1664,1642,1619,1542,1512,1538,1577,1577,1526,1457,1432,1420,1368,1330,1292,1330,1347,1336,1335,1324,1255,1245,1205,1249,1255,1275,1274,1259,1261,1282,1214,1231,1195,1188,1143,1133,1211,1195,1169,1169,1136,1161,1075,1247,1243,1234,1192,1122,1139,1152,1092,1177,1169,1136,1133,1165,1092,1133,1157,1139,1169,1139,1130,1130,1127,1127,978,1136,1115,1092,1133,1130,956,1211,1127,1152,1247,1284,1346,1407,1436,1471,1484,1499
1295,1317,1378,1438,1480,1501,1542,1587,1628,1662,1690,1715,1717,1717,1707,1697,1688,1680,1665,1655,1639,1611,1587,1551,1506,1470,1429,1374,1337,1292,1243,1226,1217,1157,1243,1195,1205,1181,1157,1195,1181,1211,1169,1192,1177,1211,1223,1195,1205,1161,1220,1165,1208,1234,1198,1205,1195,1226,1263,1290,1279,1297,1290,1300,1310,1352,1371,1419,1442,1487,1533,1552,1568,1607,1640,1646,1657,1667,1676,1684,1691,1690,1698,1699,1695,1697,1694,1695,1689,1698,1715,1730,1749,1778,1802,1807,1827,1839,1850,1855,1818,1754,1758,1829,1859,1866,1857,1850,1834,1814,1790,1767,1740,1703,1672,1679,1714,1733,1728,1730,1714,1701,1695,1687,1699,1704,1699,1697,1671,1628,1631,1666,1679,1681,1688,1676,1651,1571,1507,1510,1573,1582,1555,1519,1482,1485,1458,1390,1355,1350,1358,1360,1341,1316,1289,1263,1267,1261,1259,1293,1268,1279,1267,1255,1198,1217,1173,1161,1157,1181,1249,1161,1152,1133,1004,1148,1148,1177,1188,1181,1115,1148,1173,1127,1127,1152,1169,1136,1130,1157,1105,1165,1105,1143,978,1053,935,1130,1105,1139,1115,978,1173,1092,1127,1157,1133,1105,1136,1217,1214,1292,1344,1395,1440,1468,1486,1507
1298,1323,1394,1432,1470,1510,1545,1588,1634,1669,1694,1710,1716,1721,1709,1702,1690,1675,1664,1659,1640,1610,1584,1546,1500,1475,1436,1391,1333,1285,1238,1226,1188,1165,1217,1173,1234,1185,1195,1169,1198,1205,1143,1181,1185,1192,1217,1192,1195,1231,1205,1223,1192,1202,1228,1247,1263,1249,1272,1282,1267,1277,1325,1319,1332,1329,1402,1434,1473,1528,1583,1615,1615,1624,1643,1656,1668,1678,1679,1692,1699,1706,1710,1707,1708,1713,1711,1717,1715,1725,1738,1750,1755,1783,1811,1820,1829,1844,1856,1858,1819,1745,1756,1819,1854,1859,1851,1837,1821,1808,1788,1777,1769,1755,1720,1661,1636,1676,1722,1733,1717,1703,1689,1684,1698,1710,1714,1709,1708,1691,1687,1693,1701,1694,1689,1681,1665,1591,1522,1522,1592,1601,1570,1549,1530,1516,1495,1463,1419,1417,1392,1358,1354,1309,1295,1267,1217,1217,1281,1302,1327,1308,1281,1265,1205,1195,1165,1133,1188,1161,1157,1127,1136,1133,1169,1130,1030,1092,1173,1161,1130,1053,1133,1148,1127,1143,1173,1115,1139,1152,1127,1053,1092,951,1004,1115,1053,1030,1053,946,935,1127,969,1165,1122,1143,1148,1004,1173,1217,1238,1304,1347,1401,1427,1454,1498,1513
1312,1337,1398,1439,1483,1508,1563,1582,1637,1666,1698,1712,1721,1719,1707,1697,1686,1680,1667,1653,1631,1619,1582,1550,1507,1477,1436,1412,1360,1297,1279,1202,1192,1181,1220,1228,1177,1185,1157,1205,1177,1161,1198,1188,1202,1238,1173,1226,1217,1173,1228,1208,1223,1243,1238,1255,1211,1255,1245,1281,1293,1323,1316,1332,1343,1364,1415,1473,1518,1551,1599,1629,1640,1648,1660,1670,1675,1684,1694,1697,1706,1714,1719,1721,1723,1722,1733,1741,1739,1748,1753,1763,1775,1791,1808,1822,1836,1857,1864,1879,1866,1844,1844,1856,1861,1853,1840,1817,1799,1785,1784,1780,1779,1767,1741,1664,1607,1633,1701,1719,1707,1678,1642,1665,1692,1711,1722,1720,1714,1703,1696,1684,1697,1686,1679,1671,1671,1623,1586,1609,1644,1625,1595,1579,1565,1545,1527,1512,1470,1427,1419,1376,1347,1313,1277,1249,1249,1261,1281,1310,1385,1361,1281,1251,1202,1202,1185,1198,1133,1177,1181,1220,1133,1157,1165,1139,1130,1130,1115,1139,1139,1092,1139,1105,1165,1130,1169,978,1053,1139,1130,1136,1139,1157,1053,951,1148,1130,1130,1030,1004,1133,1004,1030,1115,1127,924,1165,1115,1181,1165,1285,1354,1401,1428,1454,1480,1506
1297,1340,1403,1443,1475,1514,1556,1593,1637,1672,1693,1715,1721,1716,1707,1697,1689,1678,1667,1657,1639,1623,1583,1554,1520,1501,1514,1522,1458,1356,1285,1255,1220,1198,1205,1165,1157,1188,1139,1192,1205,1195,1177,1188,1195,1226,1192,1220,1217,1195,1202,1161,1202,1236,1220,1253,1181,1214,1251,1308,1336,1375,1385,1341,1341,1373,1405,1450,1500,1548,1571,1604,1649,1667,1672,1676,1692,1700,1695,1710,1710,1714,1714,1718,1733,1744,1749,1752,1759,1765,1766,1787,1790,1806,1818,1829,1844,1860,1878,1890,1900,1900,1891,1884,1868,1854,1831,1804,1773,1749,1744,1769,1781,1784,1769,1733,1700,1689,1720,1724,1683,1616,1565,1613,1685,1716,1707,1687,1689,1692,1678,1649,1655,1665,1672,1665,1662,1645,1650,1689,1674,1651,1617,1602,1585,1570,1549,1529,1500,1457,1422,1384,1364,1336,1336,1310,1302,1284,1292,1309,1338,1298,1265,1251,1226,1173,1173,1192,1143,1139,1205,1185,1136,1208,1115,1130,1181,1165,1075,1148,1004,1130,1115,1127,1169,1115,1133,1105,924,1173,1195,1143,951,1075,978,1143,898,1105,1143,1152,913,1075,1139,1139,1053,1130,1004,1127,1185,1127,1185,1261,1333,1383,1414,1442,1463,1493
1323,1358,1407,1450,1472,1523,1562,1589,1635,1671,1701,1709,1724,1719,1711,1694,1684,1678,1666,1653,1648,1622,1597,1548,1527,1562,1673,1757,1699,1509,1295,1247,1198,1211,1226,1161,1152,1157,1165,1195,1195,1202,1198,1195,1185,1198,1247,1223,1228,1211,1259,1231,1214,1220,1223,1220,1241,1245,1249,1302,1329,1382,1395,1342,1361,1367,1428,1408,1428,1496,1522,1550,1608,1657,1680,1682,1704,1705,1702,1710,1707,1690,1690,1723,1747,1757,1761,1771,1779,1785,1795,1805,1811,1821,1830,1834,1836,1850,1875,1897,1911,1909,1903,1892,1871,1852,1831,1804,1746,1709,1697,1736,1779,1785,1775,1761,1732,1716,1711,1702,1666,1576,1519,1562,1659,1699,1663,1601,1613,1654,1683,1665,1655,1666,1661,1628,1589,1597,1659,1689,1683,1663,1634,1611,1598,1586,1561,1539,1504,1461,1433,1397,1354,1314,1300,1263,1284,1284,1268,1263,1293,1255,1226,1195,1226,1188,1185,1173,1148,1139,1202,1208,1188,1148,1181,1181,1122,1148,1092,1136,1092,1127,1115,1115,1133,1053,1143,1165,1030,1139,1030,1133,1127,1130,1136,1122,969,1127,1122,1105,1030,1105,1139,1152,1115,969,946,1139,1177,1173,1220,1268,1327,1395,1428,1449,1456,1495
1301,1346,1416,1451,1502,1512,1553,1591,1637,1668,1694,1717,1720,1718,1712,1707,1687,1680,1663,1659,1641,1623,1590,1555,1530,1576,1712,1809,1764,1573,1323,1257,1208,1202,1185,1152,1177,1148,1133,1205,1130,1195,1188,1122,1198,1211,1185,1247,1245,1223,1241,1211,1173,1198,1192,1217,1228,1247,1270,1289,1289,1298,1333,1332,1347,1399,1449,1460,1454,1493,1504,1542,1593,1643,1671,1684,1707,1706,1709,1708,1675,1649,1676,1736,1759,1771,1782,1790,1795,1801,1811,1816,1828,1836,1847,1838,1815,1811,1844,1890,1910,1916,1910,1898,1881,1863,1840,1805,1742,1691,1697,1716,1764,1784,1781,1749,1723,1664,1654,1682,1689,1620,1566,1578,1650,1682,1663,1603,1608,1663,1688,1696,1692,1682,1665,1600,1536,1557,1634,1674,1683,1671,1652,1616,1597,1573,1566,1535,1503,1472,1435,1385,1323,1326,1318,1312,1300,1272,1279,1297,1281,1243,1226,1220,1195,1238,1220,1208,1165,1173,1177,1185,1152,1148,1181,1173,1161,1161,1122,1130,1105,898,1130,1133,898,1115,1105,1075,1130,1169,969,1143,1105,1122,1127,1122,898,1127,1165,1169,1122,1161,1053,898,1133,1105,1130,1161,1157,1136,1198,1274,1324,1376,1422,1446,1478,1501
1298,1344,1424,1451,1492,1521,1552,1590,1643,1673,1693,1718,1720,1719,1718,1700,1691,1681,1667,1656,1641,1612,1590,1555,1519,1516,1574,1647,1618,1449,1307,1217,1205,1185,1198,1188,1130,1185,1169,1188,1185,1157,1148,1152,1198,1173,1263,1165,1177,1208,1231,1226,1220,1208,1208,1243,1245,1251,1272,1272,1301,1293,1326,1343,1360,1411,1497,1544,1585,1589,1569,1576,1616,1644,1670,1694,1701,1706,1710,1706,1672,1667,1710,1753,1768,1784,1790,1805,1818,1812,1826,1836,1846,1851,1856,1859,1847,1852,1872,1896,1915,1916,1909,1896,1883,1874,1857,1828,1775,1714,1739,1749,1761,1780,1779,1749,1705,1675,1687,1705,1706,1688,1660,1652,1668,1691,1695,1684,1678,1685,1690,1692,1690,1697,1681,1639,1596,1594,1631,1665,1673,1667,1655,1634,1598,1579,1558,1540,1513,1469,1440,1395,1333,1334,1333,1289,1281,1285,1245,1316,1332,1185,1211,1238,1220,1220,1245,1195,1177,1181,1157,1133,1157,1115,1165,1139,1169,1115,1075,1127,1092,1136,1092,1004,1136,1115,1136,1105,1122,1127,1177,1143,1122,1139,1136,1122,1053,1115,1105,1092,1127,951,1139,1105,969,1075,1122,924,1136,1122,1181,1259,1334,1377,1416,1451,1482,1488
1304,1347,1422,1456,1486,1525,1558,1596,1637,1672,1697,1715,1721,1720,1716,1702,1695,1682,1666,1652,1643,1620,1581,1545,1513,1488,1451,1421,1398,1326,1281,1249,1220,1173,1181,1185,1181,1165,1148,1181,1143,1185,1181,1205,1208,1214,1249,1226,1220,1214,1188,1249,1226,1202,1208,1241,1245,1261,1263,1292,1301,1272,1327,1318,1366,1436,1514,1571,1616,1628,1635,1606,1622,1652,1680,1693,1710,1719,1727,1727,1718,1723,1746,1765,1772,1787,1799,1805,1816,1819,1836,1846,1856,1852,1872,1878,1886,1896,1908,1911,1919,1915,1914,1903,1892,1874,1860,1838,1808,1776,1785,1793,1788,1780,1769,1760,1747,1748,1738,1724,1718,1707,1677,1663,1666,1685,1699,1700,1691,1677,1675,1682,1692,1695,1687,1670,1621,1592,1608,1640,1666,1663,1662,1641,1606,1579,1566,1541,1517,1478,1434,1387,1324,1322,1344,1307,1284,1272,1293,1236,1274,1263,1243,1223,1211,1185,1205,1261,1192,1148,1148,1152,1122,1177,1136,1152,1148,1157,1148,1139,1127,1139,1115,1115,1122,1198,1030,1115,969,1004,1143,1133,1105,1115,1161,1152,898,1030,1105,1004,1136,951,1148,1053,1075,1115,1075,1053,1157,1165,1214,1261,1332,1390,1422,1444,1477,1492
1302,1346,1413,1454,1489,1525,1556,1595,1638,1681,1699,1711,1721,1718,1716,1708,1699,1683,1666,1651,1646,1620,1580,1545,1512,1475,1432,1363,1334,1313,1245,1226,1236,1198,1211,1185,1198,1148,1161,1205,1157,1202,1185,1161,1202,1251,1282,1228,1214,1247,1211,1214,1226,1236,1241,1208,1249,1247,1284,1285,1293,1298,1314,1344,1396,1465,1513,1569,1589,1620,1644,1637,1625,1645,1676,1692,1716,1718,1729,1739,1742,1749,1757,1769,1783,1791,1804,1812,1820,1832,1845,1853,1859,1868,1879,1889,1901,1908,1917,1920,1922,1921,1911,1900,1890,1871,1853,1804,1752,1752,1785,1800,1791,1770,1752,1752,1766,1762,1749,1738,1721,1691,1637,1594,1594,1644,1678,1676,1645,1615,1618,1647,1679,1681,1687,1654,1602,1549,1549,1600,1654,1655,1646,1628,1606,1577,1564,1545,1528,1486,1453,1381,1314,1295,1317,1309,1272,1290,1275,1282,1249,1241,1234,1245,1231,1188,1165,1169,1165,1188,1136,1181,1169,1161,1173,1148,1130,1092,1157,1133,1130,1092,1122,1181,1130,1030,1092,1004,1075,1122,1127,956,935,1115,1130,1075,1122,1004,1136,1115,1127,1122,1092,1030,1004,1004,1143,1136,1177,1143,1208,1263,1333,1383,1425,1441,1475,1491
1304,1358,1413,1447,1493,1522,1557,1600,1636,1675,1702,1709,1720,1723,1715,1705,1694,1680,1663,1655,1634,1616,1580,1549,1500,1465,1422,1367,1300,1263,1257,1217,1188,1181,1208,1177,1148,1177,1202,1226,1169,1185,1173,1169,1198,1231,1257,1241,1208,1231,1192,1236,1238,1236,1226,1253,1251,1267,1241,1300,1313,1326,1345,1337,1398,1459,1512,1550,1567,1595,1623,1622,1610,1641,1663,1696,1711,1720,1732,1743,1745,1759,1765,1771,1786,1791,1801,1812,1822,1836,1845,1857,1867,1875,1887,1901,1911,1918,1922,1924,1926,1919,1915,1900,1882,1860,1825,1744,1661,1693,1767,1798,1786,1756,1716,1722,1749,1765,1759,1750,1735,1701,1642,1584,1574,1620,1657,1641,1596,1550,1550,1610,1654,1667,1675,1668,1623,1556,1526,1565,1636,1651,1610,1597,1598,1585,1572,1556,1529,1479,1451,1399,1347,1310,1302,1316,1297,1301,1257,1279,1259,1234,1238,1249,1211,1231,1208,1181,1133,1165,1133,1136,1169,1139,1139,1188,1115,1173,1133,1177,1030,1053,1136,1115,1122,1143,951,1133,1004,1075,1105,1127,1136,1127,1004,1092,1105,1136,1075,1075,1139,1127,1133,1133,1030,1133,1143,1136,1173,1105,1195,1279,1337,1387,1432,1446,1487,1492
1312,1351,1416,1460,1490,1524,1553,1595,1637,1671,1697,1709,1717,1718,1709,1703,1691,1674,1663,1658,1630,1612,1572,1538,1504,1458,1400,1335,1308,1257,1231,1177,1205,1173,1223,1169,1208,1192,1228,1220,1139,1192,1130,1161,1202,1188,1205,1236,1205,1249,1236,1185,1241,1253,1234,1238,1259,1267,1279,1316,1305,1304,1360,1343,1381,1442,1481,1516,1535,1537,1551,1567,1594,1622,1695,1707,1706,1718,1729,1735,1742,1750,1761,1769,1777,1786,1798,1812,1824,1839,1844,1855,1869,1875,1894,1908,1919,1921,1922,1916,1915,1917,1907,1874,1840,1835,1789,1706,1657,1701,1781,1800,1789,1755,1720,1722,1757,1774,1775,1760,1748,1730,1709,1661,1620,1635,1645,1621,1575,1530,1547,1599,1643,1669,1674,1670,1667,1644,1598,1596,1651,1655,1574,1522,1567,1580,1557,1516,1486,1476,1441,1405,1363,1333,1300,1312,1304,1301,1282,1249,1243,1208,1238,1181,1247,1268,1241,1208,1177,1198,1152,1133,1127,1139,1157,1030,1185,1092,1075,1122,1115,1092,1202,1169,1133,1161,1115,1092,1053,1053,1004,1004,1075,1105,1092,935,1053,1133,1130,1177,1139,1105,1136,1148,1157,1152,1004,1133,1143,1127,1223,1281,1334,1387,1429,1452,1466,1495
1309,1348,1418,1449,1491,1522,1551,1595,1637,1676,1692,1707,1712,1720,1705,1706,1688,1678,1657,1650,1628,1615,1576,1541,1502,1452,1394,1335,1297,1305,1236,1214,1185,1181,1122,1198,1223,1208,1205,1192,1185,1148,1165,1152,1188,1211,1195,1226,1211,1220,1236,1236,1234,1243,1259,1272,1274,1290,1300,1350,1336,1331,1333,1355,1385,1403,1428,1471,1505,1501,1512,1519,1550,1611,1722,1724,1707,1726,1724,1728,1742,1744,1755,1764,1772,1779,1790,1803,1819,1834,1842,1856,1865,1877,1895,1912,1919,1912,1896,1886,1887,1897,1893,1843,1823,1812,1741,1668,1679,1723,1788,1810,1801,1787,1770,1765,1775,1781,1780,1770,1765,1746,1723,1698,1667,1645,1628,1614,1599,1577,1585,1627,1651,1665,1666,1670,1686,1696,1665,1658,1668,1652,1576,1541,1565,1555,1515,1423,1401,1427,1437,1409,1353,1354,1307,1307,1314,1290,1290,1289,1272,1272,1243,1217,1265,1323,1289,1268,1173,1173,1223,1181,1181,1143,1173,1165,1169,1161,1177,1122,1165,1122,1192,1223,1152,1053,1127,1127,1127,1157,1092,1139,1136,1092,1133,1173,1133,1030,978,1148,1157,1004,1148,1122,1130,1030,1004,1127,1177,1143,1208,1289,1334,1380,1428,1452,1466,1493
1301,1331,1413,1442,1490,1514,1551,1589,1636,1673,1695,1710,1721,1716,1712,1701,1682,1670,1662,1655,1632,1605,1580,1539,1505,1454,1397,1327,1313,1268,1228,1177,1188,1188,1157,1169,1161,1192,1220,1214,1161,1177,1157,1181,1202,1217,1231,1231,1220,1236,1241,1267,1290,1274,1257,1298,1307,1346,1432,1458,1414,1340,1344,1324,1353,1388,1385,1461,1473,1482,1479,1444,1469,1561,1636,1668,1707,1754,1746,1736,1737,1741,1746,1756,1764,1779,1791,1803,1815,1825,1833,1829,1820,1834,1882,1918,1915,1903,1877,1865,1877,1897,1892,1873,1866,1852,1790,1729,1755,1791,1813,1820,1818,1809,1801,1790,1782,1785,1791,1783,1775,1762,1741,1710,1673,1646,1616,1594,1587,1615,1634,1652,1654,1655,1636,1636,1665,1681,1675,1674,1674,1661,1635,1591,1559,1521,1462,1413,1402,1425,1442,1421,1383,1362,1336,1342,1335,1268,1277,1270,1292,1287,1251,1270,1285,1305,1263,1284,1231,1188,1208,1185,1173,1075,1143,1148,1148,1133,1152,1133,1181,1133,978,1152,1157,1133,1139,1152,1136,1053,1148,1133,1105,1157,969,951,1004,1092,1004,1185,1208,1177,1092,1075,1115,1165,1115,1143,1143,1143,1217,1274,1342,1396,1422,1452,1485,1502
1297,1333,1403,1445,1488,1522,1556,1586,1629,1668,1694,1709,1714,1709,1705,1699,1688,1676,1659,1643,1635,1616,1577,1540,1502,1458,1403,1331,1289,1265,1241,1202,1234,1130,1185,1188,1143,1157,1198,1195,1195,1169,1220,1173,1169,1208,1211,1241,1211,1241,1228,1284,1304,1292,1277,1297,1285,1376,1490,1516,1426,1323,1334,1324,1347,1370,1375,1423,1457,1449,1449,1428,1436,1535,1608,1646,1681,1715,1739,1749,1739,1739,1741,1753,1759,1773,1783,1793,1808,1822,1823,1799,1793,1828,1886,1913,1911,1902,1884,1871,1881,1895,1893,1894,1896,1894,1878,1858,1845,1844,1847,1839,1832,1829,1816,1798,1769,1761,1780,1783,1784,1768,1743,1714,1681,1642,1589,1548,1529,1587,1635,1655,1648,1616,1587,1604,1634,1645,1661,1669,1675,1665,1626,1588,1540,1492,1458,1475,1483,1465,1457,1429,1392,1350,1344,1362,1324,1275,1295,1270,1290,1290,1289,1284,1300,1298,1249,1261,1281,1161,1173,1192,1152,1122,1173,1148,1148,1157,1195,1192,1157,1139,1169,1030,1127,1127,1075,1092,1133,1075,1053,1165,1127,1053,1136,1139,1127,1136,1004,1105,1143,1139,1122,1105,1004,978,1115,1173,1105,1217,1198,1263,1333,1386,1429,1460,1481,1514
1304,1320,1415,1441,1480,1519,1554,1584,1624,1669,1692,1707,1716,1717,1713,1702,1692,1672,1660,1651,1631,1613,1579,1539,1502,1454,1402,1356,1279,1249,1211,1177,1195,1169,1173,1177,1192,1161,1143,1177,1161,1198,1143,1195,1188,1188,1205,1226,1223,1214,1226,1255,1281,1277,1268,1282,1274,1331,1430,1441,1358,1330,1345,1331,1343,1350,1383,1395,1416,1440,1443,1442,1460,1546,1586,1620,1651,1687,1715,1733,1734,1730,1736,1740,1761,1787,1790,1794,1807,1817,1830,1838,1851,1874,1896,1911,1908,1887,1867,1856,1855,1843,1827,1830,1875,1907,1903,1884,1866,1857,1856,1854,1847,1838,1828,1795,1736,1708,1751,1779,1784,1778,1750,1723,1688,1642,1574,1534,1512,1563,1630,1656,1656,1652,1644,1635,1616,1585,1607,1665,1661,1650,1600,1571,1508,1514,1549,1574,1549,1511,1452,1427,1398,1384,1374,1371,1361,1292,1304,1293,1292,1295,1293,1304,1287,1284,1290,1261,1251,1169,1165,1223,1211,1157,1169,1148,1157,1198,1205,1192,1177,1157,1181,1165,1092,1143,1122,1133,1075,1169,1122,1122,1148,1148,1105,978,1139,1139,1148,1133,1105,1136,1030,1053,1053,1139,1075,1148,1133,1136,1214,1289,1335,1381,1421,1458,1483,1511
1292,1324,1395,1432,1487,1518,1559,1586,1631,1664,1687,1709,1716,1711,1711,1706,1694,1681,1659,1645,1632,1606,1586,1539,1503,1460,1412,1348,1289,1255,1223,1205,1211,1205,1198,1220,1185,1161,1177,1169,1192,1208,1181,1161,1195,1220,1205,1223,1188,1234,1217,1259,1274,1293,1279,1289,1265,1287,1302,1331,1317,1342,1342,1364,1351,1368,1358,1387,1395,1423,1446,1462,1495,1550,1581,1604,1627,1670,1701,1720,1737,1736,1736,1742,1763,1795,1793,1791,1801,1815,1830,1845,1869,1882,1901,1913,1900,1874,1849,1828,1818,1768,1733,1770,1832,1893,1881,1849,1844,1855,1868,1867,1857,1855,1843,1814,1753,1691,1730,1775,1785,1774,1756,1730,1692,1610,1564,1549,1516,1551,1623,1662,1660,1665,1657,1642,1606,1556,1581,1653,1669,1640,1613,1575,1523,1534,1669,1730,1628,1519,1462,1430,1400,1372,1383,1395,1336,1318,1318,1277,1285,1319,1270,1277,1274,1261,1297,1245,1243,1241,1238,1161,1192,1152,1185,1130,1139,1198,1268,1185,1173,1188,1130,1122,1173,1143,1152,1053,1130,1127,1133,1092,1122,1030,1030,1075,1053,1053,1139,1092,956,1143,1130,924,1092,1148,1075,1127,1188,1185,1188,1285,1335,1390,1417,1458,1468,1527
1281,1326,1393,1438,1481,1533,1551,1584,1621,1671,1694,1711,1719,1715,1712,1706,1693,1679,1658,1639,1635,1606,1573,1536,1512,1471,1427,1336,1272,1268,1241,1217,1202,1157,1188,1169,1181,1173,1148,1188,1165,1185,1169,1173,1185,1192,1169,1211,1192,1214,1228,1282,1289,1272,1275,1245,1270,1298,1274,1298,1326,1338,1346,1367,1350,1367,1351,1377,1413,1417,1431,1471,1486,1527,1551,1577,1615,1647,1685,1725,1783,1753,1730,1743,1762,1790,1793,1786,1792,1812,1828,1848,1869,1891,1904,1910,1897,1868,1831,1812,1810,1779,1775,1830,1873,1885,1837,1785,1807,1848,1876,1877,1881,1871,1859,1833,1775,1675,1682,1732,1757,1769,1761,1738,1696,1619,1576,1594,1584,1614,1655,1675,1676,1667,1661,1623,1598,1598,1615,1661,1677,1666,1629,1592,1539,1532,1724,1839,1723,1522,1447,1404,1390,1384,1396,1363,1343,1308,1330,1277,1275,1310,1309,1293,1275,1282,1300,1301,1234,1185,1202,1205,1208,1177,1161,1136,1188,1220,1173,1143,1192,1177,1185,1092,1053,1115,1169,1161,1177,1169,1030,1127,1053,1122,1130,1105,1030,1115,1092,1092,1152,1139,1127,1122,898,1122,1115,1133,1105,1198,1202,1295,1332,1385,1415,1461,1481,1507
1293,1333,1395,1443,1475,1517,1553,1583,1622,1668,1690,1708,1719,1718,1714,1708,1702,1683,1664,1645,1628,1608,1576,1538,1514,1472,1422,1360,1292,1279,1272,1236,1202,1234,1181,1157,1202,1173,1198,1143,1157,1152,1181,1205,1161,1185,1217,1185,1208,1208,1217,1211,1245,1257,1270,1272,1265,1301,1292,1289,1307,1340,1344,1344,1365,1386,1361,1385,1394,1407,1429,1463,1490,1518,1539,1568,1592,1628,1659,1698,1745,1746,1729,1729,1743,1761,1780,1785,1798,1808,1827,1841,1865,1884,1904,1907,1900,1870,1836,1818,1830,1865,1896,1927,1940,1923,1875,1835,1832,1867,1904,1904,1901,1890,1877,1847,1815,1735,1678,1687,1733,1776,1773,1753,1723,1676,1648,1650,1661,1678,1686,1693,1690,1683,1660,1610,1578,1600,1616,1636,1670,1675,1640,1604,1562,1503,1652,1774,1647,1470,1396,1366,1342,1374,1363,1351,1330,1317,1319,1293,1305,1268,1313,1312,1325,1320,1285,1251,1228,1208,1152,1169,1169,1133,1148,1188,1161,1161,1173,1133,1130,1127,1053,1133,1105,1177,1122,1188,1188,1115,1105,1075,1130,969,1161,1004,1130,1092,1152,1136,1136,1188,1092,1122,1139,1139,1105,1139,1139,1220,1251,1298,1335,1380,1426,1452,1480,1493
1289,1336,1398,1420,1474,1508,1548,1583,1622,1664,1689,1710,1720,1723,1716,1713,1706,1687,1671,1647,1642,1619,1583,1555,1515,1479,1430,1377,1322,1325,1312,1295,1251,1185,1188,1198,1143,1177,1192,1202,1143,1192,1136,1192,1133,1198,1223,1205,1226,1238,1202,1236,1285,1265,1245,1277,1300,1319,1307,1308,1314,1317,1327,1352,1347,1378,1361,1372,1397,1404,1439,1446,1478,1510,1523,1542,1572,1614,1644,1675,1693,1714,1725,1730,1746,1762,1782,1779,1792,1805,1822,1842,1858,1881,1905,1918,1909,1891,1853,1824,1845,1898,1947,1971,1981,1977,1963,1945,1934,1939,1938,1934,1926,1910,1894,1873,1843,1797,1730,1721,1769,1784,1788,1762,1743,1716,1700,1697,1694,1701,1701,1701,1697,1690,1664,1632,1602,1590,1535,1529,1614,1663,1645,1600,1547,1471,1495,1562,1478,1395,1336,1327,1342,1342,1353,1336,1320,1310,1301,1297,1295,1285,1309,1323,1351,1336,1292,1251,1231,1236,1211,1136,1133,1136,1122,1177,1226,1205,1185,1127,1030,1143,1127,1157,1148,1115,1105,1105,1143,1122,1161,1105,1133,1030,1092,978,1127,1092,978,1148,1105,1143,1092,1148,1152,1136,1053,1053,1130,1217,1301,1316,1348,1395,1426,1452,1475,1499
1297,1318,1401,1423,1478,1508,1542,1581,1617,1657,1685,1710,1723,1720,1714,1707,1700,1696,1677,1662,1644,1623,1589,1557,1519,1481,1432,1396,1430,1500,1530,1470,1337,1251,1139,1208,1181,1139,1161,1188,1157,1173,1177,1177,1173,1169,1214,1202,1198,1226,1217,1243,1234,1249,1279,1285,1297,1304,1323,1338,1336,1335,1346,1335,1352,1371,1358,1362,1390,1407,1438,1458,1485,1494,1512,1519,1546,1575,1627,1673,1688,1700,1717,1726,1756,1774,1776,1773,1790,1804,1812,1837,1858,1872,1892,1918,1924,1914,1888,1868,1892,1932,1972,1997,2005,2007,2006,1999,1993,1988,1976,1968,1951,1935,1911,1892,1857,1829,1791,1792,1796,1793,1786,1764,1750,1741,1740,1731,1724,1724,1723,1719,1713,1701,1689,1673,1650,1566,1488,1468,1548,1652,1636,1586,1507,1438,1404,1424,1419,1377,1331,1312,1322,1320,1327,1307,1316,1318,1313,1274,1293,1259,1300,1300,1293,1279,1272,1217,1185,1195,1177,1157,1130,1136,1130,1148,1092,1136,1161,1143,1139,1092,1139,1148,1185,1181,1152,1136,1165,1115,1130,1133,1161,1139,1136,1075,1004,1105,1075,1127,1130,1136,1122,1133,1143,1092,1136,1169,1127,1169,1261,1322,1350,1399,1421,1462,1480,1489
1285,1308,1377,1421,1467,1510,1540,1577,1603,1656,1686,1707,1720,1724,1717,1709,1702,1696,1683,1665,1649,1631,1598,1557,1514,1479,1443,1446,1544,1639,1664,1581,1433,1302,1241,1202,1185,1165,1165,1139,1173,1173,1202,1214,1169,1223,1198,1130,1211,1185,1223,1211,1236,1284,1281,1307,1305,1333,1375,1386,1386,1370,1347,1356,1358,1383,1354,1363,1383,1408,1427,1451,1473,1494,1504,1521,1537,1583,1636,1668,1676,1694,1714,1725,1749,1774,1773,1770,1783,1781,1791,1818,1846,1875,1891,1909,1929,1939,1944,1942,1949,1972,1990,2007,2007,2007,2007,2007,2000,1986,1986,1996,1980,1960,1935,1909,1886,1862,1825,1790,1779,1776,1749,1729,1738,1753,1760,1757,1752,1742,1739,1733,1710,1700,1688,1688,1666,1574,1503,1483,1572,1643,1605,1540,1460,1396,1372,1382,1394,1364,1334,1347,1329,1312,1313,1305,1312,1337,1290,1285,1281,1289,1277,1304,1267,1265,1249,1211,1205,1188,1205,1152,1143,1181,1127,1143,898,1157,1122,1181,1133,1139,1115,1181,1130,1136,1092,1139,1130,1075,1136,1105,1133,1181,1143,1165,1143,924,1136,969,1127,1136,1148,1030,1115,1004,1152,1115,1105,1214,1263,1293,1360,1385,1418,1465,1479,1499
1290,1322,1351,1413,1451,1502,1536,1573,1604,1647,1686,1706,1721,1729,1717,1713,1709,1696,1682,1667,1650,1635,1605,1573,1528,1485,1445,1452,1543,1635,1642,1558,1406,1281,1220,1152,1177,1205,1223,1198,1161,1173,1211,1173,1177,1208,1195,1198,1202,1177,1208,1208,1265,1243,1275,1313,1332,1432,1532,1558,1508,1407,1356,1344,1357,1354,1365,1356,1373,1409,1428,1445,1473,1494,1505,1525,1557,1602,1639,1659,1677,1690,1705,1717,1739,1759,1769,1765,1746,1707,1702,1760,1821,1856,1882,1908,1929,1951,1970,1979,1984,1997,2006,2007,2007,2007,2007,2002,1961,1952,1986,2007,2007,2007,1970,1931,1897,1868,1812,1725,1699,1726,1717,1703,1731,1763,1774,1771,1763,1753,1752,1736,1716,1669,1656,1673,1679,1635,1577,1574,1620,1626,1578,1483,1405,1375,1376,1382,1355,1342,1343,1343,1314,1297,1304,1309,1324,1334,1263,1253,1274,1257,1241,1245,1284,1265,1217,1173,1181,1185,1192,1205,1177,1133,1161,1130,1148,1157,1143,1127,951,1030,1157,1143,1136,1127,1133,1143,1075,1139,1165,1169,1181,1075,1130,1122,951,1115,1115,1148,1130,1127,951,1115,1152,1092,1130,1136,1173,1192,1238,1297,1342,1386,1446,1458,1488,1501
1245,1302,1364,1419,1446,1497,1542,1575,1608,1644,1679,1706,1714,1723,1720,1716,1709,1698,1680,1669,1655,1632,1605,1581,1537,1501,1446,1423,1434,1464,1449,1402,1301,1205,1177,1198,1173,1192,1148,1139,1177,1202,1188,1165,1181,1165,1192,1188,1157,1223,1217,1259,1208,1267,1241,1297,1403,1555,1617,1615,1588,1447,1367,1347,1357,1365,1364,1347,1377,1404,1447,1520,1502,1485,1499,1523,1565,1583,1628,1657,1671,1680,1698,1709,1722,1753,1765,1752,1723,1661,1634,1726,1805,1844,1868,1894,1918,1947,1968,1984,1998,2007,2007,2007,2007,2007,2007,1989,1965,1983,2007,2007,2007,2007,1979,1897,1867,1876,1830,1738,1707,1742,1758,1753,1770,1789,1793,1783,1779,1771,1765,1749,1698,1655,1659,1682,1683,1670,1645,1623,1621,1594,1524,1432,1362,1354,1383,1377,1335,1320,1318,1312,1289,1281,1292,1307,1327,1325,1263,1226,1255,1270,1236,1214,1226,1259,1208,1139,1136,1161,1139,1188,1169,1122,1165,1148,1148,1161,1157,1165,1173,951,1169,1122,1169,1148,1143,1152,1004,1143,1157,1130,1133,978,1133,978,1115,1152,1143,1133,1136,1030,1161,1181,1004,1143,1143,1198,1130,1220,1255,1307,1352,1402,1429,1468,1485,1500
1270,1295,1360,1394,1456,1497,1527,1570,1600,1642,1676,1701,1722,1720,1723,1716,1707,1695,1680,1677,1655,1640,1608,1572,1544,1499,1440,1408,1370,1323,1302,1259,1243,1220,1181,1177,1181,1220,1161,1157,1181,1143,1139,1177,1169,1173,1161,1198,1217,1211,1198,1223,1228,1228,1281,1304,1426,1559,1586,1585,1567,1429,1355,1352,1423,1453,1429,1354,1386,1414,1514,1609,1571,1489,1468,1496,1535,1563,1597,1623,1642,1666,1689,1700,1712,1726,1742,1744,1738,1701,1690,1744,1807,1834,1856,1874,1905,1932,1961,1980,1994,2003,2007,2006,2001,2007,2001,1967,1965,2001,2007,2007,2007,2007,1956,1864,1868,1907,1891,1849,1818,1820,1820,1818,1813,1802,1800,1788,1778,1772,1772,1750,1728,1714,1711,1712,1693,1671,1635,1580,1542,1523,1491,1430,1386,1398,1405,1366,1317,1325,1325,1284,1313,1289,1295,1309,1332,1297,1267,1261,1290,1261,1267,1195,1228,1251,1202,1148,1136,1169,1148,1192,1148,1092,1133,1127,1148,1188,1157,1211,1188,1192,1122,1030,1127,1130,1105,1130,1105,1115,1092,1105,1148,1105,1152,1105,956,1092,1136,1143,1105,1092,1122,1122,1136,1139,1136,1130,1165,1211,1253,1313,1356,1407,1439,1468,1488,1508
1287,1289,1335,1395,1441,1486,1539,1570,1595,1633,1676,1703,1715,1721,1724,1721,1709,1694,1689,1676,1659,1642,1617,1583,1544,1503,1454,1415,1345,1287,1245,1234,1214,1173,1127,1165,1177,1161,1169,1188,1181,1161,1165,1161,1165,1161,1136,1192,1157,1161,1169,1198,1231,1214,1272,1284,1354,1474,1519,1505,1450,1380,1360,1348,1407,1443,1415,1368,1372,1425,1550,1635,1608,1514,1475,1492,1517,1542,1573,1597,1614,1645,1680,1688,1707,1712,1726,1749,1753,1757,1761,1784,1807,1832,1848,1866,1891,1915,1939,1964,1983,1991,1973,1917,1903,1964,2002,1988,1966,1999,2007,2002,1987,2003,2003,1983,1982,1968,1944,1914,1892,1875,1860,1852,1835,1817,1794,1770,1762,1769,1762,1765,1748,1714,1718,1720,1694,1630,1556,1513,1488,1456,1449,1446,1465,1459,1435,1361,1346,1383,1373,1362,1340,1331,1305,1313,1293,1305,1277,1253,1272,1285,1274,1257,1253,1255,1192,1177,1173,1139,1136,1136,1157,1148,1130,1115,951,1198,1268,1243,1265,1226,1169,1157,1075,1127,1133,1105,1105,1136,1075,1133,1115,951,1115,1115,898,969,1075,1115,1004,1115,1143,1092,1181,1122,1030,1130,1195,1245,1275,1332,1377,1408,1442,1486,1503,1522
1241,1298,1332,1391,1427,1481,1520,1566,1588,1628,1663,1694,1702,1718,1723,1713,1706,1696,1691,1675,1664,1647,1628,1594,1558,1510,1465,1409,1361,1322,1249,1243,1208,1202,1165,1188,1198,1173,1208,1136,1177,1177,1198,1181,1177,1181,1211,1214,1214,1205,1220,1192,1192,1236,1243,1267,1307,1313,1373,1372,1337,1324,1330,1342,1374,1388,1368,1355,1363,1404,1515,1549,1537,1489,1479,1504,1513,1526,1537,1566,1603,1622,1655,1667,1685,1708,1719,1729,1748,1761,1775,1781,1799,1813,1839,1853,1874,1900,1927,1951,1968,1977,1938,1844,1826,1925,1999,2007,2007,2007,2007,2006,1976,2001,2007,2007,2007,2007,1983,1952,1930,1913,1895,1874,1854,1829,1784,1716,1688,1703,1742,1753,1704,1645,1663,1704,1687,1613,1533,1546,1546,1512,1493,1499,1511,1493,1439,1384,1375,1398,1404,1378,1334,1333,1318,1318,1307,1304,1301,1274,1285,1285,1282,1274,1263,1249,1234,1177,1148,1169,1152,1127,1053,1177,1127,1136,1130,1173,1302,1338,1354,1304,1241,1004,1053,1092,1105,1122,1092,1148,1169,1127,1122,1075,1133,1122,1030,1105,1152,1115,1139,956,1133,1139,1122,1139,1133,1148,1214,1228,1282,1326,1388,1416,1458,1479,1502,1520
1287,1281,1332,1381,1420,1476,1529,1560,1597,1621,1662,1690,1712,1721,1723,1718,1712,1700,1686,1681,1666,1653,1637,1600,1566,1526,1474,1433,1360,1309,1257,1245,1211,1226,1202,1185,1211,1205,1157,1208,1208,1181,1192,1004,1188,1148,1165,1181,1202,1192,1192,1220,1228,1236,1211,1265,1270,1295,1309,1322,1323,1324,1334,1353,1356,1367,1362,1337,1365,1400,1442,1453,1445,1462,1477,1492,1515,1515,1503,1538,1584,1614,1643,1650,1666,1689,1710,1725,1738,1753,1757,1750,1753,1790,1821,1839,1862,1883,1915,1937,1962,1971,1960,1907,1906,1965,2007,2007,2007,2007,2007,2007,2007,2007,2007,2007,2007,2007,1988,1947,1933,1934,1930,1908,1869,1838,1783,1701,1621,1640,1723,1741,1677,1573,1550,1646,1682,1648,1614,1621,1628,1603,1567,1556,1543,1527,1443,1386,1427,1440,1430,1381,1340,1332,1325,1298,1323,1323,1301,1275,1284,1293,1277,1245,1238,1249,1195,1195,1173,1161,1177,1214,1136,1122,1143,1133,1133,1133,1259,1364,1385,1322,1245,1177,1152,1092,1143,1133,1139,1152,1075,1130,1030,1004,1053,1152,946,1152,1105,1152,924,951,1133,1122,1205,1004,1169,1177,1238,1253,1304,1367,1393,1422,1463,1487,1512,1513
1214,1302,1322,1366,1409,1463,1518,1554,1588,1615,1650,1684,1705,1719,1723,1721,1712,1703,1688,1681,1671,1649,1636,1613,1577,1538,1480,1441,1395,1322,1261,1241,1241,1202,1161,1157,1177,1181,1157,1208,1217,1202,1161,1185,1161,1092,1214,1165,1136,1165,1234,1255,1241,1195,1253,1223,1253,1261,1293,1307,1330,1356,1368,1341,1360,1365,1363,1346,1358,1375,1402,1420,1431,1445,1462,1476,1509,1524,1525,1555,1583,1600,1613,1611,1621,1661,1685,1714,1725,1733,1721,1673,1647,1743,1806,1830,1848,1875,1904,1929,1952,1966,1979,1982,1988,2000,2007,2007,2007,2007,2007,2007,2007,2007,2007,2007,2007,2007,1954,1868,1862,1912,1939,1924,1890,1850,1800,1744,1665,1648,1730,1746,1699,1585,1538,1617,1685,1686,1672,1661,1647,1638,1611,1590,1567,1551,1496,1467,1474,1471,1439,1390,1346,1337,1310,1297,1319,1331,1310,1270,1247,1253,1255,1270,1236,1198,1202,1148,1152,1127,1173,1177,1208,1148,1133,1143,1173,1181,1152,1251,1281,1253,1185,1169,1152,1115,1122,1173,1133,1136,1030,956,1122,1130,1122,1105,1192,956,1122,951,1115,1115,1148,1139,1152,1161,1188,1148,1223,1261,1327,1372,1413,1435,1466,1497,1510,1523
1247,1272,1313,1350,1411,1450,1503,1552,1580,1612,1648,1676,1701,1719,1727,1725,1712,1702,1697,1681,1668,1650,1642,1617,1592,1549,1497,1457,1398,1341,1275,1223,1211,1169,1195,1192,1177,1198,1177,1181,1198,1185,1148,1075,1133,1130,1157,1161,1192,1220,1205,1195,1185,1211,1148,1231,1263,1223,1277,1295,1297,1356,1373,1351,1356,1391,1363,1353,1358,1368,1384,1413,1428,1444,1459,1479,1499,1521,1534,1566,1579,1584,1585,1563,1586,1644,1681,1703,1717,1720,1695,1639,1653,1742,1791,1810,1834,1857,1881,1911,1937,1960,1968,1979,1987,1995,2007,2007,2007,2007,2007,2007,2007,2007,2007,2007,2007,2007,1926,1821,1814,1888,1939,1930,1902,1857,1818,1778,1721,1714,1750,1757,1739,1683,1614,1640,1687,1697,1688,1672,1663,1653,1636,1604,1570,1522,1478,1474,1473,1467,1446,1415,1377,1348,1323,1312,1297,1287,1287,1234,1245,1253,1263,1226,1241,1205,1208,1148,1157,1152,1152,1220,1165,1177,1181,1173,1127,1157,1139,1130,1173,1177,1161,951,1092,1053,1092,1004,1161,1136,1105,1177,913,978,1105,1092,1127,1092,1105,1105,1105,1148,1105,1152,1075,1133,1214,1198,1228,1285,1335,1391,1418,1447,1482,1498,1514,1529
1245,1267,1302,1344,1397,1442,1497,1547,1581,1606,1639,1675,1695,1713,1722,1730,1718,1704,1699,1680,1670,1657,1634,1614,1593,1551,1507,1463,1419,1345,1282,1223,1205,1226,1214,1192,1161,1177,1185,1173,1202,1165,1220,1188,1185,1152,1139,1205,1188,1185,1192,1234,1214,1173,1214,1234,1247,1257,1277,1275,1307,1295,1343,1348,1362,1388,1376,1361,1356,1368,1391,1390,1423,1435,1451,1469,1497,1519,1543,1550,1573,1572,1570,1570,1604,1643,1678,1693,1699,1706,1702,1699,1729,1767,1785,1800,1809,1818,1846,1889,1921,1939,1947,1953,1937,1930,1965,2007,2007,2007,2007,2007,2007,2007,2007,2007,2007,2007,1971,1857,1812,1893,1933,1927,1904,1870,1838,1813,1781,1772,1775,1770,1752,1731,1698,1695,1710,1706,1696,1676,1663,1653,1642,1615,1545,1468,1415,1422,1460,1461,1451,1443,1400,1368,1347,1320,1301,1279,1267,1253,1277,1259,1270,1238,1214,1188,1169,1161,1173,1195,1152,1188,1195,1214,1173,1188,1169,951,1130,1127,1115,1148,1115,1133,1075,1143,1161,1105,1053,1053,1092,1105,1053,1004,1143,1148,1075,1122,1105,924,1127,1075,1092,1105,964,1115,1143,1205,1274,1307,1350,1391,1423,1449,1490,1499,1512,1514
1243,1243,1290,1326,1384,1425,1493,1546,1573,1603,1637,1660,1690,1710,1722,1729,1721,1711,1701,1684,1672,1654,1638,1623,1600,1568,1527,1487,1436,1358,1300,1245,1223,1192,1223,1198,1181,1165,1152,1173,1188,1177,1148,1161,1148,1192,1173,1152,1130,1198,1202,1202,1211,1228,1241,1220,1259,1261,1261,1284,1287,1298,1338,1358,1355,1356,1372,1360,1365,1372,1368,1407,1418,1448,1457,1460,1485,1510,1533,1544,1555,1571,1583,1604,1623,1643,1668,1674,1676,1678,1688,1715,1733,1752,1763,1762,1735,1742,1806,1863,1899,1915,1926,1914,1876,1892,1967,2007,2007,2007,2007,2007,2007,2007,2007,2007,2007,2007,1972,1894,1881,1929,1935,1921,1900,1885,1863,1842,1822,1797,1781,1772,1761,1746,1726,1720,1718,1702,1684,1677,1663,1656,1637,1605,1526,1443,1420,1419,1426,1456,1452,1438,1415,1366,1344,1312,1272,1263,1279,1259,1268,1279,1249,1202,1181,1195,1165,1161,1105,1205,1152,1130,1195,1157,1165,1195,1173,1133,1136,1115,1105,1136,1157,1143,1127,1127,1143,1181,951,1092,1030,1105,1133,1030,1004,1130,1092,1030,1030,956,1161,1030,1136,1075,1148,1139,1181,1226,1247,1297,1362,1399,1438,1465,1480,1510,1512,1521
1234,1241,1308,1331,1378,1419,1491,1534,1572,1598,1626,1655,1686,1701,1723,1724,1723,1719,1701,1683,1671,1660,1637,1623,1608,1577,1538,1491,1445,1375,1287,1253,1198,1214,1214,1157,1177,1185,1188,1165,1192,1185,1169,1139,1139,1181,1169,1214,1228,1157,1192,1211,1228,1214,1247,1195,1198,1263,1234,1293,1284,1282,1337,1323,1346,1353,1370,1342,1354,1375,1387,1411,1428,1431,1435,1433,1447,1485,1513,1532,1550,1569,1583,1615,1615,1633,1645,1642,1645,1646,1662,1688,1717,1733,1728,1715,1702,1740,1800,1850,1875,1896,1911,1913,1925,1964,2000,2007,2007,2007,2007,2007,2007,2007,1905,1836,1895,1997,1991,1961,1955,1950,1936,1911,1899,1885,1877,1859,1831,1804,1784,1775,1753,1741,1727,1722,1714,1702,1686,1670,1657,1653,1637,1615,1564,1522,1480,1449,1471,1463,1460,1441,1405,1382,1334,1340,1268,1270,1241,1267,1279,1298,1249,1243,1231,1205,1188,1165,1148,1161,1161,1161,1223,1127,1130,1152,1165,1130,1136,1127,1075,1136,1130,1105,1075,1143,1169,1136,1092,1127,951,1148,1115,1053,1169,1122,1075,1115,1152,1115,1115,1130,1136,1133,1136,1157,1198,1231,1265,1323,1387,1403,1442,1472,1490,1513,1515,1523
1238,1249,1307,1325,1370,1417,1472,1535,1561,1595,1629,1659,1683,1696,1715,1723,1725,1723,1708,1697,1685,1665,1641,1630,1614,1582,1545,1512,1451,1398,1337,1265,1234,1214,1188,1157,1169,1185,1220,1238,1157,1185,1173,1152,1185,1185,1161,1185,1226,1211,1169,1214,1211,1243,1234,1226,1195,1247,1220,1268,1281,1297,1309,1320,1316,1352,1356,1355,1367,1374,1371,1389,1421,1429,1428,1413,1419,1448,1499,1530,1544,1569,1585,1601,1615,1625,1631,1633,1621,1615,1642,1671,1699,1684,1667,1662,1709,1773,1808,1835,1858,1874,1900,1920,1948,1974,2007,2007,2007,2007,2007,2007,2007,2003,1848,1823,1916,1992,1993,1989,1974,1954,1921,1862,1850,1867,1877,1866,1841,1808,1786,1769,1756,1721,1681,1702,1714,1690,1676,1656,1652,1645,1634,1617,1597,1566,1551,1528,1511,1473,1456,1421,1362,1335,1333,1322,1290,1298,1247,1257,1257,1282,1243,1208,1195,1231,1161,1148,1152,1161,1165,1188,1169,1130,1130,1152,1053,1173,1177,1122,1181,1169,1130,1169,1122,1139,1188,1115,1105,1152,1139,1161,1139,1133,978,1127,1127,1092,951,1139,1115,1139,1130,1115,1139,1208,1223,1223,1274,1337,1390,1421,1452,1482,1509,1518,1520,1516
1220,1231,1282,1300,1357,1395,1466,1519,1554,1598,1614,1641,1671,1695,1709,1722,1724,1720,1717,1701,1685,1670,1650,1631,1609,1586,1557,1514,1475,1409,1342,1290,1208,1198,1231,1148,1165,1217,1173,1185,1157,1165,1105,1173,1152,1152,1185,1202,1185,1143,1181,1185,1208,1231,1202,1205,1228,1231,1268,1251,1284,1293,1333,1344,1367,1350,1352,1360,1360,1350,1383,1384,1406,1428,1429,1423,1425,1468,1512,1529,1543,1570,1585,1589,1605,1613,1623,1624,1613,1615,1643,1668,1674,1644,1593,1623,1702,1768,1799,1812,1824,1843,1876,1911,1942,1980,2007,2007,2007,2007,2007,2007,2007,2007,1972,1933,1964,1950,1921,1945,1962,1952,1910,1800,1789,1853,1870,1872,1844,1792,1773,1764,1752,1697,1614,1661,1705,1694,1677,1635,1613,1627,1630,1624,1621,1623,1603,1563,1534,1491,1452,1400,1335,1297,1300,1304,1301,1275,1272,1277,1284,1268,1257,1185,1185,1208,1192,1177,1152,1092,1165,1115,1198,1130,1157,978,1148,1173,1127,1152,1127,1148,1136,1130,1169,1173,1136,1130,1185,1165,1136,1133,1148,1157,1075,1105,1092,1004,1127,1030,978,1105,1143,924,1161,1169,1202,1259,1298,1350,1398,1437,1456,1485,1511,1511,1519,1526
1205,1253,1265,1302,1351,1395,1452,1515,1557,1584,1610,1642,1671,1695,1703,1722,1726,1729,1714,1707,1692,1672,1651,1629,1620,1596,1560,1519,1472,1428,1354,1309,1238,1236,1181,1202,1181,1161,1202,1192,1198,1188,1185,1220,1143,1157,1161,1177,1192,1202,1177,1161,1211,1202,1202,1228,1192,1202,1253,1253,1259,1285,1322,1352,1363,1351,1353,1343,1346,1367,1361,1387,1395,1415,1429,1439,1445,1476,1503,1512,1537,1554,1573,1581,1596,1614,1614,1615,1625,1636,1653,1674,1668,1655,1636,1653,1720,1769,1776,1748,1727,1785,1859,1901,1948,1993,2007,2007,2007,2007,2007,2007,2007,2007,1938,1900,1955,1944,1875,1895,1936,1942,1924,1881,1857,1856,1856,1856,1815,1749,1751,1761,1745,1710,1657,1681,1700,1687,1667,1627,1603,1621,1630,1621,1625,1626,1617,1586,1529,1471,1434,1396,1366,1320,1319,1313,1293,1293,1272,1249,1255,1261,1261,1263,1231,1231,1220,1181,1157,1075,1157,1165,1152,1148,1181,1157,1173,1173,1133,1148,1105,1148,1130,1136,1152,1173,1030,1177,1152,1214,1169,1143,1053,1130,1130,1115,1130,1122,1004,956,1122,1148,978,1122,1122,1148,1198,1257,1318,1363,1410,1442,1480,1510,1515,1521,1514,1522
1220,1226,1268,1287,1332,1375,1447,1506,1551,1575,1619,1640,1659,1681,1703,1714,1718,1721,1723,1717,1695,1681,1661,1633,1621,1605,1570,1535,1485,1441,1383,1282,1257,1228,1152,1143,1181,1133,1205,1169,1157,1130,1192,1165,1139,1188,1136,1165,1198,1192,1181,1234,1208,1226,1214,1245,1236,1228,1267,1236,1245,1281,1337,1367,1364,1345,1346,1370,1371,1377,1373,1380,1391,1411,1428,1447,1458,1472,1489,1503,1525,1542,1558,1575,1586,1593,1602,1616,1617,1634,1650,1675,1676,1688,1694,1716,1739,1757,1748,1718,1707,1785,1852,1899,1951,1997,2007,2007,2007,2007,2007,2007,2007,1999,1922,1945,2001,1992,1943,1903,1911,1915,1923,1918,1886,1835,1800,1816,1783,1748,1766,1760,1748,1733,1717,1707,1702,1682,1662,1636,1622,1640,1620,1620,1609,1593,1602,1568,1486,1425,1389,1374,1355,1338,1320,1300,1305,1297,1298,1279,1287,1272,1249,1251,1214,1188,1185,1192,1177,1152,1173,1133,1122,1192,1139,1105,1075,1161,1133,1127,1169,1115,1092,1136,1115,1139,1115,1133,1143,1185,1152,1133,1143,1105,1092,1136,1127,1127,956,1115,1075,1115,1004,1143,1127,1157,1236,1270,1319,1376,1414,1457,1487,1524,1520,1518,1523,1513
1228,1217,1245,1282,1330,1368,1427,1491,1543,1584,1612,1640,1660,1683,1698,1712,1718,1716,1722,1721,1703,1687,1669,1646,1628,1614,1593,1548,1498,1458,1402,1342,1300,1236,1214,1157,1211,1211,1181,1165,1169,1143,1133,1148,1181,1139,1185,1161,1195,1231,1223,1181,1238,1195,1217,1211,1205,1243,1243,1236,1211,1284,1316,1331,1319,1304,1318,1354,1364,1365,1375,1378,1409,1419,1438,1436,1461,1462,1491,1497,1526,1528,1550,1571,1573,1581,1597,1598,1623,1631,1648,1662,1687,1696,1712,1712,1701,1706,1713,1739,1779,1818,1856,1891,1931,1978,2007,2007,2007,2007,2007,2007,2007,2007,2007,1987,1957,1975,1963,1892,1863,1877,1911,1914,1894,1848,1819,1827,1779,1729,1743,1756,1744,1734,1721,1714,1698,1682,1656,1611,1613,1620,1604,1566,1568,1556,1557,1512,1437,1382,1368,1364,1334,1330,1331,1313,1301,1324,1292,1289,1284,1226,1228,1228,1198,1202,1211,1217,1185,1223,1165,1165,1185,1053,1143,1157,1130,1177,1169,1157,1122,1169,1133,1143,1136,1133,1115,1143,1136,1165,1192,1173,1030,1115,1143,1127,1130,898,1030,1115,956,978,1148,1173,1148,1217,1253,1325,1345,1400,1430,1466,1499,1516,1523,1526,1517,1512
1208,1192,1251,1257,1309,1357,1414,1472,1539,1576,1609,1636,1666,1680,1692,1714,1720,1723,1722,1716,1707,1699,1682,1665,1641,1623,1595,1564,1519,1476,1424,1381,1325,1268,1231,1198,1226,1198,1205,1169,1152,1152,1165,1202,1192,1192,1161,1198,1198,1165,1226,1192,1195,1208,1198,1192,1208,1226,1223,1257,1257,1255,1277,1310,1289,1313,1313,1343,1360,1362,1377,1405,1398,1413,1426,1441,1453,1467,1477,1497,1514,1528,1552,1543,1557,1569,1582,1596,1602,1623,1641,1664,1701,1730,1711,1669,1628,1640,1654,1723,1796,1827,1848,1878,1907,1944,1977,2007,2007,2007,2007,2007,2007,2007,2007,1910,1791,1848,1909,1879,1868,1883,1892,1881,1892,1887,1865,1828,1757,1712,1745,1754,1743,1738,1724,1715,1693,1683,1653,1608,1594,1601,1573,1529,1526,1544,1508,1475,1427,1390,1358,1341,1350,1326,1336,1316,1268,1302,1295,1284,1292,1236,1220,1214,1192,1236,1205,1217,1202,1173,1152,1165,1148,1169,1133,1143,1157,1202,1148,1136,1122,1152,1139,1136,1127,1143,1139,1105,1148,1075,1161,1152,1075,1127,1115,1092,1127,1130,1053,1004,1053,1136,1115,1177,1205,1214,1268,1322,1382,1405,1429,1477,1502,1519,1526,1526,1511,1512
1261,1198,1217,1255,1295,1362,1414,1474,1521,1568,1608,1628,1657,1678,1695,1715,1716,1717,1720,1713,1710,1702,1685,1676,1655,1635,1614,1578,1540,1489,1446,1399,1323,1251,1205,1192,1161,1241,1169,1161,1130,1205,1143,1130,1195,1139,1148,1157,1161,1165,1148,1217,1211,1181,1161,1185,1217,1226,1236,1277,1249,1277,1272,1301,1275,1305,1326,1335,1354,1364,1370,1391,1409,1425,1426,1438,1451,1465,1477,1492,1499,1523,1538,1536,1552,1564,1578,1585,1609,1630,1643,1670,1735,1792,1731,1674,1652,1685,1716,1758,1804,1820,1837,1857,1887,1920,1956,1994,2007,2007,2007,2007,2007,2007,2007,1952,1838,1779,1823,1898,1935,1919,1868,1824,1868,1875,1853,1817,1742,1718,1745,1754,1749,1736,1720,1715,1695,1680,1663,1634,1614,1609,1576,1545,1553,1569,1533,1475,1467,1415,1392,1327,1355,1354,1345,1307,1293,1277,1274,1249,1270,1247,1211,1214,1195,1208,1220,1185,1192,1181,1217,1188,1173,1152,1133,1181,1165,1130,1136,1161,1139,1139,1136,1157,978,1139,1127,1148,1148,1133,1127,1053,1130,1133,964,1173,1130,1139,1122,1030,1105,1105,1004,1185,1143,1188,1253,1323,1374,1415,1459,1490,1513,1522,1517,1515,1508,1504
1198,1251,1253,1265,1295,1323,1398,1460,1515,1564,1593,1629,1653,1678,1689,1707,1717,1716,1719,1714,1714,1711,1699,1684,1668,1645,1621,1590,1553,1503,1450,1401,1326,1272,1243,1205,1169,1202,1188,1169,1127,1202,1173,1165,1148,1133,1148,1169,1181,1157,1157,1173,1139,1211,1195,1211,1223,1228,1211,1245,1234,1255,1231,1228,1292,1292,1322,1318,1366,1381,1401,1409,1409,1423,1430,1427,1444,1458,1472,1483,1485,1518,1517,1519,1541,1546,1563,1592,1617,1633,1645,1668,1719,1762,1726,1714,1726,1749,1770,1784,1798,1812,1827,1841,1868,1898,1935,1968,1997,2007,2007,2007,2007,2007,2007,1965,1868,1852,1915,1972,1980,1940,1859,1838,1848,1828,1827,1804,1754,1729,1753,1754,1745,1735,1715,1700,1688,1684,1661,1649,1636,1621,1605,1598,1593,1593,1566,1526,1480,1413,1356,1356,1337,1335,1317,1317,1301,1249,1236,1243,1267,1238,1241,1202,1270,1257,1217,1243,1188,1223,1161,1122,1161,1105,1136,1198,1143,1157,1130,1115,1152,1157,1148,1152,1115,1030,1075,1139,1115,1130,1115,1105,956,1053,956,1030,1157,1030,1053,951,1075,1143,1133,1185,1208,1220,1287,1331,1394,1427,1468,1493,1514,1517,1514,1507,1499,1507
1234,1214,1223,1251,1293,1336,1380,1440,1504,1557,1585,1619,1655,1667,1690,1707,1715,1722,1720,1718,1712,1711,1701,1687,1673,1658,1636,1609,1579,1533,1484,1410,1352,1298,1249,1236,1143,1185,1223,1148,1130,1185,1198,1133,1188,1211,1185,1211,1202,1161,1177,1161,1202,1205,1195,1205,1205,1211,1247,1226,1226,1231,1231,1274,1277,1270,1318,1323,1370,1400,1398,1414,1402,1413,1427,1425,1438,1445,1458,1476,1485,1498,1501,1509,1533,1546,1557,1576,1615,1635,1652,1668,1688,1707,1714,1734,1761,1761,1774,1779,1786,1793,1807,1821,1851,1881,1906,1934,1963,1987,2007,2007,2007,2007,2007,1954,1842,1876,1977,2004,1994,1955,1904,1867,1817,1792,1801,1806,1786,1765,1765,1757,1739,1720,1684,1656,1675,1672,1659,1645,1639,1629,1612,1609,1610,1609,1569,1536,1455,1418,1375,1360,1336,1301,1297,1319,1289,1282,1247,1238,1259,1263,1257,1231,1274,1263,1238,1217,1211,1226,1228,1148,1139,1177,1143,1122,1165,1161,1152,1165,1127,1136,1188,1130,1133,1115,1115,1053,1136,1105,1127,1139,1133,1133,1130,1122,1161,1075,951,1148,1105,1139,1143,1202,1228,1265,1302,1347,1386,1423,1463,1485,1513,1511,1507,1505,1494,1504
1234,1185,1267,1257,1253,1314,1370,1424,1484,1540,1585,1621,1643,1671,1691,1704,1717,1724,1719,1721,1715,1712,1699,1692,1680,1660,1649,1627,1587,1542,1497,1435,1387,1308,1268,1231,1220,1173,1198,1169,1152,1115,1136,1148,1181,1173,1161,1188,1152,1181,1202,1139,1220,1195,1198,1202,1214,1247,1259,1263,1226,1268,1236,1272,1290,1261,1290,1323,1373,1423,1429,1426,1423,1414,1427,1429,1433,1445,1452,1465,1485,1493,1503,1513,1528,1545,1562,1581,1617,1647,1654,1674,1689,1699,1717,1726,1737,1746,1760,1770,1769,1766,1778,1804,1837,1866,1887,1908,1937,1960,1976,1998,2007,2007,2007,1973,1880,1897,1977,2002,1990,1963,1931,1894,1856,1832,1828,1820,1797,1783,1771,1757,1742,1706,1640,1629,1661,1661,1651,1635,1636,1630,1620,1598,1604,1592,1565,1526,1470,1399,1388,1362,1326,1305,1279,1305,1274,1249,1272,1247,1259,1267,1267,1243,1259,1234,1205,1195,1195,1188,1188,1188,1152,1092,1136,1004,1165,1173,1177,1161,1133,1152,1165,1157,1177,1130,1133,1115,1143,956,978,1133,1152,1127,1075,1004,1165,1152,1143,1115,1127,1092,1169,1238,1257,1249,1304,1357,1393,1423,1460,1488,1497,1508,1500,1487,1498,1507
1247,1226,1249,1249,1228,1287,1333,1414,1471,1535,1581,1604,1639,1662,1683,1705,1711,1722,1717,1722,1715,1716,1710,1692,1680,1674,1656,1639,1604,1564,1515,1453,1384,1343,1268,1195,1220,1217,1165,1185,1188,1188,1148,1198,1143,1157,1198,1143,1169,1165,1139,1173,1185,1220,1188,1226,1259,1298,1268,1285,1257,1255,1259,1253,1272,1292,1284,1343,1367,1402,1415,1399,1407,1417,1420,1427,1434,1445,1451,1462,1478,1487,1512,1511,1533,1556,1576,1593,1626,1648,1653,1671,1685,1692,1702,1698,1696,1710,1713,1732,1749,1749,1767,1795,1830,1855,1874,1893,1914,1932,1946,1958,1968,1978,2001,1993,1949,1954,1992,1992,1973,1946,1921,1898,1879,1854,1839,1816,1797,1778,1768,1754,1738,1705,1671,1668,1673,1650,1610,1595,1604,1612,1614,1596,1599,1589,1566,1523,1487,1435,1397,1358,1325,1324,1308,1295,1282,1265,1255,1257,1241,1234,1263,1257,1243,1231,1169,1185,1030,1181,1136,1195,1234,1157,978,1157,1053,1053,898,1105,1122,1092,1139,1152,1053,1133,951,1127,1092,1053,1143,924,1092,1105,978,1139,951,1092,1143,1053,1075,1173,1157,1226,1274,1295,1350,1383,1419,1436,1467,1499,1505,1498,1496,1495,1493,1492
1157,1173,1236,1234,1268,1292,1332,1402,1466,1518,1568,1604,1637,1664,1687,1702,1714,1719,1722,1722,1718,1721,1717,1708,1697,1676,1662,1644,1622,1579,1531,1485,1425,1353,1302,1272,1217,1217,1202,1136,1161,1243,1161,1139,1157,1177,1192,1177,1165,1181,1195,1181,1169,1177,1177,1220,1247,1287,1257,1257,1234,1234,1249,1226,1274,1263,1302,1320,1350,1358,1360,1387,1389,1406,1426,1429,1431,1434,1458,1460,1482,1485,1500,1524,1539,1564,1589,1614,1651,1657,1654,1664,1677,1688,1680,1640,1610,1610,1617,1696,1749,1758,1780,1802,1827,1846,1863,1882,1899,1911,1920,1918,1896,1933,1985,1993,1992,1981,1980,1964,1944,1918,1900,1881,1867,1844,1829,1806,1794,1770,1757,1746,1728,1718,1698,1699,1691,1648,1584,1533,1537,1572,1609,1592,1597,1580,1538,1514,1480,1443,1409,1361,1352,1330,1316,1297,1287,1255,1275,1284,1268,1231,1208,1217,1236,1188,1173,1181,1143,1148,1157,1205,1220,1195,1177,1004,1177,1105,1030,1105,1152,1136,1105,1136,1115,1004,1130,1127,1173,1127,1105,1092,1075,1053,1122,1157,1092,1075,1105,1075,1127,1139,1220,1231,1282,1337,1377,1425,1441,1473,1491,1515,1514,1502,1491,1496,1495,1500
1214,1214,1241,1243,1257,1287,1354,1376,1440,1508,1548,1597,1625,1656,1681,1703,1708,1715,1722,1726,1727,1718,1718,1706,1699,1681,1671,1647,1627,1589,1553,1514,1443,1383,1332,1289,1241,1202,1202,1188,1115,1177,1195,1165,1152,1192,1161,1136,1195,1165,1139,1198,1173,1122,1157,1226,1231,1249,1208,1226,1234,1241,1228,1253,1247,1267,1293,1307,1323,1340,1354,1353,1356,1409,1436,1471,1430,1436,1457,1460,1470,1492,1509,1518,1548,1581,1603,1640,1673,1677,1667,1664,1681,1684,1652,1589,1560,1576,1634,1725,1769,1784,1791,1811,1823,1842,1861,1871,1886,1899,1903,1890,1868,1918,1962,1977,1974,1957,1922,1895,1889,1882,1870,1858,1845,1827,1808,1793,1776,1761,1753,1737,1726,1706,1699,1688,1679,1655,1590,1533,1514,1559,1602,1579,1557,1548,1524,1488,1462,1423,1409,1354,1334,1297,1282,1261,1285,1282,1257,1267,1267,1217,1245,1238,1249,1226,1185,1208,1188,1228,1192,1198,1202,1205,1220,1152,1165,1157,1148,1127,1030,924,1115,1130,1115,1136,1053,1143,1161,1053,1092,1004,1148,1148,969,1127,1105,1130,1053,1148,1133,1161,1169,1241,1290,1355,1405,1439,1463,1481,1514,1525,1518,1512,1506,1493,1510,1512
1217,1181,1223,1257,1265,1284,1312,1364,1427,1491,1535,1587,1620,1650,1672,1692,1709,1721,1722,1726,1723,1718,1721,1710,1700,1687,1675,1649,1637,1615,1570,1527,1471,1412,1352,1279,1241,1211,1205,1139,1195,1243,1188,1202,1220,1181,1169,1198,1198,1139,1139,1152,1181,1161,1214,1198,1188,1192,1211,1148,1188,1220,1220,1231,1226,1245,1255,1290,1320,1302,1337,1346,1346,1395,1425,1441,1434,1445,1446,1463,1478,1493,1506,1524,1560,1592,1616,1648,1664,1675,1669,1667,1685,1706,1676,1615,1614,1661,1709,1754,1773,1786,1799,1817,1832,1838,1848,1857,1871,1886,1892,1888,1892,1918,1940,1942,1937,1911,1848,1794,1797,1830,1837,1828,1817,1800,1793,1778,1761,1753,1733,1723,1709,1697,1687,1680,1672,1643,1584,1563,1584,1595,1586,1540,1492,1507,1513,1495,1468,1413,1396,1354,1307,1292,1295,1259,1255,1231,1253,1263,1268,1263,1253,1253,1238,1188,1205,1188,1202,1195,1208,1208,1236,1192,1226,1130,1127,1115,1004,1192,1148,1053,1169,1127,1122,1105,1152,1152,1130,1133,1130,1136,1165,1075,1115,1136,1143,1122,1122,1161,1130,1157,1234,1255,1317,1383,1424,1460,1487,1507,1527,1526,1519,1505,1508,1514,1515,1513
1228,1208,1234,1243,1261,1270,1300,1352,1416,1471,1522,1571,1609,1638,1668,1688,1706,1713,1722,1722,1730,1719,1722,1714,1709,1695,1681,1665,1644,1610,1587,1551,1502,1446,1377,1334,1268,1245,1217,1202,1223,1202,1173,1214,1217,1192,1115,1143,1127,1173,1148,1152,1157,1148,1133,1157,1195,1214,1185,1211,1202,1214,1231,1223,1185,1234,1220,1261,1307,1319,1331,1331,1358,1377,1404,1413,1433,1444,1447,1461,1478,1480,1508,1523,1554,1590,1619,1634,1641,1653,1667,1672,1675,1711,1707,1669,1677,1702,1732,1749,1765,1779,1794,1812,1826,1825,1836,1849,1857,1871,1887,1893,1900,1908,1913,1908,1902,1881,1816,1752,1749,1779,1797,1798,1793,1780,1774,1757,1747,1735,1718,1706,1691,1684,1671,1667,1656,1627,1589,1614,1620,1611,1573,1508,1440,1476,1492,1468,1437,1403,1347,1335,1325,1300,1261,1231,1253,1249,1251,1238,1241,1277,1268,1202,1217,1169,1188,1205,1234,1202,1241,1249,1202,1208,1173,1133,1143,1157,1092,1122,1133,1152,1181,951,1127,1075,1030,1092,1165,1127,1133,1157,1136,1122,1169,1157,1133,1115,1143,1185,1205,1228,1192,1289,1346,1405,1445,1470,1491,1518,1522,1525,1521,1514,1508,1507,1516,1524
1245,1202,1251,1236,1223,1281,1293,1355,1382,1444,1511,1556,1600,1621,1657,1680,1702,1712,1722,1728,1732,1726,1719,1718,1710,1702,1685,1674,1654,1623,1606,1564,1521,1468,1408,1337,1267,1238,1195,1211,1173,1165,1198,1173,1165,1195,1205,1185,1136,1169,1143,1205,1192,1192,1208,1169,1211,1220,1223,1217,1226,1208,1188,1223,1198,1195,1223,1279,1307,1308,1322,1333,1344,1364,1395,1417,1414,1438,1449,1470,1474,1490,1509,1524,1552,1566,1605,1616,1637,1651,1654,1663,1679,1699,1692,1697,1698,1719,1728,1742,1746,1756,1786,1797,1807,1816,1825,1836,1845,1857,1870,1884,1884,1889,1885,1880,1868,1861,1822,1775,1761,1773,1773,1770,1741,1735,1747,1742,1729,1718,1690,1680,1669,1661,1652,1652,1644,1638,1630,1630,1630,1599,1552,1492,1471,1475,1475,1465,1428,1393,1344,1316,1317,1277,1253,1268,1270,1270,1261,1243,1253,1253,1228,1214,1169,1192,1208,1195,1228,1195,1205,1192,1211,1195,1157,1127,1143,1127,978,1139,1177,951,1133,1143,1157,1157,1177,1157,1152,1133,1148,1004,1127,1075,1165,1122,1143,1075,1133,1127,1234,1228,1265,1314,1370,1422,1442,1466,1502,1512,1529,1521,1514,1510,1499,1505,1517,1524
1223,1226,1263,1241,1241,1241,1287,1326,1370,1432,1479,1534,1586,1616,1646,1675,1696,1714,1721,1728,1729,1726,1724,1720,1714,1704,1694,1682,1664,1642,1616,1577,1542,1483,1438,1365,1323,1281,1234,1177,1195,1214,1136,1220,1130,1169,1161,1127,1177,1139,1202,1195,1143,1195,1217,1143,1177,1214,1217,1217,1161,1236,1202,1181,1211,1217,1214,1274,1253,1289,1323,1334,1336,1353,1363,1390,1415,1421,1445,1463,1473,1495,1503,1519,1537,1564,1584,1606,1640,1663,1659,1666,1674,1690,1693,1688,1704,1720,1719,1707,1683,1719,1761,1780,1794,1805,1813,1822,1837,1842,1856,1862,1860,1860,1857,1848,1848,1833,1812,1786,1770,1768,1755,1724,1680,1695,1721,1724,1708,1695,1672,1644,1627,1627,1625,1618,1614,1630,1632,1629,1618,1575,1503,1450,1463,1485,1461,1449,1415,1383,1337,1318,1298,1277,1263,1279,1285,1272,1247,1259,1247,1272,1253,1217,1205,1169,1202,1211,1198,1236,1208,1257,1214,1217,1173,1192,1122,1169,1157,1127,1157,1136,1152,1122,1130,1004,1004,1188,1185,1169,1136,969,1092,1030,1004,1092,1004,1143,1181,1173,1205,1236,1270,1340,1390,1423,1461,1488,1506,1527,1518,1521,1511,1497,1504,1511,1526,1533
1261,1231,1223,1198,1249,1272,1281,1322,1355,1414,1453,1527,1565,1601,1628,1667,1686,1706,1718,1728,1731,1729,1723,1721,1719,1706,1697,1690,1671,1654,1636,1596,1561,1504,1468,1402,1346,1312,1245,1217,1267,1236,1173,1188,1177,1185,1181,1130,1177,1115,1181,1173,1185,1181,1177,1185,1177,1185,1208,1241,1188,1217,1228,1231,1226,1245,1238,1263,1259,1295,1319,1341,1346,1363,1383,1385,1395,1416,1448,1449,1473,1493,1506,1522,1534,1562,1587,1605,1626,1647,1645,1659,1683,1689,1678,1680,1705,1710,1702,1655,1611,1684,1748,1771,1781,1789,1803,1812,1818,1826,1833,1837,1841,1840,1831,1824,1817,1810,1794,1779,1762,1748,1724,1667,1616,1665,1700,1700,1697,1677,1639,1588,1560,1578,1579,1553,1566,1601,1619,1621,1604,1539,1454,1425,1460,1478,1471,1432,1403,1389,1345,1325,1307,1302,1270,1270,1228,1238,1228,1228,1247,1249,1251,1245,1188,1181,1198,1181,1202,1198,1214,1228,1220,1238,1181,1148,1115,1152,951,1127,1148,1143,1143,1133,1122,1157,1130,1075,1161,1122,1148,1143,1130,1139,1053,1157,1075,1165,1169,1188,1236,1259,1308,1365,1413,1449,1473,1495,1520,1525,1526,1508,1498,1492,1498,1510,1522,1529
1270,1192,1238,1259,1247,1267,1287,1302,1334,1395,1451,1496,1555,1592,1621,1651,1683,1705,1714,1720,1728,1737,1730,1727,1723,1713,1707,1695,1678,1664,1646,1621,1584,1533,1486,1438,1398,1320,1305,1217,1185,1198,1192,1202,1169,1195,1195,1143,1161,1195,1205,1195,1148,1169,1195,1173,1181,1211,1198,1226,1202,1231,1268,1253,1220,1243,1231,1272,1267,1297,1310,1334,1354,1364,1378,1388,1399,1413,1430,1434,1454,1483,1507,1518,1534,1550,1587,1595,1626,1636,1641,1656,1660,1668,1653,1661,1701,1707,1694,1634,1604,1681,1740,1761,1769,1784,1786,1793,1805,1812,1821,1819,1825,1818,1811,1807,1796,1783,1770,1756,1743,1724,1692,1619,1582,1636,1680,1685,1668,1649,1584,1507,1486,1523,1524,1486,1488,1572,1611,1602,1556,1532,1501,1492,1491,1473,1446,1427,1395,1356,1333,1312,1297,1290,1257,1234,1243,1243,1226,1241,1165,1228,1249,1226,1188,1173,1165,1234,1136,1165,1211,1245,1217,1217,1195,1169,1161,1161,1127,1127,1133,1157,1143,1173,1092,1105,1169,1127,1105,1092,1139,1136,1139,1136,1115,1127,1127,1173,1188,1231,1251,1301,1327,1385,1427,1461,1484,1505,1525,1527,1522,1513,1510,1490,1495,1514,1528,1537
1220,1188,1202,1236,1241,1255,1268,1292,1316,1360,1421,1481,1534,1588,1615,1643,1674,1695,1717,1724,1728,1727,1732,1724,1723,1718,1709,1701,1686,1671,1657,1630,1598,1555,1527,1461,1417,1364,1297,1265,1220,1165,1188,1217,1165,1195,1205,1165,1165,1195,1148,1205,1220,1211,1198,1161,1195,1217,1211,1205,1192,1231,1217,1205,1217,1228,1214,1245,1274,1297,1298,1320,1370,1363,1368,1384,1398,1392,1395,1429,1443,1471,1490,1514,1534,1556,1578,1596,1614,1617,1631,1645,1651,1647,1627,1654,1691,1701,1691,1665,1655,1712,1745,1757,1761,1770,1776,1783,1793,1800,1808,1805,1803,1800,1789,1784,1775,1764,1754,1739,1722,1703,1668,1598,1568,1619,1663,1668,1660,1639,1561,1488,1485,1527,1539,1503,1531,1603,1621,1597,1566,1552,1538,1515,1481,1472,1420,1403,1374,1341,1317,1325,1307,1287,1249,1247,1241,1226,1238,1202,1217,1211,1220,1185,1185,1208,1173,1177,1173,1127,1217,1231,1208,1185,1148,1139,1181,1136,1127,1127,1133,1136,1152,1133,1133,1133,1133,1152,1105,1143,1177,1105,1075,1157,978,1136,1181,1169,1202,1226,1265,1309,1374,1404,1442,1472,1503,1514,1533,1527,1522,1506,1506,1492,1492,1515,1533,1542
1223,1198,1243,1211,1249,1238,1263,1279,1290,1333,1394,1436,1512,1558,1603,1633,1665,1680,1704,1719,1727,1731,1729,1730,1726,1723,1709,1703,1691,1680,1664,1645,1613,1574,1538,1501,1446,1367,1326,1270,1257,1214,1133,1198,1177,1148,1217,1214,1177,1148,1161,1152,1185,1169,1173,1188,1152,1185,1161,1192,1208,1185,1205,1228,1228,1259,1192,1251,1277,1275,1302,1346,1397,1384,1375,1365,1374,1377,1395,1409,1435,1463,1484,1512,1534,1563,1579,1589,1598,1591,1588,1605,1636,1644,1648,1679,1689,1704,1708,1703,1706,1734,1748,1754,1749,1762,1771,1775,1780,1790,1786,1786,1786,1779,1776,1765,1761,1768,1765,1715,1696,1664,1638,1605,1610,1639,1656,1657,1646,1638,1591,1554,1558,1562,1558,1564,1602,1644,1635,1611,1593,1571,1562,1537,1480,1438,1398,1403,1404,1363,1298,1313,1295,1257,1274,1253,1247,1217,1214,1205,1198,1208,1241,1208,1226,1192,1139,1148,1152,1177,1195,1192,1092,1127,1130,1030,1188,1053,1188,1122,1030,1143,1169,1115,1115,1139,1133,1030,1157,951,1165,1004,1130,1143,1130,1139,1105,1161,1208,1257,1287,1344,1388,1424,1452,1485,1523,1529,1531,1527,1515,1508,1497,1489,1498,1522,1534,1546
1220,1217,1198,1195,1245,1238,1253,1263,1300,1322,1381,1423,1483,1544,1589,1622,1651,1676,1702,1716,1735,1738,1736,1734,1731,1727,1718,1716,1701,1692,1674,1655,1627,1595,1557,1515,1468,1414,1350,1308,1257,1238,1226,1181,1220,1169,1192,1188,1157,1173,1211,1192,1157,1169,1211,1173,1188,1148,1181,1192,1185,1208,1192,1223,1217,1214,1261,1277,1272,1302,1343,1438,1476,1415,1385,1357,1362,1374,1394,1426,1434,1461,1492,1505,1526,1550,1562,1587,1585,1550,1515,1554,1623,1650,1665,1683,1695,1701,1710,1721,1723,1735,1742,1737,1748,1748,1763,1765,1770,1778,1779,1771,1770,1768,1764,1752,1742,1751,1745,1694,1658,1610,1616,1626,1667,1723,1700,1653,1639,1637,1618,1597,1580,1540,1548,1600,1628,1635,1624,1613,1592,1571,1553,1515,1487,1440,1408,1425,1423,1344,1305,1304,1309,1279,1259,1274,1282,1241,1249,1208,1177,1192,1211,1243,1188,1169,1169,1139,1075,1185,1185,1133,1157,1165,1127,1188,1133,1148,1122,1181,1169,1205,1169,1152,1139,1143,1130,1136,1122,1143,1053,1053,1157,1053,1152,1143,1136,1169,1249,1274,1320,1383,1414,1431,1476,1502,1534,1540,1529,1517,1518,1498,1488,1495,1507,1530,1538,1551
1228,1198,1214,1188,1238,1247,1253,1268,1284,1326,1357,1399,1465,1515,1567,1601,1641,1665,1688,1715,1727,1733,1741,1740,1737,1729,1729,1719,1712,1702,1684,1663,1640,1618,1575,1533,1495,1454,1398,1325,1277,1217,1195,1192,1165,1177,1202,1177,1185,1217,1192,1122,1177,1198,1220,1148,1136,1161,1148,1231,1165,1211,1192,1192,1211,1251,1251,1255,1275,1322,1411,1519,1527,1434,1371,1370,1384,1380,1392,1418,1434,1456,1470,1501,1531,1554,1565,1586,1587,1512,1461,1534,1631,1657,1672,1681,1694,1705,1715,1718,1722,1721,1726,1725,1733,1748,1752,1761,1765,1765,1764,1756,1755,1746,1746,1740,1728,1710,1700,1663,1603,1562,1600,1630,1690,1793,1777,1668,1630,1628,1618,1598,1575,1553,1573,1602,1612,1613,1602,1585,1568,1556,1550,1526,1487,1433,1393,1399,1405,1348,1332,1295,1285,1259,1234,1255,1267,1255,1247,1234,1165,1195,1198,1157,1115,1165,1169,1165,1122,1133,1053,1173,1115,1139,1192,1122,951,1177,1133,1157,1133,1148,1136,1136,1157,1130,1105,1143,1181,1092,1092,1136,1122,1127,1169,1130,1136,1234,1259,1330,1371,1409,1430,1460,1501,1513,1539,1536,1527,1520,1509,1502,1482,1498,1511,1534,1537,1549
1211,1143,1238,1202,1249,1223,1231,1279,1257,1301,1308,1391,1429,1492,1539,1589,1624,1651,1673,1698,1718,1733,1740,1742,1742,1740,1735,1730,1722,1712,1695,1676,1656,1627,1601,1559,1530,1480,1422,1372,1313,1251,1217,1195,1202,1157,1234,1192,1195,1169,1173,1139,1148,1130,1198,1238,1211,1136,1177,1161,1220,1205,1208,1220,1205,1226,1231,1279,1277,1325,1438,1528,1483,1396,1345,1367,1388,1370,1413,1422,1449,1453,1467,1489,1519,1550,1556,1588,1577,1529,1523,1591,1661,1666,1671,1680,1686,1699,1710,1715,1710,1701,1694,1700,1716,1737,1743,1749,1754,1747,1746,1745,1741,1737,1723,1727,1716,1702,1678,1634,1579,1570,1616,1655,1689,1787,1797,1687,1618,1612,1591,1557,1557,1609,1599,1573,1566,1568,1558,1540,1550,1550,1622,1649,1526,1438,1378,1350,1352,1337,1322,1316,1305,1279,1268,1257,1253,1263,1272,1268,1243,1217,1255,1228,1214,1192,1157,1188,1177,1157,1152,1133,1143,1143,1136,1127,1157,1157,1105,1092,1092,1133,1157,951,1075,1105,978,1075,1139,1157,978,1161,1130,1092,1092,1165,1198,1238,1282,1351,1390,1427,1447,1471,1509,1528,1549,1540,1521,1518,1511,1500,1490,1491,1529,1536,1554,1558
1228,1195,1228,1223,1223,1253,1265,1245,1241,1287,1324,1347,1415,1454,1520,1560,1610,1636,1663,1690,1712,1727,1736,1740,1746,1742,1741,1737,1729,1719,1704,1683,1662,1644,1610,1578,1548,1509,1452,1404,1335,1295,1217,1228,1185,1198,1157,1148,1173,1161,1208,1165,1202,1136,1177,1161,1181,1202,1185,1205,1217,1236,1231,1220,1226,1185,1255,1228,1281,1314,1388,1428,1398,1354,1342,1350,1375,1385,1406,1423,1443,1475,1489,1493,1525,1549,1557,1589,1605,1598,1628,1653,1680,1671,1688,1685,1686,1694,1697,1701,1700,1689,1674,1678,1698,1721,1731,1739,1740,1733,1730,1727,1724,1720,1714,1705,1699,1687,1662,1631,1599,1604,1638,1674,1676,1701,1727,1650,1605,1597,1566,1539,1583,1597,1577,1529,1526,1533,1522,1521,1527,1541,1689,1786,1641,1451,1394,1367,1338,1325,1312,1308,1275,1267,1268,1243,1255,1249,1275,1287,1265,1253,1208,1195,1165,1143,1165,1130,1169,1157,1139,978,1136,1143,1136,1122,1152,1143,1030,1092,1165,1148,898,1127,1148,1130,1152,969,1030,1139,1092,1136,1195,1143,1115,1177,1211,1245,1335,1360,1404,1434,1460,1493,1529,1534,1544,1536,1518,1511,1504,1496,1500,1509,1519,1546,1557,1551
1188,1188,1177,1214,1198,1226,1234,1223,1279,1243,1323,1329,1377,1444,1495,1535,1587,1620,1652,1675,1704,1725,1738,1745,1745,1744,1743,1742,1735,1727,1715,1706,1681,1657,1629,1596,1565,1523,1479,1434,1378,1319,1265,1257,1231,1205,1173,1195,1139,1205,1143,1157,1181,1165,1188,1143,1185,1152,1202,1192,1202,1214,1165,1223,1214,1161,1249,1261,1268,1253,1323,1307,1318,1331,1335,1335,1353,1387,1407,1432,1454,1481,1472,1496,1498,1530,1543,1581,1612,1636,1659,1670,1687,1680,1693,1673,1682,1682,1684,1699,1699,1691,1680,1676,1698,1715,1717,1718,1719,1715,1707,1709,1703,1703,1693,1687,1683,1663,1657,1631,1604,1621,1616,1599,1628,1608,1613,1595,1609,1587,1579,1579,1598,1597,1553,1526,1539,1545,1557,1557,1588,1562,1647,1769,1668,1466,1398,1364,1353,1318,1308,1330,1302,1297,1292,1268,1259,1214,1270,1257,1234,1228,1192,1177,1139,1173,1157,1181,1152,1148,1169,1177,1157,1030,1188,1157,1130,1133,1092,1157,1165,1053,1136,1127,1143,1161,1122,1115,1148,1136,1092,1115,978,1105,1152,1185,1247,1265,1345,1387,1421,1457,1486,1514,1528,1540,1523,1522,1527,1511,1505,1497,1490,1517,1533,1543,1555,1552
1205,1231,1202,1202,1177,1205,1214,1220,1261,1282,1292,1325,1360,1414,1460,1522,1565,1607,1643,1668,1694,1721,1734,1745,1748,1751,1751,1750,1746,1736,1725,1710,1690,1671,1653,1621,1577,1539,1501,1458,1422,1341,1312,1263,1236,1202,1192,1165,1188,1205,1243,1214,1188,1152,1173,1198,1161,1143,1198,1208,1181,1192,1214,1214,1223,1251,1226,1251,1228,1245,1292,1293,1307,1317,1326,1350,1351,1365,1395,1417,1445,1443,1461,1482,1477,1491,1518,1559,1597,1632,1658,1671,1684,1676,1671,1667,1668,1669,1680,1686,1686,1690,1690,1692,1700,1701,1705,1696,1695,1691,1687,1693,1695,1679,1679,1671,1663,1653,1639,1626,1607,1606,1605,1578,1600,1578,1571,1581,1603,1629,1608,1614,1615,1599,1578,1556,1546,1527,1532,1531,1561,1556,1540,1601,1558,1452,1409,1371,1346,1341,1318,1301,1298,1277,1270,1251,1272,1253,1245,1249,1238,1211,1211,1185,1143,1165,1165,1169,1161,1192,1195,1075,1185,1115,1165,1152,1139,1105,1127,1136,1133,951,1177,1177,1143,1173,1075,1092,1133,1075,1004,1169,1127,1133,1181,1236,1270,1329,1377,1427,1441,1487,1495,1521,1535,1530,1516,1516,1508,1508,1482,1494,1497,1517,1536,1553,1557,1564
1223,1157,1241,1214,1208,1241,1220,1236,1247,1245,1270,1309,1343,1377,1429,1492,1537,1583,1628,1658,1680,1709,1727,1743,1753,1756,1754,1751,1743,1742,1732,1721,1706,1695,1663,1636,1606,1573,1528,1482,1438,1384,1326,1275,1253,1220,1236,1198,1195,1208,1177,1195,1217,1152,1217,1136,1188,1161,1198,1169,1188,1192,1223,1226,1228,1238,1251,1205,1249,1261,1261,1268,1298,1316,1326,1314,1351,1387,1381,1402,1429,1442,1456,1474,1495,1500,1530,1538,1581,1623,1652,1662,1673,1663,1668,1661,1661,1670,1674,1675,1677,1681,1685,1692,1690,1690,1678,1674,1672,1672,1672,1678,1675,1668,1666,1672,1657,1638,1628,1618,1600,1564,1549,1533,1523,1537,1544,1562,1573,1614,1623,1627,1610,1606,1592,1563,1537,1514,1495,1466,1468,1485,1461,1463,1443,1406,1402,1360,1337,1318,1324,1310,1304,1277,1245,1255,1236,1255,1245,1231,1231,1177,1169,1208,1152,1214,1139,1181,1161,1139,1177,1127,1136,1157,1133,1169,1133,1161,1075,1130,1173,1053,1075,1148,1173,1127,1136,1092,1127,1092,1133,1130,1181,1202,1223,1251,1297,1348,1400,1434,1473,1497,1516,1526,1528,1524,1522,1518,1506,1503,1496,1500,1513,1527,1537,1549,1562,1559
1214,1202,1205,1173,1243,1214,1223,1243,1249,1243,1265,1289,1326,1364,1407,1466,1518,1563,1604,1642,1667,1701,1724,1742,1749,1753,1761,1756,1757,1749,1745,1731,1714,1698,1679,1646,1622,1589,1554,1509,1467,1418,1366,1312,1279,1234,1238,1195,1177,1185,1192,1192,1198,1220,1188,1161,1211,1188,1165,1198,1192,1202,1202,1220,1188,1214,1211,1243,1243,1255,1253,1284,1301,1313,1302,1330,1337,1376,1388,1407,1425,1437,1456,1477,1496,1522,1542,1554,1575,1605,1630,1646,1649,1680,1685,1659,1658,1667,1661,1664,1669,1672,1676,1678,1678,1667,1654,1652,1652,1647,1658,1664,1668,1667,1655,1648,1642,1640,1615,1607,1575,1531,1461,1431,1470,1514,1559,1583,1598,1619,1623,1616,1593,1605,1592,1556,1534,1517,1498,1473,1455,1450,1434,1419,1412,1385,1367,1350,1334,1324,1320,1307,1277,1267,1231,1234,1220,1238,1238,1205,1231,1195,1228,1205,1169,1211,1157,1148,1157,1143,1165,1148,1208,1136,1202,1157,1030,1136,1133,1143,1161,1130,1139,1161,1143,1148,1122,1122,1105,1139,1148,1136,1161,1157,1211,1275,1314,1366,1404,1443,1490,1515,1527,1529,1533,1536,1515,1509,1514,1487,1488,1509,1509,1527,1539,1548,1558,1561
1238,1202,1231,1185,1217,1211,1223,1231,1243,1249,1261,1263,1312,1347,1398,1442,1491,1540,1581,1622,1656,1683,1715,1736,1746,1761,1760,1765,1760,1753,1751,1739,1728,1712,1691,1667,1643,1610,1579,1549,1508,1462,1407,1352,1335,1220,1234,1192,1173,1211,1228,1198,1188,1157,1188,1226,1192,1152,1223,1181,1181,1192,1202,1161,1208,1234,1211,1247,1249,1261,1272,1267,1297,1287,1330,1341,1354,1364,1387,1409,1421,1419,1446,1468,1494,1511,1526,1553,1570,1598,1614,1625,1643,1679,1695,1669,1653,1663,1659,1657,1655,1663,1663,1668,1665,1653,1644,1640,1636,1641,1644,1655,1649,1674,1668,1641,1640,1633,1610,1590,1561,1522,1471,1464,1480,1551,1595,1606,1622,1625,1619,1594,1591,1583,1567,1551,1526,1525,1507,1499,1463,1443,1438,1421,1409,1375,1367,1335,1331,1309,1270,1268,1265,1236,1217,1220,1198,1192,1217,1205,1161,1181,1198,1195,1185,1185,1181,1157,1173,1133,1130,1136,1130,1157,1169,1177,1105,1105,951,1133,1115,1092,1148,1133,956,1173,924,1143,1127,1143,1139,1157,1165,1161,1249,1281,1344,1412,1430,1468,1498,1525,1528,1537,1527,1525,1518,1492,1487,1496,1509,1516,1518,1533,1549,1550,1550,1548
1228,1223,1238,1217,1181,1165,1220,1241,1185,1245,1238,1263,1310,1317,1371,1422,1467,1514,1566,1600,1635,1664,1692,1728,1741,1756,1765,1771,1765,1763,1761,1748,1736,1724,1701,1681,1658,1630,1603,1562,1533,1492,1438,1392,1346,1290,1267,1249,1214,1192,1208,1220,1188,1195,1161,1188,1202,1223,1192,1173,1177,1220,1205,1208,1152,1211,1226,1251,1249,1263,1279,1289,1316,1287,1320,1344,1336,1351,1378,1377,1413,1418,1432,1450,1481,1505,1527,1539,1568,1577,1605,1613,1636,1657,1686,1666,1637,1649,1667,1670,1655,1659,1655,1660,1654,1647,1634,1636,1632,1636,1636,1639,1639,1642,1656,1670,1670,1633,1592,1537,1529,1536,1530,1533,1544,1601,1609,1599,1615,1614,1608,1581,1583,1573,1569,1541,1536,1522,1493,1489,1468,1441,1428,1415,1398,1371,1337,1336,1322,1301,1292,1279,1267,1247,1243,1214,1245,1214,1173,1195,1220,1208,1173,1148,1181,1139,1231,1241,1234,1192,1181,1188,1195,1157,1161,1030,1115,1105,1161,1122,1133,1130,1127,1169,1143,1173,1143,1092,1122,1177,1185,1202,1247,1238,1282,1340,1372,1423,1456,1482,1514,1522,1523,1530,1528,1520,1519,1492,1494,1502,1510,1513,1526,1536,1548,1553,1553,1529
1231,1217,1249,1205,1231,1205,1202,1238,1228,1226,1236,1234,1287,1314,1337,1397,1437,1490,1536,1577,1620,1655,1681,1713,1739,1751,1765,1773,1774,1774,1771,1760,1746,1729,1718,1692,1674,1645,1624,1593,1551,1503,1473,1421,1378,1325,1281,1249,1234,1205,1217,1195,1223,1198,1173,1157,1198,1181,1173,1143,1195,1202,1181,1198,1231,1185,1214,1231,1259,1238,1251,1267,1279,1298,1324,1326,1353,1351,1385,1404,1388,1394,1405,1417,1451,1482,1514,1528,1542,1562,1582,1607,1628,1631,1649,1655,1624,1620,1638,1643,1641,1642,1648,1653,1662,1651,1638,1640,1628,1630,1639,1643,1653,1636,1654,1672,1646,1627,1584,1530,1515,1552,1556,1574,1596,1597,1598,1602,1591,1604,1592,1567,1559,1553,1567,1543,1535,1532,1487,1487,1472,1449,1430,1400,1363,1363,1348,1326,1302,1302,1277,1287,1259,1247,1238,1173,1205,1255,1255,1214,1202,1173,1226,1195,1181,1105,1284,1202,1243,1205,1143,1152,1130,1161,1177,1169,1143,1152,1157,1205,1198,1169,1148,1188,1133,1136,1139,1185,1092,1133,1130,1208,1253,1277,1325,1364,1399,1439,1472,1498,1519,1530,1527,1515,1517,1499,1500,1478,1491,1501,1514,1523,1526,1546,1548,1554,1542,1527
1234,1198,1211,1205,1195,1217,1223,1223,1202,1223,1253,1231,1263,1301,1327,1366,1416,1454,1512,1561,1597,1635,1668,1706,1724,1752,1763,1776,1776,1778,1770,1770,1757,1746,1727,1716,1690,1673,1645,1614,1572,1534,1499,1463,1417,1350,1302,1265,1228,1255,1211,1165,1211,1217,1177,1192,1188,1205,1181,1217,1205,1169,1223,1202,1214,1205,1220,1238,1253,1245,1279,1272,1302,1292,1302,1320,1345,1354,1372,1372,1394,1400,1404,1409,1438,1465,1512,1525,1550,1543,1549,1583,1614,1633,1630,1641,1614,1617,1623,1650,1661,1659,1658,1685,1669,1650,1646,1635,1635,1644,1640,1653,1644,1614,1636,1651,1635,1618,1591,1572,1590,1582,1571,1594,1600,1613,1605,1573,1555,1572,1573,1540,1531,1526,1541,1525,1515,1508,1477,1477,1461,1430,1406,1361,1341,1341,1334,1323,1304,1292,1265,1274,1220,1220,1228,1238,1253,1261,1255,1173,1181,1198,1127,1161,1173,1177,1228,1236,1192,1202,1220,1169,1173,1165,1161,1130,1157,1115,1185,1133,1161,1130,1181,1165,1143,1133,1139,951,1133,1143,1202,1188,1263,1314,1356,1397,1433,1459,1491,1515,1524,1523,1526,1518,1490,1473,1477,1487,1502,1508,1514,1528,1533,1548,1544,1544,1530,1530
1208,1226,1226,1185,1208,1202,1228,1234,1169,1241,1211,1236,1282,1259,1316,1319,1378,1443,1481,1529,1577,1619,1659,1689,1722,1740,1764,1775,1776,1778,1775,1772,1766,1753,1739,1724,1707,1685,1663,1638,1605,1571,1519,1489,1453,1404,1338,1310,1257,1226,1234,1214,1188,1152,1205,1173,1195,1192,1202,1231,1205,1185,1195,1208,1198,1234,1243,1234,1241,1243,1272,1277,1284,1305,1323,1319,1330,1345,1373,1385,1389,1413,1406,1429,1443,1461,1490,1520,1537,1540,1551,1553,1583,1610,1625,1638,1638,1644,1628,1641,1662,1659,1670,1671,1667,1665,1668,1663,1653,1673,1668,1663,1641,1606,1602,1604,1597,1612,1624,1627,1615,1587,1590,1617,1605,1601,1594,1577,1550,1575,1563,1550,1525,1527,1523,1509,1490,1465,1447,1460,1437,1423,1408,1381,1360,1360,1343,1331,1302,1287,1238,1261,1238,1228,1247,1238,1255,1253,1205,1195,1181,1211,1208,1202,1188,1234,1214,1241,1226,1241,1257,1228,1165,1143,1157,1075,1177,1133,1148,1143,1165,1195,1157,924,1139,1165,969,1133,1157,1130,1217,1267,1302,1350,1395,1416,1446,1472,1500,1518,1528,1527,1520,1504,1488,1488,1474,1473,1490,1512,1526,1525,1548,1544,1550,1538,1530,1508
1251,1208,1205,1205,1247,1208,1226,1161,1143,1217,1234,1243,1265,1257,1305,1326,1362,1414,1458,1515,1555,1597,1640,1674,1702,1729,1752,1765,1781,1788,1784,1784,1779,1765,1749,1735,1713,1702,1677,1661,1630,1592,1558,1532,1483,1430,1375,1317,1277,1247,1226,1234,1208,1177,1205,1177,1188,1161,1157,1192,1234,1188,1152,1205,1243,1202,1217,1205,1238,1249,1257,1284,1268,1305,1301,1320,1337,1352,1371,1378,1390,1407,1417,1432,1444,1447,1476,1499,1527,1545,1557,1572,1591,1615,1616,1622,1645,1641,1634,1642,1642,1654,1659,1666,1669,1659,1658,1648,1621,1662,1678,1657,1631,1614,1590,1589,1593,1596,1621,1623,1609,1599,1587,1592,1597,1595,1580,1576,1570,1573,1578,1540,1515,1514,1498,1481,1470,1440,1417,1434,1428,1423,1424,1376,1376,1342,1333,1326,1284,1263,1241,1251,1243,1234,1185,1238,1247,1205,1226,1214,1208,1192,1205,1198,1195,1228,1231,1251,1241,1223,1245,1157,1143,1152,1130,1192,1133,1157,1157,1030,1169,1205,1161,1122,1152,1092,1105,1115,1173,1226,1267,1302,1324,1382,1411,1428,1463,1483,1509,1530,1529,1521,1518,1513,1503,1473,1467,1477,1493,1508,1523,1537,1545,1543,1540,1533,1515,1499
1220,1249,1223,1228,1205,1223,1217,1195,1249,1236,1228,1238,1245,1253,1277,1292,1338,1372,1433,1485,1522,1566,1613,1656,1689,1713,1745,1759,1775,1784,1787,1784,1784,1769,1760,1743,1726,1715,1689,1677,1649,1623,1588,1550,1511,1471,1407,1364,1320,1265,1270,1223,1192,1202,1185,1185,1181,1202,1188,1152,1130,1181,1220,1195,1192,1205,1228,1226,1265,1281,1279,1287,1292,1284,1314,1312,1310,1343,1383,1364,1392,1397,1419,1427,1448,1451,1441,1482,1516,1525,1554,1576,1592,1615,1618,1609,1621,1635,1636,1637,1635,1632,1635,1643,1633,1644,1634,1625,1629,1676,1738,1709,1641,1623,1605,1603,1594,1590,1579,1577,1582,1588,1555,1539,1543,1544,1526,1529,1549,1551,1552,1530,1513,1493,1478,1456,1445,1423,1376,1421,1436,1421,1400,1368,1365,1341,1326,1319,1290,1257,1261,1195,1238,1243,1236,1255,1217,1195,1181,1228,1173,1238,1214,1217,1279,1247,1208,1238,1238,1253,1220,1173,1169,1148,1130,1075,1136,1139,1143,1165,1152,1165,1157,1152,1152,951,1202,1177,1217,1245,1289,1325,1360,1391,1426,1452,1481,1493,1523,1525,1521,1520,1517,1504,1504,1478,1478,1487,1504,1513,1526,1538,1545,1543,1530,1530,1510,1487
1226,1228,1236,1214,1220,1185,1226,1217,1133,1249,1202,1214,1243,1234,1251,1293,1329,1362,1419,1449,1502,1550,1589,1636,1673,1705,1729,1757,1766,1781,1786,1787,1783,1778,1763,1749,1736,1721,1700,1690,1669,1642,1616,1577,1534,1503,1456,1398,1358,1304,1287,1241,1241,1211,1226,1195,1220,1202,1157,1165,1185,1202,1192,1205,1205,1208,1228,1195,1243,1249,1255,1267,1297,1297,1287,1313,1318,1331,1364,1380,1399,1399,1409,1414,1437,1443,1454,1476,1500,1515,1545,1560,1579,1593,1593,1601,1612,1618,1614,1619,1619,1614,1609,1613,1604,1601,1590,1609,1630,1668,1705,1681,1625,1611,1620,1613,1595,1578,1565,1551,1581,1572,1529,1458,1436,1433,1429,1456,1495,1526,1527,1513,1485,1477,1462,1449,1439,1426,1403,1416,1428,1409,1382,1366,1338,1331,1329,1302,1290,1277,1245,1277,1181,1236,1257,1243,1208,1214,1169,1211,1198,1241,1231,1223,1265,1267,1245,1263,1236,1211,1247,1211,1177,1161,1169,1127,1105,1115,1122,1148,1185,1195,1177,1177,1136,1177,1192,1214,1238,1307,1342,1384,1395,1414,1451,1478,1490,1520,1526,1530,1532,1520,1519,1513,1508,1494,1497,1491,1501,1521,1527,1535,1543,1534,1523,1507,1505,1475
1223,1217,1226,1185,1198,1223,1241,1208,1205,1177,1236,1226,1236,1247,1263,1302,1307,1331,1381,1425,1477,1521,1557,1606,1651,1691,1709,1745,1761,1778,1780,1787,1784,1783,1776,1764,1747,1735,1716,1707,1681,1656,1635,1607,1571,1538,1490,1439,1402,1333,1325,1261,1275,1234,1214,1217,1198,1205,1195,1188,1211,1173,1173,1238,1217,1220,1220,1243,1198,1267,1261,1287,1279,1279,1287,1317,1330,1347,1353,1361,1376,1383,1387,1398,1405,1439,1447,1472,1498,1510,1528,1552,1574,1575,1577,1593,1589,1589,1588,1604,1596,1597,1593,1603,1589,1563,1556,1574,1596,1632,1653,1611,1572,1572,1596,1590,1579,1549,1528,1496,1551,1569,1527,1477,1461,1435,1424,1451,1492,1477,1493,1491,1477,1454,1436,1419,1428,1425,1418,1419,1424,1392,1357,1319,1343,1330,1304,1314,1290,1285,1253,1247,1208,1223,1226,1231,1173,1188,1173,1205,1231,1202,1228,1234,1220,1238,1236,1261,1228,1208,1223,1188,1195,951,1157,1105,1130,1188,1157,1122,1169,1092,1161,1136,1157,1181,1220,1253,1300,1336,1384,1391,1420,1439,1467,1501,1512,1522,1530,1533,1527,1519,1523,1517,1514,1510,1509,1512,1510,1522,1523,1531,1536,1535,1510,1512,1486,1470
1234,1165,1234,1165,1214,1198,1181,1226,1205,1247,1198,1217,1223,1234,1247,1279,1304,1327,1370,1408,1444,1486,1532,1579,1619,1663,1706,1722,1744,1766,1774,1784,1790,1787,1778,1775,1758,1748,1733,1721,1701,1686,1657,1632,1603,1560,1528,1486,1442,1398,1346,1284,1272,1261,1220,1177,1181,1220,1157,1226,1217,1192,1205,1188,1231,1234,1231,1223,1245,1238,1253,1281,1249,1289,1302,1314,1324,1335,1361,1357,1384,1384,1390,1398,1383,1409,1432,1456,1493,1533,1525,1545,1557,1554,1568,1573,1581,1583,1583,1585,1584,1595,1613,1612,1584,1567,1553,1561,1564,1597,1616,1581,1548,1551,1565,1573,1562,1561,1515,1474,1540,1552,1540,1512,1508,1490,1492,1513,1510,1488,1475,1473,1458,1439,1418,1414,1419,1428,1422,1401,1398,1383,1344,1332,1324,1317,1304,1267,1272,1298,1265,1253,1234,1228,1228,1251,1245,1188,1177,1228,1220,1202,1188,1247,1251,1177,1205,1243,1205,1208,1205,1243,1198,1130,1127,1173,1177,1198,1130,1152,1177,1148,1192,1133,1148,1261,1277,1307,1345,1389,1411,1423,1434,1471,1492,1501,1521,1523,1525,1526,1525,1526,1523,1516,1507,1515,1506,1514,1507,1520,1531,1524,1532,1519,1505,1493,1478,1462
1202,1220,1253,1223,1223,1205,1257,1226,1202,1238,1217,1226,1238,1214,1214,1238,1289,1301,1343,1366,1419,1462,1507,1540,1591,1628,1679,1711,1734,1754,1769,1772,1786,1790,1783,1778,1770,1757,1745,1732,1718,1701,1675,1649,1627,1595,1558,1519,1481,1432,1395,1342,1290,1268,1228,1217,1205,1238,1234,1169,1181,1198,1188,1192,1136,1245,1192,1214,1243,1243,1236,1257,1285,1279,1305,1318,1318,1327,1342,1353,1355,1376,1381,1374,1394,1412,1421,1450,1481,1519,1520,1529,1538,1542,1544,1547,1549,1563,1564,1570,1569,1581,1589,1583,1576,1572,1562,1566,1580,1597,1589,1563,1550,1545,1549,1531,1551,1556,1535,1517,1540,1538,1528,1527,1521,1550,1561,1553,1515,1488,1476,1454,1456,1434,1417,1410,1429,1423,1409,1391,1370,1370,1333,1331,1316,1309,1272,1292,1292,1297,1255,1247,1238,1238,1161,1208,1220,1236,1181,1188,1231,1161,1253,1205,1234,1238,1247,1245,1234,1202,1241,1241,1231,1205,1157,1139,1105,1165,1143,1188,1165,1185,1157,1192,1223,1292,1346,1376,1402,1426,1438,1444,1457,1468,1491,1524,1527,1526,1530,1526,1525,1525,1527,1518,1500,1508,1509,1510,1500,1521,1523,1526,1516,1512,1497,1477,1471,1452
1236,1249,1188,1211,1231,1238,1234,1205,1214,1211,1226,1228,1214,1236,1214,1253,1265,1272,1307,1347,1406,1436,1479,1521,1560,1612,1650,1695,1720,1736,1757,1769,1778,1783,1788,1780,1774,1762,1759,1745,1738,1711,1694,1671,1645,1622,1590,1550,1514,1463,1425,1398,1342,1293,1287,1261,1234,1255,1238,1173,1177,1217,1247,1214,1220,1236,1249,1236,1208,1253,1253,1279,1263,1302,1292,1308,1305,1297,1309,1319,1361,1386,1385,1394,1395,1405,1422,1448,1478,1485,1508,1529,1532,1522,1532,1543,1535,1535,1540,1543,1552,1560,1570,1571,1558,1563,1564,1568,1566,1583,1582,1557,1557,1557,1543,1539,1536,1551,1538,1528,1522,1515,1513,1527,1547,1561,1567,1561,1520,1512,1479,1466,1438,1441,1435,1422,1419,1411,1398,1376,1356,1365,1341,1320,1324,1320,1309,1309,1289,1279,1238,1238,1188,1226,1243,1177,1195,1249,1152,1214,1208,1236,1177,1228,1253,1251,1251,1220,1169,1214,1220,1234,1228,1261,1205,1181,1133,1157,1148,1148,1188,1192,1161,1214,1267,1368,1423,1458,1470,1462,1465,1467,1467,1490,1511,1526,1533,1534,1528,1537,1528,1523,1525,1519,1508,1508,1507,1506,1511,1519,1522,1520,1499,1504,1490,1482,1460,1440
1243,1205,1223,1205,1181,1220,1223,1234,1223,1236,1245,1202,1223,1220,1231,1243,1268,1274,1297,1314,1365,1423,1450,1486,1530,1582,1622,1665,1699,1726,1740,1760,1769,1776,1778,1783,1773,1771,1765,1759,1746,1732,1710,1696,1668,1639,1617,1569,1539,1506,1470,1430,1371,1333,1309,1272,1228,1211,1231,1243,1177,1220,1238,1208,1220,1181,1243,1181,1247,1231,1257,1268,1268,1267,1307,1287,1301,1289,1312,1305,1367,1378,1395,1397,1402,1418,1430,1454,1451,1486,1509,1516,1519,1508,1519,1528,1537,1521,1513,1530,1537,1548,1555,1567,1551,1547,1554,1564,1567,1567,1556,1548,1542,1541,1528,1514,1524,1526,1532,1526,1504,1505,1512,1513,1540,1549,1557,1547,1511,1492,1481,1463,1434,1427,1425,1426,1417,1404,1378,1381,1366,1355,1348,1324,1318,1300,1314,1301,1289,1282,1251,1243,1249,1247,1228,1223,1208,1198,1181,1177,1220,1195,1231,1208,1253,1245,1205,1243,1217,1241,1208,1188,1253,1214,1130,1127,1192,1177,1181,1208,1165,1177,1208,1265,1301,1365,1450,1503,1503,1494,1495,1482,1485,1500,1522,1525,1533,1538,1534,1531,1534,1526,1524,1519,1512,1512,1503,1508,1506,1510,1508,1514,1501,1500,1483,1477,1461,1444
1217,1220,1236,1223,1243,1245,1214,1205,1226,1245,1236,1211,1226,1202,1181,1241,1228,1253,1285,1295,1351,1364,1417,1453,1495,1551,1591,1636,1671,1703,1727,1743,1761,1769,1772,1778,1771,1770,1769,1764,1751,1735,1725,1710,1681,1663,1638,1602,1558,1531,1510,1471,1428,1395,1333,1309,1268,1245,1223,1220,1223,1228,1161,1236,1188,1195,1253,1236,1259,1214,1267,1261,1297,1289,1292,1298,1293,1310,1317,1343,1345,1370,1388,1395,1409,1415,1430,1440,1446,1473,1479,1488,1491,1489,1502,1514,1519,1496,1485,1508,1526,1530,1539,1543,1538,1541,1547,1562,1564,1561,1543,1550,1538,1513,1506,1510,1529,1540,1528,1521,1523,1516,1511,1524,1533,1541,1540,1527,1481,1454,1450,1431,1415,1402,1415,1426,1411,1398,1385,1378,1362,1363,1337,1331,1309,1293,1281,1284,1270,1257,1259,1255,1249,1245,1214,1226,1226,1202,1185,1173,1198,1220,1251,1228,1245,1257,1223,1255,1228,1231,1211,1157,1165,1188,1169,1161,1185,1198,1202,1143,1195,1208,1228,1281,1329,1382,1436,1476,1500,1501,1505,1492,1499,1511,1526,1527,1544,1528,1538,1528,1542,1531,1515,1514,1514,1512,1517,1503,1496,1515,1512,1505,1496,1497,1483,1468,1447,1433
1251,1223,1226,1226,1236,1211,1228,1236,1202,1234,1231,1238,1245,1231,1236,1188,1231,1243,1274,1272,1309,1363,1395,1429,1475,1516,1556,1607,1645,1679,1709,1727,1742,1753,1762,1768,1774,1767,1762,1756,1753,1740,1729,1721,1703,1683,1661,1635,1594,1567,1533,1500,1463,1425,1391,1344,1310,1281,1257,1220,1177,1188,1228,1198,1188,1192,1231,1249,1249,1249,1238,1275,1270,1309,1268,1301,1308,1327,1336,1361,1352,1373,1372,1382,1404,1408,1425,1447,1452,1470,1466,1428,1431,1473,1483,1507,1492,1460,1425,1483,1527,1549,1543,1530,1528,1534,1530,1564,1558,1561,1551,1547,1536,1509,1504,1528,1540,1545,1537,1531,1520,1505,1520,1516,1523,1527,1529,1483,1417,1421,1422,1413,1402,1398,1410,1421,1411,1412,1402,1395,1376,1348,1341,1305,1284,1267,1295,1285,1270,1287,1268,1251,1272,1249,1228,1241,1169,1173,1177,1241,1220,1165,1228,1220,1223,1226,1247,1231,1220,1236,1185,1165,1122,1136,1165,1148,1030,1226,1202,1220,1208,1263,1268,1319,1377,1409,1445,1481,1508,1520,1522,1492,1505,1520,1533,1530,1541,1532,1532,1540,1531,1528,1523,1524,1523,1511,1514,1508,1508,1519,1508,1509,1498,1468,1453,1443,1441,1429
1198,1205,1241,1226,1205,1181,1245,1236,1211,1214,1198,1245,1220,1226,1255,1208,1226,1228,1261,1253,1293,1320,1350,1407,1454,1488,1529,1572,1609,1656,1680,1707,1732,1746,1755,1762,1758,1760,1761,1756,1751,1743,1738,1725,1717,1697,1674,1651,1623,1598,1570,1535,1501,1475,1419,1391,1345,1292,1272,1259,1243,1249,1198,1228,1231,1198,1217,1217,1228,1220,1228,1285,1268,1270,1305,1316,1327,1324,1346,1334,1366,1361,1368,1380,1384,1413,1409,1423,1445,1454,1466,1454,1431,1459,1464,1476,1476,1453,1440,1486,1514,1548,1557,1531,1525,1523,1526,1539,1542,1540,1539,1542,1542,1534,1527,1532,1542,1544,1530,1535,1516,1504,1508,1510,1506,1504,1510,1439,1400,1411,1406,1398,1389,1409,1424,1413,1412,1417,1410,1395,1380,1372,1341,1334,1274,1272,1282,1270,1295,1309,1277,1277,1267,1251,1228,1243,1220,1192,1251,1228,1220,1195,1192,1220,1231,1263,1249,1228,1238,1195,1192,1152,1185,1177,1173,1165,1205,1220,1211,1236,1236,1290,1307,1377,1414,1447,1463,1501,1517,1527,1528,1510,1519,1527,1529,1538,1527,1529,1539,1540,1530,1523,1520,1521,1527,1514,1510,1511,1509,1515,1505,1496,1477,1460,1446,1441,1429,1415
1228,1217,1214,1205,1234,1214,1249,1234,1231,1245,1234,1185,1245,1238,1234,1234,1238,1247,1223,1268,1277,1300,1325,1392,1430,1457,1504,1540,1575,1625,1658,1689,1715,1736,1749,1754,1760,1759,1759,1756,1749,1744,1738,1734,1726,1712,1693,1678,1653,1624,1601,1577,1548,1517,1486,1437,1387,1345,1314,1261,1238,1247,1223,1251,1249,1228,1238,1243,1265,1238,1255,1270,1268,1249,1298,1304,1323,1312,1343,1360,1373,1383,1388,1381,1394,1380,1395,1410,1423,1441,1459,1465,1462,1478,1458,1460,1476,1482,1496,1501,1525,1554,1552,1530,1513,1505,1510,1499,1518,1512,1540,1536,1545,1539,1535,1525,1525,1527,1528,1513,1522,1508,1508,1503,1495,1468,1463,1439,1413,1415,1405,1403,1415,1430,1435,1419,1413,1405,1397,1393,1372,1344,1336,1322,1313,1300,1275,1290,1249,1284,1284,1261,1259,1272,1245,1234,1165,1177,1208,1236,1208,1177,1198,1202,1202,1231,1185,1226,1226,1185,1198,1192,1157,1195,1136,1181,1181,1214,1265,1249,1301,1345,1377,1415,1447,1463,1502,1512,1531,1534,1522,1518,1526,1533,1533,1539,1537,1547,1541,1535,1537,1519,1529,1523,1515,1515,1513,1513,1511,1506,1483,1464,1452,1450,1438,1432,1418,1405
1238,1192,1253,1211,1249,1228,1253,1192,1220,1226,1226,1223,1220,1226,1223,1231,1243,1234,1253,1241,1265,1297,1322,1347,1402,1439,1465,1515,1549,1594,1630,1665,1697,1716,1743,1753,1761,1757,1753,1756,1748,1749,1740,1736,1725,1723,1710,1697,1679,1654,1629,1611,1579,1548,1520,1492,1446,1399,1364,1337,1287,1302,1305,1259,1208,1217,1231,1211,1241,1245,1253,1261,1277,1275,1285,1302,1322,1331,1347,1360,1358,1388,1388,1393,1390,1391,1409,1411,1422,1432,1442,1449,1452,1462,1459,1449,1459,1488,1495,1508,1534,1546,1544,1523,1508,1520,1530,1507,1510,1512,1519,1532,1536,1530,1524,1520,1525,1510,1515,1507,1518,1505,1495,1482,1467,1438,1429,1421,1411,1397,1381,1407,1416,1429,1428,1431,1419,1405,1391,1395,1364,1350,1338,1305,1289,1297,1279,1282,1267,1267,1277,1272,1234,1251,1226,1198,1173,1234,1208,1220,1214,1217,1231,1226,1198,1192,1161,1234,1165,1205,1192,1136,1223,1177,1192,1161,1220,1236,1285,1322,1356,1392,1430,1452,1479,1492,1521,1538,1533,1534,1531,1529,1531,1539,1527,1541,1540,1552,1535,1532,1530,1536,1532,1517,1514,1516,1519,1516,1508,1486,1475,1456,1450,1435,1429,1426,1401,1375
1220,1238,1226,1198,1223,1192,1236,1241,1220,1214,1228,1228,1214,1255,1208,1195,1228,1231,1249,1236,1234,1285,1297,1322,1350,1410,1439,1484,1526,1562,1596,1638,1673,1696,1721,1740,1746,1761,1765,1766,1757,1744,1743,1738,1733,1729,1720,1717,1707,1683,1663,1642,1612,1584,1553,1528,1483,1447,1413,1393,1343,1304,1292,1265,1226,1228,1236,1245,1251,1251,1238,1255,1277,1270,1287,1298,1318,1337,1342,1357,1364,1374,1384,1386,1398,1405,1400,1421,1421,1424,1423,1439,1451,1478,1466,1460,1459,1479,1488,1498,1529,1563,1551,1503,1514,1513,1514,1503,1499,1509,1504,1514,1514,1514,1524,1513,1511,1515,1513,1510,1504,1497,1476,1447,1435,1415,1417,1423,1420,1406,1412,1412,1418,1421,1421,1421,1415,1406,1380,1372,1363,1345,1313,1314,1308,1320,1282,1275,1272,1279,1255,1249,1259,1211,1223,1228,1188,1177,1195,1236,1185,1228,1188,1161,1173,1157,1202,1202,1161,1195,1205,1241,1226,1173,1195,1236,1263,1287,1333,1364,1403,1433,1452,1470,1505,1527,1538,1547,1548,1536,1534,1529,1534,1525,1535,1540,1537,1544,1538,1534,1528,1528,1526,1524,1519,1517,1517,1512,1513,1485,1459,1452,1457,1450,1429,1410,1387,1364
1185,1198,1211,1192,1236,1231,1217,1217,1243,1220,1238,1243,1272,1236,1220,1249,1263,1238,1267,1236,1208,1259,1267,1310,1337,1372,1428,1472,1496,1527,1573,1605,1649,1670,1702,1724,1739,1752,1761,1766,1760,1753,1747,1740,1737,1736,1726,1724,1715,1705,1686,1666,1643,1615,1587,1562,1534,1479,1471,1427,1390,1337,1319,1284,1277,1251,1220,1247,1255,1251,1245,1270,1268,1259,1292,1298,1325,1323,1344,1360,1365,1385,1398,1386,1399,1395,1409,1408,1416,1419,1427,1421,1442,1461,1480,1470,1472,1464,1472,1482,1506,1575,1563,1504,1491,1502,1492,1498,1491,1495,1497,1512,1503,1513,1521,1519,1515,1514,1503,1497,1492,1489,1439,1410,1365,1368,1423,1445,1450,1443,1438,1427,1418,1417,1415,1407,1397,1382,1382,1353,1329,1336,1340,1312,1300,1284,1270,1279,1265,1245,1261,1214,1234,1234,1214,1208,1234,1185,1192,1195,1205,1152,1195,1226,1185,1234,1185,1188,1198,1173,1157,1223,1181,1214,1211,1274,1268,1322,1380,1410,1432,1462,1480,1506,1526,1531,1547,1546,1550,1542,1539,1537,1538,1534,1538,1539,1538,1534,1533,1528,1531,1530,1519,1518,1520,1527,1523,1504,1488,1480,1458,1450,1443,1430,1419,1408,1373,1334
1241,1195,1251,1181,1195,1211,1241,1195,1208,1226,1243,1220,1211,1241,1228,1226,1231,1208,1270,1257,1247,1259,1265,1287,1313,1354,1399,1434,1469,1508,1541,1575,1612,1642,1673,1704,1730,1745,1764,1761,1769,1764,1758,1745,1749,1746,1740,1734,1728,1713,1702,1688,1668,1648,1618,1593,1560,1542,1507,1466,1439,1403,1367,1319,1281,1275,1249,1255,1251,1247,1249,1251,1257,1263,1267,1289,1298,1317,1335,1355,1362,1362,1387,1387,1386,1408,1405,1390,1413,1416,1416,1426,1434,1444,1470,1482,1474,1454,1456,1453,1472,1551,1555,1491,1487,1502,1496,1504,1502,1512,1496,1492,1484,1482,1498,1495,1502,1510,1510,1491,1481,1460,1419,1414,1400,1418,1431,1454,1458,1450,1439,1421,1423,1423,1398,1372,1378,1370,1365,1377,1343,1337,1341,1302,1312,1279,1265,1257,1255,1208,1275,1268,1267,1255,1243,1185,1236,1181,1177,1198,1188,1181,1198,1205,1236,1202,1169,1226,1228,1185,1202,1223,1223,1243,1267,1290,1332,1358,1422,1446,1467,1490,1510,1520,1543,1553,1546,1554,1548,1546,1538,1544,1537,1542,1540,1542,1533,1530,1530,1519,1530,1531,1534,1523,1519,1523,1513,1493,1476,1456,1459,1446,1436,1423,1408,1383,1351,1327
1198,1228,1226,1249,1238,1228,1238,1234,1214,1263,1223,1228,1228,1245,1243,1214,1238,1241,1257,1263,1243,1231,1270,1270,1295,1322,1367,1397,1449,1471,1518,1550,1580,1618,1657,1679,1711,1732,1751,1763,1766,1768,1769,1757,1756,1750,1747,1745,1738,1725,1717,1706,1688,1674,1654,1625,1601,1567,1547,1520,1488,1438,1412,1385,1318,1302,1268,1259,1277,1263,1261,1265,1263,1289,1285,1304,1295,1331,1350,1363,1352,1373,1380,1385,1391,1392,1380,1402,1402,1415,1409,1427,1442,1478,1477,1478,1473,1465,1457,1443,1445,1480,1470,1456,1458,1467,1451,1483,1491,1494,1491,1478,1472,1478,1482,1504,1502,1502,1490,1483,1466,1440,1440,1434,1438,1445,1443,1456,1454,1447,1444,1432,1418,1413,1404,1370,1361,1358,1368,1376,1358,1333,1324,1320,1292,1290,1284,1265,1238,1243,1255,1259,1289,1185,1208,1236,1220,1205,1214,1208,1192,1243,1181,1192,1202,1192,1198,1214,1217,1214,1169,1247,1259,1275,1313,1344,1372,1415,1447,1478,1505,1510,1538,1532,1548,1561,1552,1555,1554,1548,1542,1538,1547,1544,1545,1539,1541,1536,1532,1522,1532,1519,1531,1527,1523,1516,1504,1482,1465,1446,1443,1429,1426,1413,1382,1360,1324,1304
1272,1217,1257,1251,1214,1214,1231,1223,1231,1238,1243,1245,1243,1202,1257,1247,1243,1223,1231,1245,1231,1249,1267,1267,1272,1302,1302,1366,1417,1458,1485,1519,1551,1587,1625,1648,1682,1708,1735,1751,1765,1773,1769,1766,1770,1765,1760,1755,1754,1739,1730,1721,1705,1686,1668,1656,1633,1607,1582,1556,1525,1501,1460,1418,1381,1355,1316,1290,1272,1274,1261,1284,1272,1284,1298,1301,1320,1324,1340,1357,1370,1378,1385,1388,1398,1388,1361,1376,1405,1421,1441,1436,1453,1469,1467,1480,1478,1475,1476,1452,1458,1461,1452,1450,1446,1440,1434,1446,1451,1470,1475,1456,1436,1444,1463,1490,1496,1487,1490,1466,1430,1443,1463,1463,1446,1439,1440,1443,1454,1433,1428,1425,1418,1397,1383,1383,1358,1335,1376,1351,1371,1335,1316,1309,1293,1282,1285,1253,1245,1243,1259,1238,1243,1249,1217,1202,1205,1214,1217,1198,1202,1214,1198,1192,1185,1169,1169,1217,1228,1217,1238,1247,1295,1323,1338,1393,1421,1458,1489,1512,1517,1529,1540,1550,1554,1554,1563,1554,1550,1552,1542,1551,1550,1544,1548,1539,1532,1535,1526,1527,1523,1525,1532,1528,1524,1515,1496,1485,1438,1444,1430,1421,1405,1398,1371,1337,1338,1287
1245,1267,1251,1208,1257,1226,1238,1236,1205,1202,1185,1238,1234,1249,1261,1257,1255,1220,1245,1249,1238,1270,1255,1236,1265,1287,1302,1322,1384,1417,1461,1498,1527,1558,1594,1630,1661,1694,1713,1742,1755,1761,1771,1769,1770,1765,1764,1761,1759,1748,1742,1734,1715,1702,1680,1671,1653,1640,1614,1589,1570,1538,1504,1472,1432,1399,1364,1316,1300,1290,1274,1282,1290,1310,1308,1293,1316,1334,1348,1376,1360,1387,1392,1390,1386,1393,1360,1387,1400,1417,1424,1438,1456,1466,1477,1475,1478,1482,1468,1440,1453,1462,1457,1458,1431,1425,1436,1441,1455,1454,1449,1432,1425,1427,1443,1466,1488,1489,1465,1439,1417,1458,1470,1466,1464,1466,1449,1453,1441,1433,1432,1405,1398,1392,1353,1366,1370,1368,1383,1356,1347,1317,1330,1297,1267,1289,1259,1251,1238,1234,1223,1228,1238,1205,1226,1198,1223,1226,1188,1217,1208,1205,1198,1247,1169,1195,1202,1217,1238,1255,1243,1292,1312,1370,1404,1420,1460,1479,1503,1530,1533,1540,1543,1548,1562,1557,1554,1556,1553,1547,1551,1540,1544,1534,1532,1538,1530,1528,1523,1519,1526,1528,1533,1521,1512,1495,1471,1458,1448,1432,1419,1411,1398,1382,1347,1305,1304,1292
1231,1202,1259,1226,1238,1220,1238,1226,1202,1198,1208,1192,1257,1247,1217,1231,1226,1255,1243,1251,1245,1251,1255,1251,1226,1289,1274,1308,1340,1392,1427,1467,1510,1531,1569,1603,1629,1660,1700,1721,1742,1754,1759,1767,1770,1771,1766,1766,1762,1756,1750,1736,1732,1720,1703,1685,1672,1662,1641,1629,1602,1575,1544,1508,1473,1454,1408,1365,1329,1309,1300,1282,1304,1312,1293,1313,1333,1320,1345,1360,1381,1376,1387,1395,1401,1383,1370,1373,1405,1410,1417,1437,1451,1465,1458,1468,1462,1462,1449,1421,1420,1438,1454,1456,1442,1428,1428,1448,1491,1532,1477,1427,1421,1430,1406,1421,1439,1440,1432,1418,1432,1473,1474,1462,1464,1460,1435,1446,1436,1438,1419,1384,1350,1350,1361,1378,1386,1380,1368,1355,1351,1338,1327,1313,1301,1284,1261,1257,1259,1223,1238,1238,1234,1223,1188,1220,1208,1202,1226,1211,1247,1188,1185,1192,1220,1195,1217,1228,1255,1274,1318,1333,1376,1405,1440,1462,1500,1513,1528,1540,1547,1543,1554,1554,1565,1564,1552,1555,1554,1544,1540,1548,1550,1540,1533,1532,1522,1528,1528,1527,1528,1528,1522,1517,1496,1484,1471,1460,1439,1433,1413,1400,1373,1356,1330,1307,1284,1261
1220,1223,1257,1231,1263,1234,1238,1236,1241,1228,1241,1192,1241,1245,1243,1234,1231,1243,1241,1241,1211,1241,1241,1247,1267,1243,1270,1313,1301,1352,1400,1430,1482,1519,1539,1570,1610,1636,1666,1700,1723,1742,1754,1759,1766,1774,1770,1769,1769,1767,1753,1749,1736,1725,1718,1701,1688,1681,1664,1651,1633,1614,1583,1564,1523,1483,1439,1417,1377,1338,1342,1335,1332,1316,1324,1301,1322,1341,1329,1360,1365,1376,1388,1397,1401,1394,1390,1406,1423,1421,1428,1428,1437,1456,1458,1463,1460,1449,1451,1404,1415,1405,1447,1458,1448,1456,1445,1451,1539,1574,1491,1432,1425,1430,1433,1407,1418,1421,1424,1414,1421,1441,1446,1434,1457,1439,1430,1432,1434,1438,1404,1370,1345,1346,1353,1374,1387,1373,1344,1334,1332,1324,1302,1290,1290,1279,1261,1274,1272,1245,1247,1198,1214,1165,1211,1195,1169,1173,1211,1165,1173,1185,1192,1214,1231,1217,1243,1287,1305,1319,1336,1399,1419,1449,1476,1488,1513,1532,1541,1545,1548,1543,1555,1557,1550,1556,1554,1558,1545,1550,1555,1548,1542,1534,1522,1524,1518,1517,1527,1521,1531,1528,1513,1504,1485,1471,1451,1440,1432,1413,1402,1383,1357,1326,1290,1277,1275,1236
1220,1220,1234,1247,1234,1238,1238,1243,1217,1253,1214,1245,1238,1243,1220,1251,1228,1192,1195,1255,1247,1202,1255,1267,1234,1255,1265,1285,1292,1330,1360,1406,1447,1481,1515,1547,1573,1613,1638,1668,1699,1725,1742,1752,1760,1774,1775,1775,1772,1771,1763,1754,1735,1732,1718,1717,1705,1694,1682,1668,1662,1647,1620,1591,1549,1512,1461,1436,1425,1415,1405,1373,1365,1344,1316,1329,1335,1334,1353,1356,1355,1383,1378,1396,1397,1418,1427,1414,1417,1431,1426,1438,1450,1467,1463,1462,1465,1453,1433,1423,1408,1414,1447,1457,1460,1466,1461,1474,1549,1567,1500,1429,1422,1429,1416,1419,1400,1411,1424,1411,1405,1416,1422,1424,1435,1434,1432,1419,1428,1421,1382,1361,1342,1368,1351,1385,1374,1358,1345,1340,1326,1319,1304,1318,1302,1301,1272,1274,1279,1238,1234,1173,1198,1185,1245,1236,1220,1214,1181,1188,1228,1198,1220,1217,1241,1257,1297,1325,1338,1388,1422,1438,1471,1492,1496,1518,1535,1537,1560,1553,1544,1551,1554,1554,1550,1557,1560,1551,1553,1547,1557,1545,1543,1530,1530,1525,1532,1524,1534,1539,1525,1520,1511,1489,1465,1457,1446,1425,1410,1413,1389,1374,1336,1316,1300,1285,1263,1251
1245,1253,1234,1217,1231,1238,1234,1223,1231,1236,1214,1220,1226,1243,1238,1247,1226,1241,1249,1226,1255,1208,1251,1205,1241,1214,1245,1249,1268,1309,1330,1350,1416,1443,1502,1521,1545,1573,1614,1642,1679,1702,1725,1740,1748,1758,1765,1775,1775,1776,1765,1765,1744,1734,1730,1715,1716,1701,1687,1687,1670,1660,1641,1616,1575,1524,1481,1459,1455,1468,1453,1442,1422,1393,1361,1354,1350,1360,1358,1355,1367,1360,1383,1382,1408,1410,1406,1420,1426,1440,1444,1449,1460,1465,1463,1471,1465,1459,1454,1445,1430,1432,1450,1460,1461,1464,1476,1475,1532,1553,1492,1454,1443,1434,1416,1415,1401,1405,1405,1409,1403,1417,1430,1432,1437,1430,1419,1407,1386,1378,1364,1366,1351,1344,1374,1362,1365,1368,1344,1319,1319,1289,1284,1301,1300,1302,1277,1259,1265,1195,1188,1202,1188,1251,1192,1220,1211,1173,1192,1198,1198,1241,1226,1268,1268,1302,1335,1372,1413,1430,1466,1486,1508,1517,1523,1537,1544,1562,1563,1552,1557,1550,1551,1553,1554,1555,1555,1558,1552,1552,1556,1544,1534,1523,1538,1526,1531,1529,1528,1525,1522,1498,1490,1473,1451,1445,1431,1401,1417,1407,1358,1354,1319,1282,1274,1281,1261,1261
1249,1217,1228,1217,1253,1234,1228,1241,1228,1245,1241,1251,1238,1245,1226,1195,1249,1226,1263,1259,1231,1268,1238,1263,1259,1220,1263,1220,1251,1279,1310,1330,1382,1407,1454,1490,1526,1553,1583,1616,1652,1681,1708,1726,1734,1746,1762,1772,1778,1777,1769,1771,1760,1752,1742,1732,1722,1707,1702,1695,1684,1668,1638,1608,1555,1518,1504,1497,1515,1515,1506,1491,1471,1434,1416,1398,1382,1360,1373,1375,1382,1385,1395,1390,1405,1408,1430,1434,1438,1443,1444,1439,1448,1454,1461,1476,1465,1455,1456,1452,1449,1441,1460,1452,1450,1467,1472,1458,1496,1527,1505,1474,1461,1456,1436,1426,1418,1410,1405,1415,1432,1438,1414,1428,1423,1432,1406,1402,1380,1362,1373,1363,1354,1352,1363,1375,1371,1363,1343,1341,1314,1313,1302,1293,1289,1301,1293,1272,1226,1241,1211,1208,1226,1236,1238,1192,1234,1192,1177,1195,1234,1236,1251,1292,1324,1368,1405,1420,1461,1477,1485,1514,1528,1537,1544,1555,1553,1562,1559,1548,1545,1550,1550,1549,1553,1555,1554,1554,1553,1548,1545,1540,1538,1527,1544,1534,1533,1529,1521,1513,1505,1489,1478,1460,1434,1427,1413,1419,1388,1382,1353,1324,1312,1293,1275,1255,1257,1245
1257,1274,1226,1238,1231,1214,1243,1241,1228,1226,1247,1228,1208,1226,1238,1211,1251,1205,1234,1238,1236,1238,1268,1231,1205,1238,1228,1231,1238,1253,1289,1318,1333,1373,1423,1443,1488,1526,1564,1587,1618,1645,1676,1701,1722,1738,1745,1763,1775,1780,1774,1771,1766,1765,1749,1737,1725,1714,1704,1704,1689,1667,1627,1569,1535,1523,1527,1539,1562,1566,1548,1528,1506,1478,1455,1438,1427,1399,1391,1386,1372,1370,1387,1398,1404,1414,1428,1436,1437,1441,1443,1441,1450,1451,1458,1477,1473,1456,1447,1450,1440,1446,1449,1445,1450,1460,1461,1450,1472,1534,1520,1468,1454,1465,1445,1449,1446,1439,1427,1431,1443,1438,1452,1436,1430,1415,1408,1380,1377,1375,1367,1361,1346,1358,1378,1375,1377,1393,1364,1341,1317,1314,1289,1305,1302,1293,1292,1284,1272,1257,1272,1259,1211,1185,1243,1275,1243,1253,1241,1255,1268,1293,1325,1347,1387,1419,1444,1482,1503,1513,1525,1540,1543,1548,1552,1556,1555,1554,1550,1544,1548,1552,1547,1555,1556,1556,1551,1551,1553,1541,1543,1542,1533,1539,1529,1538,1532,1529,1512,1506,1483,1470,1451,1440,1434,1419,1402,1393,1388,1346,1324,1300,1292,1259,1274,1277,1293,1285
1267,1223,1267,1208,1195,1247,1223,1241,1236,1243,1214,1198,1236,1202,1217,1238,1241,1234,1238,1202,1236,1253,1234,1236,1220,1245,1195,1251,1238,1274,1243,1282,1305,1333,1390,1417,1461,1489,1527,1558,1588,1615,1650,1678,1702,1722,1733,1748,1766,1779,1782,1779,1769,1769,1759,1750,1734,1721,1713,1709,1688,1650,1614,1570,1546,1537,1552,1581,1603,1587,1582,1566,1544,1523,1503,1492,1455,1439,1428,1416,1395,1397,1395,1404,1411,1423,1425,1424,1430,1430,1425,1429,1439,1439,1439,1449,1460,1454,1445,1454,1449,1455,1451,1442,1443,1445,1433,1438,1460,1480,1480,1465,1452,1453,1440,1452,1449,1448,1445,1440,1444,1454,1434,1421,1406,1395,1370,1372,1356,1362,1386,1382,1361,1362,1362,1363,1362,1370,1347,1325,1318,1293,1322,1313,1295,1317,1309,1265,1238,1231,1245,1243,1238,1247,1247,1236,1238,1261,1300,1307,1323,1341,1380,1405,1427,1456,1495,1514,1527,1533,1550,1553,1559,1551,1553,1563,1565,1553,1546,1553,1546,1555,1552,1553,1560,1560,1548,1553,1547,1541,1542,1541,1540,1542,1532,1528,1526,1514,1506,1493,1467,1455,1440,1426,1412,1403,1384,1351,1337,1333,1281,1287,1287,1281,1267,1290,1274,1268
1277,1253,1270,1270,1257,1243,1231,1228,1243,1263,1234,1177,1236,1253,1195,1238,1249,1253,1245,1241,1238,1251,1263,1228,1255,1249,1243,1247,1261,1259,1251,1290,1290,1309,1337,1390,1429,1466,1505,1530,1555,1581,1609,1644,1674,1700,1724,1742,1750,1765,1780,1777,1773,1766,1768,1764,1746,1732,1715,1703,1674,1643,1616,1593,1590,1593,1613,1620,1628,1616,1613,1590,1575,1556,1534,1526,1508,1493,1462,1439,1431,1423,1430,1432,1428,1421,1428,1434,1438,1378,1362,1394,1412,1415,1428,1444,1456,1452,1447,1451,1438,1442,1452,1433,1426,1427,1424,1438,1449,1446,1447,1451,1450,1461,1443,1449,1441,1450,1442,1432,1448,1440,1438,1427,1408,1368,1364,1361,1375,1380,1364,1362,1352,1355,1356,1351,1343,1318,1324,1326,1320,1287,1290,1327,1300,1312,1319,1282,1253,1263,1279,1253,1274,1272,1293,1251,1284,1304,1341,1362,1386,1406,1433,1445,1478,1509,1525,1534,1552,1555,1559,1564,1556,1554,1563,1568,1562,1556,1553,1556,1553,1540,1561,1560,1549,1543,1551,1555,1550,1544,1541,1540,1539,1530,1531,1533,1527,1514,1495,1470,1454,1441,1420,1423,1411,1389,1362,1361,1332,1298,1279,1304,1281,1281,1270,1282,1290,1255
1268,1259,1257,1217,1214,1214,1236,1214,1177,1234,1257,1217,1223,1234,1241,1243,1251,1257,1243,1245,1231,1211,1245,1226,1243,1281,1231,1261,1261,1255,1238,1261,1231,1293,1319,1331,1391,1421,1463,1490,1532,1554,1585,1618,1645,1679,1706,1722,1737,1752,1775,1784,1778,1770,1769,1769,1759,1742,1724,1698,1669,1650,1636,1628,1636,1644,1646,1639,1635,1630,1617,1608,1597,1583,1564,1546,1539,1516,1498,1478,1469,1456,1463,1457,1430,1431,1436,1437,1421,1343,1334,1374,1392,1392,1429,1457,1445,1441,1442,1452,1448,1458,1460,1431,1429,1423,1439,1441,1462,1454,1470,1471,1461,1457,1462,1446,1446,1448,1437,1412,1421,1423,1427,1413,1402,1372,1380,1381,1368,1380,1375,1330,1343,1344,1298,1304,1337,1312,1314,1309,1304,1305,1301,1298,1282,1287,1302,1277,1277,1275,1293,1285,1298,1289,1307,1320,1340,1357,1382,1413,1427,1446,1474,1504,1521,1534,1540,1555,1563,1570,1571,1567,1556,1557,1560,1561,1548,1552,1561,1539,1550,1548,1552,1549,1556,1548,1552,1560,1546,1544,1544,1540,1540,1526,1531,1525,1506,1486,1476,1456,1440,1427,1411,1399,1378,1374,1352,1323,1308,1293,1275,1274,1267,1301,1277,1327,1287,1272
1277,1272,1259,1259,1249,1253,1255,1241,1247,1236,1231,1253,1238,1253,1228,1238,1208,1231,1214,1257,1234,1253,1265,1255,1245,1265,1234,1257,1231,1238,1253,1253,1274,1274,1270,1307,1332,1381,1431,1454,1502,1530,1558,1574,1615,1642,1670,1697,1720,1740,1755,1774,1786,1775,1773,1768,1769,1753,1731,1700,1679,1653,1655,1661,1667,1670,1668,1657,1643,1639,1628,1633,1617,1606,1595,1575,1565,1544,1538,1519,1509,1496,1495,1477,1462,1441,1465,1460,1439,1411,1397,1415,1408,1416,1432,1451,1441,1445,1445,1451,1438,1453,1449,1450,1432,1423,1428,1459,1472,1458,1463,1459,1451,1459,1459,1451,1442,1434,1422,1412,1404,1413,1424,1412,1421,1397,1397,1390,1385,1386,1352,1341,1358,1337,1287,1313,1346,1333,1300,1289,1298,1307,1320,1257,1289,1282,1284,1282,1279,1284,1312,1309,1342,1331,1343,1378,1393,1420,1433,1443,1471,1489,1505,1535,1545,1552,1555,1565,1577,1572,1569,1554,1561,1566,1557,1555,1550,1555,1558,1556,1547,1553,1554,1555,1552,1554,1557,1556,1537,1550,1542,1549,1536,1534,1526,1512,1491,1477,1465,1441,1419,1417,1396,1371,1354,1347,1308,1282,1310,1313,1293,1292,1272,1281,1314,1295,1297,1282
1305,1277,1270,1255,1251,1255,1255,1245,1226,1257,1234,1223,1223,1249,1243,1247,1234,1217,1226,1226,1220,1217,1267,1236,1277,1234,1241,1268,1245,1251,1220,1234,1267,1253,1289,1293,1309,1324,1387,1426,1465,1494,1524,1548,1581,1622,1642,1667,1699,1722,1733,1757,1775,1786,1779,1774,1770,1762,1729,1702,1680,1673,1669,1693,1698,1689,1678,1668,1658,1645,1639,1635,1633,1618,1613,1596,1580,1556,1555,1540,1533,1529,1514,1502,1502,1490,1483,1477,1461,1436,1437,1429,1438,1440,1430,1452,1457,1435,1450,1452,1454,1458,1458,1460,1443,1428,1440,1472,1454,1450,1456,1446,1443,1440,1441,1440,1432,1428,1412,1399,1419,1389,1401,1417,1414,1415,1400,1396,1386,1362,1365,1363,1348,1354,1327,1348,1363,1322,1312,1320,1310,1324,1340,1305,1292,1293,1308,1308,1300,1297,1335,1360,1372,1385,1413,1422,1443,1458,1463,1493,1510,1530,1539,1568,1557,1565,1584,1583,1574,1570,1568,1561,1561,1561,1547,1553,1561,1562,1555,1560,1551,1549,1553,1560,1553,1551,1551,1540,1549,1551,1538,1539,1530,1517,1504,1481,1478,1468,1444,1415,1411,1393,1373,1363,1340,1318,1304,1297,1297,1268,1293,1285,1289,1302,1292,1300,1305,1301
1289,1302,1292,1285,1255,1247,1231,1261,1251,1238,1241,1231,1214,1238,1261,1234,1253,1247,1243,1255,1255,1243,1270,1272,1257,1231,1238,1217,1267,1253,1223,1247,1259,1241,1265,1265,1290,1320,1346,1381,1420,1455,1484,1529,1557,1582,1610,1633,1668,1694,1720,1735,1756,1775,1786,1788,1769,1753,1714,1699,1695,1686,1702,1715,1709,1701,1701,1686,1678,1665,1663,1645,1632,1632,1621,1610,1597,1587,1581,1571,1549,1536,1540,1527,1517,1523,1509,1507,1492,1475,1456,1459,1440,1444,1450,1447,1462,1456,1450,1448,1451,1443,1449,1449,1440,1446,1445,1464,1460,1454,1452,1452,1441,1434,1429,1434,1430,1436,1412,1395,1395,1403,1396,1409,1409,1410,1413,1405,1392,1380,1380,1354,1352,1341,1345,1330,1330,1329,1333,1344,1348,1340,1336,1332,1336,1309,1318,1340,1333,1354,1365,1389,1413,1430,1451,1458,1486,1485,1502,1517,1528,1542,1566,1571,1580,1591,1588,1587,1577,1567,1560,1554,1554,1553,1552,1557,1560,1562,1562,1555,1557,1565,1563,1557,1556,1545,1538,1551,1541,1541,1542,1528,1523,1500,1483,1472,1451,1439,1414,1409,1399,1374,1351,1338,1305,1290,1300,1277,1272,1270,1270,1301,1292,1287,1287,1301,1300,1298
1324,1310,1309,1301,1284,1279,1267,1270,1238,1223,1202,1243,1214,1243,1214,1241,1255,1245,1257,1245,1226,1267,1253,1259,1234,1245,1261,1228,1263,1253,1231,1245,1263,1259,1263,1265,1268,1285,1300,1342,1384,1409,1454,1496,1523,1547,1582,1604,1629,1652,1690,1715,1729,1759,1776,1784,1770,1740,1697,1692,1701,1706,1726,1724,1729,1723,1721,1710,1702,1689,1670,1663,1654,1652,1627,1622,1616,1607,1590,1587,1579,1571,1552,1555,1551,1539,1534,1525,1513,1508,1487,1485,1472,1473,1470,1467,1482,1466,1456,1453,1455,1454,1442,1439,1451,1441,1431,1440,1458,1460,1454,1436,1419,1427,1427,1424,1432,1415,1419,1400,1397,1415,1414,1396,1412,1415,1407,1400,1401,1382,1371,1342,1331,1319,1337,1345,1344,1337,1347,1334,1364,1355,1352,1364,1362,1362,1365,1372,1372,1403,1418,1442,1451,1466,1493,1492,1511,1530,1536,1543,1556,1568,1585,1594,1584,1586,1594,1583,1573,1561,1565,1558,1554,1540,1551,1557,1560,1562,1562,1559,1567,1556,1558,1552,1544,1554,1549,1551,1541,1538,1534,1516,1506,1480,1465,1449,1438,1415,1406,1403,1378,1357,1333,1318,1289,1268,1285,1284,1279,1282,1298,1290,1301,1289,1287,1318,1295,1305
1323,1309,1307,1302,1289,1272,1274,1236,1272,1245,1231,1253,1234,1238,1228,1217,1226,1249,1249,1238,1253,1245,1270,1231,1268,1251,1243,1257,1228,1231,1263,1251,1259,1241,1238,1261,1272,1275,1292,1316,1353,1377,1409,1443,1479,1515,1561,1580,1595,1630,1650,1682,1705,1728,1753,1763,1749,1724,1695,1692,1711,1729,1754,1755,1740,1733,1732,1729,1723,1715,1700,1687,1678,1670,1646,1639,1628,1616,1604,1601,1591,1585,1586,1570,1569,1555,1543,1530,1516,1506,1512,1501,1509,1507,1495,1491,1489,1472,1468,1466,1464,1473,1451,1458,1456,1459,1450,1449,1436,1437,1435,1423,1430,1432,1445,1439,1418,1424,1405,1399,1405,1401,1398,1391,1393,1399,1400,1409,1407,1388,1385,1352,1361,1373,1354,1346,1348,1354,1354,1354,1368,1363,1387,1389,1384,1403,1404,1421,1431,1436,1456,1475,1483,1493,1515,1525,1536,1538,1553,1568,1578,1579,1593,1592,1581,1594,1590,1588,1574,1568,1571,1552,1542,1534,1548,1559,1565,1570,1560,1561,1550,1561,1548,1547,1548,1554,1556,1550,1542,1535,1518,1500,1486,1470,1445,1438,1423,1397,1392,1364,1350,1352,1312,1308,1292,1274,1279,1275,1285,1287,1279,1302,1313,1277,1310,1307,1293,1259
1313,1317,1292,1300,1304,1282,1281,1274,1261,1249,1243,1226,1228,1236,1236,1226,1223,1228,1245,1236,1217,1259,1259,1255,1255,1251,1245,1241,1236,1259,1214,1251,1231,1267,1270,1236,1259,1245,1265,1292,1308,1333,1361,1420,1443,1480,1514,1540,1570,1596,1624,1654,1679,1699,1717,1723,1722,1713,1705,1718,1723,1760,1780,1770,1761,1753,1749,1749,1744,1735,1721,1712,1697,1684,1669,1657,1644,1637,1621,1611,1604,1593,1591,1580,1566,1557,1552,1540,1520,1515,1517,1520,1515,1514,1524,1511,1507,1493,1492,1480,1487,1486,1492,1481,1474,1458,1472,1463,1448,1425,1430,1428,1438,1434,1442,1429,1412,1420,1413,1420,1406,1398,1396,1409,1396,1393,1401,1399,1398,1380,1386,1385,1388,1388,1374,1365,1366,1396,1400,1394,1405,1408,1413,1423,1433,1443,1452,1451,1473,1475,1499,1509,1514,1528,1546,1541,1549,1564,1570,1586,1584,1591,1593,1599,1599,1596,1588,1580,1574,1566,1562,1541,1541,1551,1556,1562,1561,1566,1565,1563,1558,1551,1550,1559,1550,1553,1543,1537,1527,1513,1495,1482,1470,1449,1421,1421,1405,1372,1377,1350,1330,1298,1305,1282,1277,1274,1257,1274,1292,1284,1301,1300,1275,1282,1302,1275,1301,1289
1305,1308,1310,1302,1287,1308,1301,1298,1282,1277,1257,1257,1223,1249,1231,1188,1231,1211,1236,1236,1238,1249,1205,1245,1223,1247,1259,1236,1241,1257,1223,1205,1220,1253,1231,1231,1223,1220,1277,1275,1289,1305,1333,1364,1415,1430,1471,1509,1529,1561,1594,1614,1639,1664,1682,1690,1695,1704,1721,1728,1754,1780,1796,1786,1777,1765,1765,1757,1758,1751,1747,1732,1723,1710,1696,1676,1669,1645,1639,1627,1612,1605,1593,1580,1574,1564,1553,1549,1540,1543,1539,1530,1518,1527,1515,1508,1506,1489,1485,1505,1490,1483,1490,1504,1488,1475,1478,1473,1458,1447,1441,1441,1444,1450,1437,1417,1423,1423,1402,1401,1411,1405,1420,1415,1405,1429,1430,1428,1410,1402,1407,1416,1407,1397,1414,1406,1400,1421,1423,1436,1431,1439,1460,1457,1479,1488,1491,1498,1508,1516,1523,1538,1547,1535,1555,1569,1561,1573,1581,1592,1589,1604,1604,1596,1597,1588,1581,1571,1573,1566,1553,1541,1533,1557,1568,1566,1561,1573,1556,1560,1557,1561,1563,1555,1545,1543,1532,1525,1522,1503,1482,1463,1452,1427,1406,1399,1393,1366,1341,1323,1279,1263,1295,1267,1277,1270,1259,1304,1295,1295,1305,1285,1295,1293,1298,1290,1285,1275
1318,1324,1314,1308,1301,1282,1312,1300,1281,1285,1255,1238,1272,1247,1228,1231,1263,1234,1226,1238,1241,1231,1220,1251,1270,1263,1241,1268,1259,1243,1255,1241,1211,1249,1253,1247,1253,1236,1265,1274,1267,1297,1301,1326,1356,1391,1432,1465,1511,1528,1556,1587,1607,1624,1651,1662,1673,1689,1709,1742,1763,1786,1792,1798,1786,1779,1778,1777,1765,1758,1752,1746,1732,1730,1720,1705,1693,1677,1661,1649,1636,1619,1616,1599,1591,1582,1570,1562,1558,1561,1551,1551,1540,1531,1520,1510,1504,1486,1491,1499,1490,1477,1510,1510,1514,1493,1491,1493,1487,1466,1475,1472,1461,1452,1447,1434,1431,1432,1423,1422,1419,1421,1425,1439,1440,1432,1449,1456,1439,1434,1417,1434,1434,1445,1435,1441,1458,1462,1458,1462,1465,1481,1480,1512,1512,1517,1524,1529,1531,1537,1543,1555,1565,1574,1575,1578,1583,1585,1583,1597,1596,1606,1603,1605,1597,1593,1583,1575,1570,1561,1538,1543,1553,1569,1572,1564,1562,1572,1556,1567,1562,1567,1553,1550,1541,1532,1526,1506,1493,1473,1467,1449,1425,1399,1389,1378,1360,1332,1334,1298,1298,1287,1297,1238,1247,1290,1281,1287,1297,1327,1290,1272,1305,1320,1290,1300,1287,1277
1326,1308,1333,1297,1309,1305,1302,1295,1304,1285,1292,1249,1234,1257,1234,1257,1238,1249,1241,1202,1249,1249,1251,1217,1257,1261,1249,1253,1245,1267,1241,1285,1208,1247,1220,1251,1249,1234,1241,1226,1259,1279,1282,1297,1318,1348,1395,1422,1456,1488,1515,1544,1573,1596,1612,1629,1650,1667,1695,1729,1753,1770,1784,1789,1794,1792,1783,1784,1784,1773,1775,1762,1752,1740,1732,1722,1717,1703,1694,1683,1669,1652,1640,1627,1616,1607,1593,1584,1577,1577,1568,1555,1547,1537,1531,1523,1495,1503,1507,1514,1509,1504,1520,1519,1520,1507,1506,1489,1497,1493,1485,1476,1475,1472,1470,1464,1454,1435,1437,1434,1454,1436,1443,1460,1453,1458,1455,1471,1468,1456,1449,1463,1449,1469,1459,1471,1488,1483,1484,1495,1500,1509,1513,1527,1526,1540,1543,1551,1557,1565,1567,1573,1573,1584,1581,1585,1584,1586,1596,1603,1616,1606,1604,1603,1593,1585,1574,1572,1562,1543,1543,1563,1570,1573,1571,1571,1567,1566,1565,1569,1553,1548,1546,1527,1525,1518,1509,1489,1468,1453,1444,1412,1405,1398,1388,1358,1337,1332,1298,1289,1279,1238,1261,1274,1255,1282,1297,1310,1323,1305,1298,1290,1305,1312,1293,1290,1302,1289
1319,1302,1310,1314,1319,1320,1320,1314,1284,1301,1268,1295,1275,1281,1251,1281,1236,1234,1238,1226,1214,1249,1249,1231,1241,1272,1259,1275,1228,1259,1236,1245,1263,1243,1253,1259,1231,1243,1241,1251,1234,1268,1285,1263,1297,1320,1350,1383,1411,1438,1476,1503,1529,1555,1574,1589,1614,1639,1668,1699,1722,1742,1757,1770,1775,1787,1793,1793,1788,1793,1786,1778,1771,1756,1748,1743,1730,1729,1719,1706,1700,1685,1669,1660,1648,1628,1616,1611,1602,1603,1587,1575,1563,1555,1542,1528,1513,1504,1519,1525,1541,1531,1540,1537,1529,1514,1521,1507,1503,1501,1497,1490,1481,1480,1478,1476,1473,1473,1451,1453,1466,1460,1460,1478,1465,1476,1476,1481,1487,1490,1474,1481,1486,1491,1488,1498,1510,1518,1512,1517,1533,1524,1541,1541,1551,1561,1568,1570,1575,1582,1584,1584,1587,1587,1589,1586,1588,1586,1603,1610,1611,1602,1610,1597,1591,1574,1577,1554,1549,1549,1564,1573,1573,1575,1562,1565,1567,1560,1562,1552,1546,1546,1533,1516,1502,1495,1487,1465,1451,1445,1412,1419,1393,1374,1346,1336,1312,1285,1277,1270,1268,1247,1259,1274,1255,1287,1302,1326,1301,1313,1297,1302,1323,1313,1295,1281,1305,1275
1312,1284,1322,1301,1295,1312,1327,1316,1304,1308,1301,1290,1295,1272,1251,1263,1268,1245,1241,1228,1253,1208,1217,1231,1251,1241,1236,1253,1255,1245,1277,1249,1214,1245,1238,1231,1223,1234,1257,1211,1217,1231,1272,1270,1275,1309,1316,1335,1376,1390,1425,1444,1495,1511,1541,1568,1583,1613,1626,1659,1681,1704,1724,1746,1760,1773,1784,1791,1792,1791,1792,1796,1793,1783,1770,1760,1749,1745,1743,1738,1729,1721,1704,1690,1671,1658,1646,1635,1630,1627,1617,1606,1590,1580,1573,1543,1519,1523,1529,1553,1554,1549,1553,1541,1540,1539,1536,1516,1520,1502,1513,1495,1502,1494,1504,1499,1483,1483,1477,1481,1486,1482,1478,1489,1490,1499,1503,1504,1501,1501,1511,1509,1513,1513,1523,1523,1520,1524,1533,1542,1555,1556,1554,1562,1568,1580,1582,1592,1599,1593,1594,1591,1591,1592,1594,1598,1606,1606,1608,1607,1603,1607,1601,1594,1585,1582,1570,1565,1558,1573,1576,1582,1574,1567,1567,1572,1569,1552,1550,1549,1540,1534,1511,1509,1496,1473,1461,1449,1427,1413,1385,1375,1360,1336,1329,1317,1285,1277,1265,1263,1251,1226,1263,1274,1265,1319,1304,1309,1308,1282,1305,1305,1282,1326,1312,1289,1281,1302
1292,1295,1327,1298,1320,1307,1307,1322,1301,1293,1319,1298,1298,1282,1267,1268,1257,1247,1228,1247,1236,1214,1231,1208,1217,1245,1211,1231,1243,1243,1251,1255,1236,1220,1243,1251,1220,1251,1267,1245,1251,1253,1272,1228,1277,1314,1289,1307,1337,1363,1366,1405,1440,1469,1501,1519,1543,1573,1597,1616,1647,1665,1692,1709,1730,1753,1761,1776,1783,1790,1788,1793,1797,1797,1786,1778,1773,1765,1757,1754,1745,1742,1731,1711,1693,1688,1678,1672,1663,1660,1645,1643,1624,1614,1600,1573,1553,1560,1566,1571,1570,1573,1566,1564,1552,1548,1542,1531,1532,1521,1517,1515,1502,1516,1514,1522,1515,1519,1504,1500,1508,1514,1512,1507,1507,1514,1519,1519,1525,1530,1528,1530,1535,1541,1540,1542,1550,1553,1562,1561,1566,1574,1576,1575,1582,1593,1597,1595,1604,1598,1596,1590,1601,1605,1610,1610,1609,1605,1595,1601,1603,1610,1596,1587,1592,1577,1571,1560,1571,1574,1576,1574,1578,1571,1570,1570,1555,1556,1540,1519,1524,1509,1500,1488,1466,1452,1445,1432,1410,1390,1383,1356,1323,1334,1292,1270,1285,1275,1241,1268,1249,1257,1261,1243,1309,1295,1338,1324,1302,1305,1298,1295,1312,1318,1312,1284,1284,1298
1302,1279,1307,1284,1309,1326,1293,1319,1301,1313,1316,1308,1312,1293,1301,1261,1268,1257,1243,1236,1226,1234,1236,1236,1236,1251,1214,1223,1249,1261,1195,1236,1247,1249,1245,1231,1249,1220,1257,1208,1249,1268,1257,1274,1238,1274,1277,1300,1285,1325,1341,1358,1395,1429,1460,1484,1507,1529,1552,1579,1598,1628,1646,1670,1695,1718,1729,1749,1759,1768,1774,1785,1789,1793,1798,1793,1797,1786,1775,1774,1769,1757,1750,1740,1717,1707,1704,1698,1696,1698,1684,1676,1659,1652,1636,1618,1601,1596,1597,1599,1600,1596,1583,1578,1571,1561,1561,1553,1549,1552,1540,1537,1531,1536,1531,1530,1532,1534,1530,1535,1532,1532,1529,1527,1536,1539,1538,1541,1545,1554,1550,1557,1557,1562,1564,1560,1576,1564,1573,1573,1585,1580,1598,1595,1609,1603,1608,1610,1601,1604,1603,1613,1609,1621,1620,1617,1603,1597,1600,1595,1605,1602,1593,1597,1590,1578,1568,1576,1576,1584,1580,1576,1573,1569,1557,1559,1547,1539,1528,1522,1501,1497,1471,1472,1451,1447,1428,1401,1394,1374,1364,1329,1322,1304,1284,1289,1263,1263,1238,1231,1277,1268,1263,1292,1301,1327,1346,1325,1282,1277,1302,1310,1323,1293,1268,1293,1290,1317
1290,1290,1293,1300,1304,1298,1313,1316,1330,1320,1314,1316,1305,1308,1289,1293,1282,1263,1267,1272,1241,1226,1241,1241,1226,1192,1249,1238,1236,1202,1257,1241,1257,1251,1257,1257,1267,1198,1247,1231,1249,1247,1247,1265,1272,1257,1282,1245,1309,1309,1325,1325,1341,1384,1408,1437,1462,1496,1514,1538,1559,1581,1601,1629,1650,1672,1692,1709,1732,1742,1749,1765,1772,1778,1784,1780,1791,1792,1793,1786,1785,1776,1760,1749,1738,1729,1726,1732,1732,1721,1719,1713,1700,1685,1671,1658,1650,1644,1638,1635,1624,1621,1618,1609,1602,1592,1594,1579,1575,1567,1567,1561,1559,1555,1552,1553,1549,1541,1551,1551,1560,1556,1559,1559,1562,1565,1576,1577,1579,1581,1576,1579,1583,1588,1591,1591,1587,1588,1585,1593,1595,1600,1599,1609,1616,1615,1615,1611,1621,1613,1618,1627,1623,1621,1622,1611,1601,1597,1593,1607,1601,1598,1595,1592,1581,1580,1575,1575,1575,1582,1573,1573,1564,1562,1552,1547,1528,1524,1510,1503,1488,1466,1455,1441,1432,1414,1390,1373,1373,1341,1314,1329,1290,1253,1267,1300,1231,1243,1285,1251,1257,1257,1261,1284,1316,1312,1329,1287,1285,1293,1320,1310,1327,1298,1297,1292,1307,1298
1281,1265,1282,1287,1305,1290,1297,1319,1319,1313,1322,1319,1297,1304,1295,1293,1290,1277,1274,1295,1243,1263,1220,1247,1255,1243,1247,1236,1251,1198,1226,1241,1208,1220,1243,1234,1245,1257,1245,1255,1245,1247,1259,1241,1274,1241,1263,1275,1255,1297,1290,1297,1322,1330,1366,1393,1413,1444,1471,1487,1513,1540,1552,1575,1601,1622,1650,1668,1687,1707,1721,1734,1749,1762,1768,1773,1776,1785,1786,1785,1782,1779,1763,1748,1746,1745,1746,1749,1753,1748,1745,1734,1733,1718,1708,1694,1690,1675,1678,1666,1662,1655,1651,1638,1632,1628,1614,1621,1609,1602,1595,1597,1588,1582,1583,1583,1572,1574,1580,1584,1576,1592,1587,1590,1600,1599,1608,1600,1606,1604,1603,1609,1603,1615,1605,1603,1605,1601,1603,1607,1611,1615,1618,1619,1617,1623,1622,1617,1619,1623,1623,1628,1615,1621,1604,1597,1597,1600,1603,1599,1595,1590,1588,1590,1576,1580,1584,1580,1575,1576,1570,1554,1557,1538,1531,1530,1514,1499,1488,1475,1461,1476,1450,1430,1413,1378,1375,1358,1347,1325,1312,1274,1277,1270,1261,1257,1292,1274,1267,1270,1236,1284,1277,1317,1344,1364,1327,1302,1305,1287,1316,1325,1308,1322,1310,1308,1323,1334
1263,1253,1282,1289,1304,1285,1323,1302,1322,1319,1307,1324,1320,1322,1293,1307,1302,1289,1267,1247,1281,1279,1253,1245,1208,1226,1231,1257,1220,1161,1208,1259,1236,1259,1223,1231,1220,1217,1247,1247,1245,1253,1245,1236,1226,1251,1261,1261,1249,1274,1274,1277,1295,1297,1338,1344,1367,1396,1421,1440,1475,1493,1515,1530,1553,1575,1598,1618,1645,1657,1681,1695,1718,1729,1742,1750,1758,1769,1770,1772,1775,1773,1755,1745,1741,1741,1746,1749,1758,1760,1748,1750,1739,1736,1721,1715,1712,1707,1705,1703,1695,1689,1681,1682,1667,1661,1657,1651,1634,1635,1635,1630,1628,1628,1622,1618,1621,1604,1615,1610,1614,1616,1620,1621,1619,1618,1631,1635,1630,1627,1622,1623,1627,1627,1612,1617,1615,1622,1619,1620,1618,1633,1627,1632,1628,1635,1628,1633,1629,1628,1631,1624,1618,1608,1602,1592,1602,1596,1602,1596,1593,1593,1581,1578,1584,1588,1574,1572,1573,1565,1557,1545,1537,1530,1515,1499,1491,1478,1465,1467,1443,1433,1415,1402,1396,1364,1361,1331,1302,1305,1284,1284,1274,1281,1263,1253,1251,1263,1257,1279,1265,1247,1267,1347,1358,1350,1275,1282,1290,1335,1333,1318,1312,1312,1325,1305,1309,1322
1267,1267,1287,1263,1282,1284,1295,1318,1300,1318,1304,1316,1314,1324,1323,1313,1292,1310,1267,1292,1263,1265,1272,1265,1245,1253,1214,1234,1231,1249,1228,1220,1249,1236,1236,1231,1259,1217,1243,1255,1249,1231,1243,1231,1245,1253,1220,1259,1253,1265,1275,1274,1279,1277,1312,1300,1340,1368,1375,1405,1416,1441,1472,1487,1510,1528,1548,1574,1595,1613,1633,1646,1663,1685,1702,1720,1730,1749,1748,1751,1757,1757,1741,1735,1734,1735,1739,1750,1756,1758,1754,1749,1749,1732,1728,1722,1721,1718,1722,1723,1721,1712,1710,1702,1701,1694,1685,1677,1673,1667,1665,1657,1657,1652,1647,1647,1642,1644,1638,1641,1640,1641,1641,1641,1644,1649,1647,1649,1650,1639,1635,1632,1637,1625,1632,1629,1625,1626,1633,1633,1634,1637,1637,1639,1631,1636,1633,1635,1629,1629,1623,1616,1605,1597,1601,1602,1599,1594,1601,1599,1593,1587,1586,1575,1579,1575,1566,1563,1554,1549,1533,1532,1518,1513,1497,1481,1470,1461,1458,1454,1427,1404,1378,1389,1357,1348,1313,1305,1295,1282,1282,1272,1279,1241,1249,1263,1257,1247,1277,1282,1259,1265,1314,1372,1366,1310,1275,1282,1310,1341,1326,1318,1332,1314,1325,1332,1354,1344
1261,1259,1274,1267,1272,1272,1310,1301,1302,1316,1300,1312,1316,1335,1317,1329,1312,1307,1292,1302,1263,1284,1279,1263,1249,1251,1245,1226,1257,1223,1220,1234,1214,1202,1228,1226,1231,1257,1214,1245,1261,1236,1223,1247,1249,1228,1231,1238,1247,1243,1274,1255,1284,1270,1267,1302,1313,1330,1355,1362,1382,1399,1417,1442,1463,1493,1505,1528,1542,1567,1591,1598,1622,1639,1657,1671,1690,1701,1718,1725,1729,1730,1723,1717,1710,1723,1724,1746,1753,1750,1755,1748,1742,1728,1722,1720,1723,1715,1720,1723,1723,1716,1714,1710,1709,1697,1699,1695,1692,1679,1681,1669,1666,1661,1661,1654,1659,1655,1655,1657,1657,1660,1657,1651,1658,1653,1651,1654,1644,1637,1640,1639,1640,1640,1638,1632,1639,1635,1641,1638,1645,1639,1635,1635,1628,1631,1630,1629,1629,1621,1615,1612,1606,1598,1600,1590,1594,1593,1592,1582,1582,1577,1573,1564,1569,1561,1557,1546,1533,1524,1517,1498,1486,1480,1474,1451,1460,1457,1438,1416,1383,1367,1350,1336,1327,1309,1297,1259,1298,1272,1284,1285,1267,1275,1259,1287,1265,1287,1290,1245,1270,1281,1351,1367,1327,1265,1259,1301,1333,1348,1345,1316,1336,1330,1350,1354,1370,1385
1263,1251,1270,1272,1275,1270,1274,1292,1300,1298,1304,1317,1313,1322,1330,1334,1320,1322,1319,1293,1287,1284,1275,1281,1259,1275,1274,1223,1247,1251,1231,1231,1234,1223,1243,1214,1238,1257,1253,1238,1226,1251,1238,1245,1247,1234,1247,1245,1243,1241,1272,1249,1259,1265,1268,1281,1277,1300,1308,1322,1335,1357,1380,1405,1419,1447,1462,1484,1498,1534,1543,1559,1575,1592,1607,1624,1643,1660,1672,1685,1693,1689,1698,1694,1702,1703,1723,1733,1741,1739,1748,1749,1735,1722,1718,1715,1717,1717,1717,1714,1721,1709,1712,1705,1701,1704,1705,1694,1695,1690,1684,1673,1668,1659,1659,1661,1662,1659,1655,1664,1660,1659,1651,1658,1650,1650,1646,1651,1648,1645,1646,1643,1645,1636,1641,1635,1636,1645,1646,1636,1638,1638,1630,1621,1622,1622,1617,1619,1620,1615,1609,1608,1602,1594,1596,1591,1589,1577,1578,1565,1573,1562,1556,1552,1549,1547,1529,1523,1512,1488,1495,1472,1468,1462,1465,1450,1438,1425,1412,1383,1351,1326,1302,1314,1290,1287,1293,1281,1302,1297,1263,1270,1277,1274,1274,1275,1251,1274,1255,1263,1310,1346,1380,1337,1289,1290,1305,1323,1360,1358,1353,1329,1341,1345,1370,1354,1392,1403
